代码	名称	涨幅%%	涨速%%	细分行业	买量	最低	未匹配量	卖价	总量	现量	换手%%	振幅%%	最高	现价	每股收益	市盈(动)	总金额	量比	流通市值	地区	今开	均价	内盘	外盘	内外比	买价	卖量	强弱度%%	
000555	神州信息	1.23	-0.07	软件服务	18	12.20	--  	13.13	327758	3022	          3.51	7.63	13.19	13.13	0.044㈣	   300.50	417558368	  1.30	        122.75亿	深圳	12.62	12.74	167925	159833	  1.05	13.12	403	 -2.54	
000662	天夏智慧	1.56	-0.27	软件服务	1579	6.79	--  	7.15	122760	1898	          3.28	5.55	7.18	7.14	0.124㈢	    43.16	86320656	  0.99	         26.72亿	广西	7.02	7.03	56552	66208	  0.85	7.14	646	 -2.21	
000711	京蓝科技	4.16	0.28	软件服务	2395	6.86	--  	7.26	218094	3163	          5.37	5.74	7.26	7.26	0.170㈢	    36.51	154749360	  1.20	         29.50亿	黑龙江	6.95	7.10	100724	117370	  0.86	7.25	330	  0.39	
000851	高鸿股份	2.07	0.15	软件服务	1078	6.45	--  	6.90	382709	5686	          4.47	7.84	6.98	6.90	0.039㈢	   131.45	258309440	  0.84	         59.12亿	贵州	6.77	6.75	185470	197238	  0.94	6.89	3051	 -1.70	
000938	紫光股份	4.94	-0.10	软件服务	267	41.11	--  	43.59	134352	866	          4.66	6.67	43.88	43.59	0.796㈢	    41.05	576138304	  1.51	        125.76亿	北京	41.54	42.88	52351	82000	  0.64	43.58	15	  1.16	
000948	南天信息	1.04	0.00	软件服务	159	15.59	--  	16.52	99481	712	          4.04	6.12	16.59	16.52	0.303㈣	    54.49	160652560	  1.02	         40.72亿	云南	16.41	16.15	51961	47520	  1.09	16.51	376	 -2.73	
000997	新 大 陆	3.39	0.00	软件服务	161	16.98	--  	17.71	123762	2030	          1.23	4.50	17.75	17.70	0.470㈢	    28.92	216075216	  1.00	        177.79亿	福建	17.15	17.46	49114	74647	  0.66	17.70	523	 -0.39	
002063	远光软件	3.05	0.38	软件服务	497	9.75	--  	10.46	354395	3443	          4.65	7.39	10.50	10.46	0.154㈢	    50.92	359369984	  0.98	         79.65亿	广东	10.10	10.14	162026	192368	  0.84	10.45	263	 -0.72	
002065	东华软件	3.87	0.11	软件服务	804	8.42	--  	8.85	391242	4631	          1.39	5.16	8.86	8.85	0.210㈢	    31.60	340092672	  0.88	        248.48亿	北京	8.56	8.69	185423	205819	  0.90	8.84	6335	  0.10	
002073	软控股份	2.83	0.32	软件服务	2119	5.93	--  	6.18	300372	3518	          3.67	4.33	6.19	6.18	0.084㈢	    55.38	183099008	  0.43	         50.61亿	山东	5.97	6.10	148562	151810	  0.98	6.17	868	 -0.95	
002090	金智科技	1.58	0.23	软件服务	80	20.50	--  	21.81	38231	287	          1.65	6.24	21.84	21.80	0.338㈢	    48.32	81301832	  1.35	         50.46亿	江苏	21.46	21.27	19177	19054	  1.01	21.80	252	 -2.19	
002153	石基信息	3.42	-0.11	软件服务	95	30.90	--  	32.66	85986	686	          1.77	6.18	32.85	32.65	0.296㈢	    82.68	276350464	  1.39	        158.17亿	北京	31.41	32.14	39926	46060	  0.87	32.65	29	 -0.35	
002184	海得控制	1.84	0.16	软件服务	288	11.49	--  	12.17	77982	1680	          5.74	5.69	12.17	12.17	-0.203㈢	--  	92320544	  1.25	         16.54亿	上海	11.95	11.84	36623	41359	  0.89	12.16	42	 -1.93	
002195	二三四五	5.03	0.17	软件服务	23406	5.66	--  	6.06	3495630	34562	          8.07	8.49	6.15	6.06	0.250㈢	    18.68	2081310592	  1.00	        262.35亿	上海	5.77	5.95	1685273	1810357	  0.93	6.05	22757	  1.25	
002230	科大讯飞	3.13	0.06	软件服务	333	34.57	--  	36.29	496526	9184	          2.72	5.37	36.46	36.29	0.110㈢	   259.94	1774593152	  1.24	        661.30亿	安徽	35.20	35.74	227003	269523	  0.84	36.28	550	 -0.65	
002232	启明信息	-0.70	-0.19	软件服务	241	9.70	--  	9.86	193264	1261	          4.79	6.14	10.31	9.86	0.098㈢	    75.25	191862272	  1.27	         39.81亿	吉林	9.85	9.93	92989	100275	  0.93	9.85	4	 -4.48	
002247	聚力文化	0.85	0.21	软件服务	2057	4.42	--  	4.77	325672	2277	          5.98	7.40	4.77	4.77	0.411㈢	     8.69	150176192	  1.92	         25.96亿	浙江	4.68	4.61	162830	162841	  1.00	4.76	1192	 -2.93	
002253	川大智胜	2.04	0.00	软件服务	154	16.26	--  	17.02	54850	1201	          2.65	4.92	17.08	17.02	0.244㈣	    69.90	91937336	  0.88	         35.19亿	四川	16.65	16.76	26474	28375	  0.93	17.01	711	 -1.74	
002268	卫 士 通	4.28	-0.16	软件服务	895	28.65	--  	29.95	166968	1129	          2.06	6.96	30.65	29.95	-0.088㈢	--  	495773504	  1.22	        242.57亿	四川	29.12	29.69	70784	96184	  0.74	29.94	26	  0.51	
002279	久其软件	2.07	0.00	软件服务	2589	8.50	--  	8.89	169762	1393	          2.84	4.37	8.88	8.88	0.240㈢	    28.31	148788832	  1.08	         53.14亿	北京	8.78	8.76	74547	95214	  0.78	8.88	1113	 -1.71	
002280	联络互动	2.55	-0.20	软件服务	379	4.57	--  	4.84	413023	3693	          2.41	5.73	4.84	4.83	0.065㈢	    55.83	196026384	  1.06	         82.68亿	浙江	4.74	4.75	179674	233349	  0.77	4.83	1697	 -1.23	
002298	中电兴发	4.19	0.00	软件服务	213	7.60	--  	7.97	88882	915	          1.71	4.84	7.97	7.96	0.170㈢	    35.06	69503344	  1.14	         41.28亿	安徽	7.69	7.82	35668	53214	  0.67	7.96	1105	  0.41	
002316	亚联发展	3.18	0.22	软件服务	505	8.63	--  	9.09	63377	972	          2.16	5.22	9.09	9.09	0.155㈢	    44.03	56493056	  0.82	         26.67亿	深圳	8.80	8.91	31781	31596	  1.01	9.08	852	 -0.60	
002322	理工环科	7.09	0.07	软件服务	776	13.98	--  	14.81	84116	862	          2.33	7.09	14.96	14.81	0.370㈢	    30.77	121540216	  1.17	         53.44亿	浙江	13.98	14.45	28351	55764	  0.51	14.80	633	  3.31	
002331	皖通科技	1.72	0.17	软件服务	269	11.42	--  	11.82	53454	1067	          1.72	3.70	11.85	11.82	0.180㈢	    53.18	62558712	  0.75	         36.68亿	安徽	11.79	11.70	26586	26867	  0.99	11.81	126	 -2.05	
002368	太极股份	10.00	0.00	软件服务	3159	33.33	--  	--  	257327	1615	          6.43	11.94	37.39	37.39	0.780㈣	    48.95	926148416	  1.21	        149.69亿	北京	34.38	35.99	116152	141175	  0.82	37.39	0	  6.23	
002373	千方科技	1.56	-0.04	软件服务	855	18.50	--  	18.94	308620	5018	          3.68	4.61	19.36	18.93	0.360㈢	    43.03	584267456	  1.11	        158.88亿	北京	19.00	18.93	155510	153109	  1.02	18.93	488	 -2.22	
002401	中远海科	2.28	0.00	软件服务	194	11.06	--  	11.68	87406	572	          2.91	5.52	11.69	11.67	0.232㈢	    37.71	99781744	  1.07	         35.06亿	上海	11.48	11.42	34584	52821	  0.65	11.67	60	 -1.50	
002405	四维图新	6.18	0.49	软件服务	600	21.20	--  	22.68	534653	9966	          5.13	6.98	22.69	22.68	0.167㈢	   101.61	1186257024	  1.56	        236.43亿	北京	21.43	22.19	231846	302806	  0.77	22.67	651	  2.41	
002410	广联达	4.56	-0.06	软件服务	63	28.58	--  	29.82	151433	503	          1.71	4.77	29.94	29.81	0.390㈣	    76.48	445584352	  1.52	        264.24亿	北京	28.58	29.42	55535	95898	  0.58	29.81	55	  0.79	
002421	达实智能	4.01	0.00	软件服务	5777	4.72	--  	4.93	420415	10621	          2.48	5.06	4.96	4.93	0.082㈢	    45.13	203714032	  1.18	         83.61亿	深圳	4.84	4.85	182206	238208	  0.76	4.92	5076	  0.23	
002439	启明星辰	3.08	-0.16	软件服务	918	28.15	--  	29.49	119931	1359	          1.92	5.03	29.59	29.48	0.132㈢	   167.58	350010496	  0.76	        183.93亿	北京	28.51	29.18	51291	68639	  0.75	29.48	108	 -0.70	
002474	榕基软件	3.32	-0.09	软件服务	571	9.30	--  	9.97	215004	1587	          4.59	7.57	10.03	9.96	0.049㈢	   153.08	209712224	  0.81	         46.69亿	福建	9.60	9.75	104292	110711	  0.94	9.96	1991	 -0.46	
002544	杰赛科技	8.63	0.13	软件服务	2470	14.29	--  	15.48	266998	1474	          5.22	9.19	15.60	15.48	0.073㈢	   158.17	405505536	  1.82	         79.23亿	广东	14.30	15.19	101443	165555	  0.61	15.47	343	  4.86	
002609	捷顺科技	4.62	0.00	软件服务	229	7.74	--  	8.15	105093	1079	          2.87	5.39	8.16	8.15	0.077㈢	    79.42	84083224	  0.95	         29.88亿	深圳	7.85	8.00	44148	60945	  0.72	8.14	575	  0.85	
002642	荣之联	2.06	0.29	软件服务	171	6.61	--  	6.96	273606	4040	          5.31	5.29	6.97	6.95	0.006㈢	   815.05	186581040	  1.08	         35.84亿	北京	6.82	6.82	121712	151894	  0.80	6.95	951	 -1.72	
002649	博彦科技	3.52	0.21	软件服务	1098	8.86	--  	9.41	170531	1844	          4.09	6.17	9.42	9.40	0.422㈣	    22.28	155966880	  1.18	         39.21亿	北京	9.09	9.15	76589	93941	  0.82	9.40	834	 -0.25	
002657	中科金财	9.20	0.16	软件服务	804	18.33	--  	19.36	244434	3163	          8.65	5.93	19.38	19.35	0.200㈢	    72.51	462420384	  1.81	         54.66亿	北京	18.39	18.92	105976	138457	  0.77	19.35	787	  5.42	
002771	真视通	1.86	-0.11	软件服务	850	16.00	--  	16.45	32386	377	          3.45	3.72	16.60	16.45	0.261㈣	    63.14	53098748	  0.84	         15.46亿	北京	16.00	16.40	15149	17237	  0.88	16.44	201	 -1.92	
002777	久远银海	2.62	0.00	软件服务	15	35.08	--  	36.00	10792	71	          0.74	3.34	36.25	36.00	0.360㈢	    78.36	38571992	  0.56	         52.61亿	四川	35.11	35.74	4769	6023	  0.79	35.99	62	 -1.15	
002912	中新赛克	2.36	0.23	软件服务	1	114.02	--  	119.80	15909	129	          3.07	6.82	122.00	119.77	1.465㈢	    61.30	188818464	  1.66	         62.06亿	深圳	116.00	118.69	7429	8480	  0.88	119.77	4	 -1.42	
300002	神州泰岳	6.35	-0.55	软件服务	166	4.96	--  	5.36	516070	8002	          3.67	8.73	5.40	5.36	-0.078㈢	--  	269267648	  0.86	         75.39亿	北京	5.02	5.22	210894	305176	  0.69	5.35	163	  2.57	
300010	立思辰	5.28	0.00	软件服务	4895	9.58	--  	10.17	259380	6260	          3.61	6.42	10.20	10.16	0.009㈢	   875.01	257868432	  1.21	         73.07亿	北京	9.69	9.94	105153	154226	  0.68	10.16	983	  1.51	
300020	银江股份	2.56	-0.10	软件服务	888	8.84	--  	9.23	179612	2200	          2.86	4.56	9.25	9.23	0.019㈢	   367.26	163431280	  0.60	         57.96亿	浙江	8.90	9.10	84436	95176	  0.89	9.22	1597	 -1.22	
300033	同花顺	10.00	0.00	软件服务	5090	89.30	--  	--  	189700	249	          7.18	11.62	99.85	99.85	1.179㈣	    84.68	1831802624	  1.59	        263.91亿	浙江	91.00	96.56	93550	96149	  0.97	99.85	0	  6.23	
300036	超图软件	3.63	0.17	软件服务	80	16.85	--  	17.69	128051	1861	          3.85	4.92	17.69	17.68	0.236㈢	    56.19	222530880	  0.81	         58.75亿	北京	17.10	17.38	57999	70051	  0.83	17.68	347	 -0.14	
300044	赛为智能	3.68	0.25	软件服务	1457	7.78	--  	8.18	177005	3991	          3.33	5.07	8.18	8.18	0.141㈢	    43.65	142019952	  0.94	         43.45亿	深圳	7.90	8.02	79245	97759	  0.81	8.17	1092	 -0.10	
300047	天源迪科	2.63	-0.11	软件服务	30	15.37	--  	16.38	172738	790	          5.69	7.27	16.53	16.38	0.196㈢	    62.67	273699808	  1.82	         49.72亿	深圳	15.93	15.84	89685	83052	  1.08	16.37	377	 -1.14	
300050	世纪鼎利	2.98	0.00	软件服务	310	6.23	--  	6.56	119667	1194	          3.24	5.49	6.58	6.56	0.058㈢	    84.20	76930776	  1.03	         24.22亿	广东	6.36	6.43	53537	66130	  0.81	6.55	68	 -0.79	
300065	海兰信	10.02	0.34	软件服务	6773	16.47	--  	--  	314435	1321	         10.48	8.16	17.79	17.79	0.240㈢	    62.37	540840512	  1.69	         53.40亿	北京	16.60	17.20	136924	177510	  0.77	17.79	0	  6.24	
300075	数字政通	4.01	0.08	软件服务	654	12.51	--  	13.23	104010	903	          3.46	5.66	13.23	13.22	0.210㈢	    47.07	134574176	  0.95	         39.79亿	北京	12.76	12.94	50177	53833	  0.93	13.22	86	  0.24	
300085	银之杰	10.02	0.00	软件服务	3901	16.08	--  	--  	423677	1263	         10.24	9.90	17.67	17.67	0.005㈢	  2574.86	726169728	  1.45	         73.09亿	深圳	16.35	17.14	193765	229911	  0.84	17.67	0	  6.25	
300096	易联众	4.42	-0.30	软件服务	203	12.50	--  	12.98	263612	4927	          7.00	6.28	13.28	12.98	-0.040㈢	--  	341077440	  1.24	         48.87亿	福建	12.55	12.94	128556	135056	  0.95	12.97	22	  0.65	
300150	世纪瑞尔	5.59	0.35	软件服务	1928	5.30	--  	5.67	109155	2356	          2.37	6.89	5.67	5.67	0.160㈢	    26.53	60381288	  1.55	         26.13亿	北京	5.45	5.53	38703	70451	  0.55	5.66	243	  1.81	
300166	东方国信	4.90	0.13	软件服务	325	14.20	--  	15.20	214976	3917	          2.65	7.04	15.22	15.19	0.173㈢	    65.99	317455136	  1.17	        123.14亿	北京	14.42	14.77	90345	124630	  0.72	15.19	531	  1.13	
300168	万达信息	3.88	0.07	软件服务	1153	14.49	--  	15.27	270200	2873	          2.48	5.58	15.31	15.27	0.150㈢	    82.84	405169888	  1.02	        166.63亿	上海	14.70	15.00	116529	153670	  0.76	15.26	319	  0.10	
300170	汉得信息	5.61	0.12	软件服务	1369	15.89	--  	16.95	418860	3463	          5.98	7.48	17.09	16.94	0.280㈢	    45.60	693719296	  0.93	        118.59亿	上海	16.18	16.56	196071	222788	  0.88	16.94	151	  1.84	
300182	捷成股份	4.35	0.45	软件服务	728	6.32	--  	6.72	622766	5756	          3.47	7.47	6.80	6.71	0.308㈢	    16.34	411718880	  0.69	        120.45亿	北京	6.47	6.61	268975	353790	  0.76	6.71	2236	  0.58	
300183	东软载波	-2.06	0.13	软件服务	431	14.31	--  	15.18	175927	858	          6.56	6.06	15.25	15.18	0.250㈢	    45.60	260356448	  1.70	         40.72亿	山东	14.75	14.80	87004	88922	  0.98	15.17	505	 -5.84	
300188	美亚柏科	--  	--  	软件服务	0	--  	--  	--  	0	0	          0.00	0.00	--  	17.21	0.381㈣	    45.11	0	  0.00	         90.86亿	福建	--  	17.21	0	0	--  	--  	0	 -3.77	
300209	天泽信息	2.91	-0.06	软件服务	86	13.40	--  	14.15	32666	303	          1.24	5.90	14.21	14.14	-0.074㈢	--  	44985284	  0.99	         37.30亿	江苏	13.47	13.77	13194	19471	  0.68	14.14	79	 -0.86	
300212	易华录	4.95	0.77	软件服务	41	26.96	--  	28.64	103254	2599	          2.44	6.12	28.63	28.63	0.250㈢	    87.78	288004224	  0.97	        121.35亿	北京	27.25	27.89	39591	63663	  0.62	28.63	1	  1.17	
300229	拓尔思	0.17	0.35	软件服务	739	10.90	--  	11.56	148397	1678	          3.19	6.33	11.63	11.56	0.090㈢	    92.26	167721664	  1.42	         53.82亿	北京	11.54	11.30	80284	68112	  1.18	11.55	65	 -3.60	
300231	银信科技	3.13	0.00	软件服务	1149	7.82	--  	8.24	122171	1235	          3.61	5.39	8.25	8.23	0.227㈢	    27.22	98873264	  0.99	         27.82亿	北京	8.00	8.09	51539	70632	  0.73	8.23	460	 -0.64	
300235	方直科技	4.05	-0.09	软件服务	18	9.67	--  	10.27	47456	374	          4.48	6.28	10.29	10.27	0.125㈢	    61.77	47611720	  1.07	         10.88亿	深圳	9.85	10.03	20618	26838	  0.77	10.26	130	  0.28	
300245	天玑科技	3.51	0.18	软件服务	10	10.32	--  	10.90	59266	1035	          2.28	5.51	10.90	10.90	0.160㈢	    51.19	63380612	  1.02	         28.30亿	上海	10.53	10.69	26091	33175	  0.79	10.89	120	 -0.26	
300248	新开普	3.93	0.11	软件服务	595	8.81	--  	9.25	60998	2125	          1.93	5.17	9.27	9.25	0.040㈢	   172.52	55559728	  0.85	         29.29亿	河南	8.92	9.11	26568	34429	  0.77	9.24	779	  0.16	
300249	依米康	2.62	0.00	软件服务	698	7.44	--  	7.84	129789	1526	          4.26	6.02	7.90	7.84	0.086㈣	    91.34	99852384	  0.90	         23.86亿	四川	7.65	7.69	60035	69754	  0.86	7.83	507	 -1.16	
300250	初灵信息	2.32	0.06	软件服务	415	15.33	--  	16.75	134670	1291	          9.69	8.99	16.80	16.74	0.257㈢	    48.87	217061632	  0.71	         23.27亿	浙江	16.36	16.12	67848	66822	  1.02	16.74	363	 -1.45	
300253	卫宁健康	3.99	0.00	软件服务	1322	13.87	--  	14.60	411539	4308	          3.13	6.27	14.75	14.60	0.119㈢	    92.25	593467264	  0.90	        192.01亿	上海	13.95	14.42	174774	236765	  0.74	14.59	730	  0.21	
300271	华宇软件	2.16	-0.13	软件服务	127	19.90	--  	21.27	124531	1209	          2.23	7.01	21.36	21.27	0.410㈢	    39.39	257184128	  1.38	        118.91亿	北京	20.85	20.65	60338	64192	  0.94	21.26	25	 -1.61	
300275	梅安森	2.41	-0.20	软件服务	54	8.91	--  	9.37	34881	290	          2.97	5.58	9.42	9.36	0.092㈢	    76.55	32044600	  0.76	         11.01亿	重庆	9.28	9.19	14623	20257	  0.72	9.36	10	 -1.37	
300277	海联讯	3.35	0.14	软件服务	115	6.80	--  	7.41	36807	246	          1.10	8.65	7.42	7.41	-0.004㈢	--  	26883290	  0.98	         24.78亿	深圳	7.25	7.30	13911	22895	  0.61	7.40	256	 -0.43	
300287	飞利信	2.93	0.19	软件服务	436	4.97	--  	5.27	562311	3977	          5.03	6.05	5.28	5.27	0.170㈢	    23.31	289728288	  0.71	         58.97亿	北京	5.15	5.15	256368	305943	  0.84	5.26	4430	 -0.84	
300288	朗玛信息	3.96	-0.18	软件服务	55	15.08	--  	16.00	69657	879	          3.43	6.43	16.07	16.00	0.230㈢	    52.16	109043752	  1.03	         32.46亿	贵州	15.34	15.65	32363	37294	  0.87	15.98	106	  0.19	
300290	荣科科技	7.14	0.67	软件服务	250	9.67	--  	10.51	124172	2305	          3.86	8.47	10.50	10.50	0.030㈢	   328.05	127046600	  1.61	         33.75亿	辽宁	9.79	10.23	57045	67126	  0.85	10.50	296	  3.37	
300292	吴通控股	2.12	0.23	软件服务	4556	4.14	--  	4.34	288379	3728	          2.80	4.71	4.34	4.34	0.097㈢	    33.58	122826856	  0.98	         44.69亿	江苏	4.24	4.26	132599	155780	  0.85	4.33	3253	 -1.66	
300297	蓝盾股份	5.47	0.14	软件服务	2095	6.93	--  	7.33	315339	6135	          3.84	6.04	7.35	7.33	0.190㈢	    29.53	226074096	  1.06	         60.22亿	广东	6.99	7.17	131771	183567	  0.72	7.32	1461	  1.69	
300300	汉鼎宇佑	2.38	0.32	软件服务	291	11.82	--  	12.47	92320	1287	          1.65	5.59	12.50	12.46	0.201㈢	    46.60	112715440	  0.84	         69.53亿	浙江	12.27	12.21	44288	48032	  0.92	12.46	284	 -1.39	
300302	同有科技	1.29	0.17	软件服务	636	11.33	--  	11.76	163003	1950	          6.61	5.09	11.92	11.75	0.059㈢	   149.33	190425280	  0.58	         28.98亿	北京	11.70	11.68	87556	75447	  1.16	11.75	109	 -2.48	
300311	任子行	5.71	0.23	软件服务	3034	8.21	--  	8.88	451812	4763	          9.83	9.29	8.99	8.88	0.160㈢	    41.07	392815840	  1.85	         40.80亿	广东	8.31	8.69	209829	241982	  0.87	8.87	3393	  1.94	
300324	旋极信息	1.24	0.00	软件服务	236	7.76	--  	8.19	560515	7680	          5.41	6.06	8.25	8.18	0.206㈢	    29.82	451870720	  0.78	         84.82亿	北京	8.05	8.06	263990	296524	  0.89	8.18	6141	 -2.54	
300330	华虹计通	2.50	-0.10	软件服务	90	9.01	--  	9.43	48301	193	          2.88	5.22	9.49	9.43	-0.102㈢	--  	44733592	  1.04	         15.81亿	上海	9.16	9.26	24691	23610	  1.05	9.41	145	 -1.27	
300339	润和软件	4.53	0.15	软件服务	1757	12.09	--  	12.94	283582	2629	          3.97	6.95	12.95	12.93	0.230㈢	    43.15	357946176	  1.30	         92.27亿	江苏	12.49	12.62	129073	154508	  0.84	12.93	154	  0.75	
300348	长亮科技	4.12	-0.07	软件服务	308	23.35	--  	24.80	137400	1303	          6.22	6.85	24.98	24.79	0.100㈢	   197.39	334804256	  1.12	         54.75亿	深圳	24.03	24.37	62510	74890	  0.83	24.79	457	  0.34	
300349	金卡智能	4.09	0.14	软件服务	48	19.98	--  	20.88	59484	570	          1.69	4.89	20.96	20.88	0.810㈢	    19.41	122685872	  0.87	         73.54亿	浙江	20.19	20.62	24643	34841	  0.71	20.87	336	  0.31	
300352	北信源	5.94	0.00	软件服务	6793	5.85	--  	6.25	782244	7410	          7.15	7.64	6.30	6.24	0.023㈢	   202.15	479847072	  1.12	         68.24亿	北京	6.00	6.13	351898	430345	  0.82	6.24	845	  2.17	
300365	恒华科技	1.98	0.00	软件服务	461	24.76	--  	25.71	58023	952	          2.69	4.28	25.84	25.71	0.675㈣	    38.07	147818416	  0.85	         55.50亿	北京	25.39	25.48	31362	26661	  1.18	25.70	422	 -1.79	
300366	创意信息	2.60	0.11	软件服务	72	8.68	--  	9.09	142843	1158	          4.44	4.97	9.12	9.08	0.158㈢	    43.09	127923880	  1.27	         29.24亿	四川	8.92	8.96	65724	77119	  0.85	9.08	192	 -1.18	
300369	绿盟科技	5.12	-0.43	软件服务	278	12.63	--  	13.57	145003	1505	          2.02	8.99	13.79	13.56	-0.054㈢	--  	193465968	  1.69	         97.56亿	北京	13.15	13.34	65038	79964	  0.81	13.56	15	  1.34	
300377	赢时胜	6.70	-0.06	软件服务	1807	13.89	--  	14.82	425496	5448	          8.30	7.85	14.98	14.82	0.159㈢	    69.98	618250816	  1.54	         75.98亿	深圳	14.08	14.53	186873	238623	  0.78	14.81	792	  2.92	
300378	鼎捷软件	5.67	0.14	软件服务	20	13.51	--  	14.36	100417	1022	          3.83	6.85	14.44	14.35	0.299㈣	    47.93	140810928	  1.00	         37.65亿	上海	13.62	14.02	48515	51901	  0.93	14.35	219	  1.90	
300379	东方通	3.67	0.12	软件服务	154	23.85	--  	24.59	115104	1260	          5.77	5.23	25.09	24.58	0.441㈣	    55.74	282613728	  1.24	         49.04亿	北京	23.85	24.55	54890	60213	  0.91	24.58	16	 -0.11	
300380	安硕信息	6.64	-0.03	软件服务	48	23.51	--  	25.22	71936	926	          5.83	7.78	25.35	25.21	0.098㈢	   193.07	176683584	  0.85	         31.09亿	上海	23.69	24.56	33556	38379	  0.87	25.21	90	  2.87	
300386	飞天诚信	4.18	1.16	软件服务	1831	13.10	--  	13.97	121869	4409	          5.68	6.42	13.96	13.96	0.184㈢	    56.80	165428128	  1.30	         29.97亿	北京	13.40	13.57	58225	63643	  0.91	13.96	35	  0.40	
300419	浩丰科技	3.22	-0.26	软件服务	225	7.10	--  	7.39	163537	1937	          5.96	5.17	7.47	7.38	0.044㈢	   126.00	119853120	  1.11	         20.26亿	北京	7.10	7.33	78163	85374	  0.92	7.38	759	 -0.56	
300440	运达科技	1.95	0.00	软件服务	281	7.43	--  	7.85	113172	863	          2.54	5.46	7.85	7.84	0.132㈢	    44.65	86820544	  1.58	         34.95亿	四川	7.69	7.67	54815	58356	  0.94	7.84	812	 -1.82	
300448	浩云科技	1.26	0.31	软件服务	41	12.36	--  	12.82	56881	1997	          2.34	4.27	12.90	12.82	0.061㈢	   158.69	71934016	  1.14	         31.12亿	广东	12.66	12.65	28395	28485	  1.00	12.81	63	 -2.51	
300451	创业慧康	6.27	0.36	软件服务	316	23.52	--  	25.10	147092	2655	          4.24	6.86	25.14	25.10	0.230㈢	    81.72	360908064	  0.77	         87.02亿	浙江	23.69	24.54	60585	86507	  0.70	25.09	755	  2.49	
300454	深信服	4.87	-0.06	软件服务	6	99.00	--  	104.89	11945	74	          2.99	6.02	105.02	104.88	0.820㈢	   101.37	121923984	  1.21	         41.96亿	深圳	100.01	102.07	6268	5677	  1.10	104.88	66	  1.09	
300465	高伟达	10.00	0.00	软件服务	25548	8.35	--  	--  	558161	3401	         13.08	11.76	9.35	9.35	0.055㈢	   126.54	500664608	  2.06	         39.90亿	北京	8.47	8.97	226598	331563	  0.68	9.35	0	  6.23	
300468	四方精创	-4.69	1.10	软件服务	613	17.28	--  	18.31	154771	2272	          8.31	7.29	18.68	18.30	0.283㈢	    48.48	279379904	  1.48	         34.09亿	深圳	17.85	18.05	81818	72953	  1.12	18.30	127	 -8.46	
300469	信息发展	6.51	-0.50	软件服务	60	24.01	--  	25.35	44719	778	          4.61	6.68	25.60	25.35	0.090㈢	   317.94	110743600	  0.84	         24.62亿	上海	24.50	24.76	19508	25211	  0.77	25.33	81	  2.74	
300479	神思电子	3.92	-0.22	软件服务	33	16.42	--  	17.24	50750	1039	          3.17	5.24	17.29	17.24	0.040㈢	   343.78	86092768	  1.01	         27.58亿	山东	16.53	16.96	22450	28299	  0.79	17.22	820	  0.14	
300496	中科创达	2.98	0.06	软件服务	319	32.83	--  	34.55	99559	1530	          4.17	5.57	34.70	34.55	0.260㈢	   101.39	339356736	  0.89	         82.52亿	北京	34.29	34.09	44509	55049	  0.81	34.54	303	 -0.79	
300508	维宏股份	2.14	0.04	软件服务	104	27.11	--  	28.60	13369	192	          5.63	5.82	28.74	28.59	0.037㈢	   574.78	37506100	  0.48	          6.79亿	上海	27.95	28.05	6834	6534	  1.05	28.59	29	 -1.63	
300513	恒实科技	2.87	0.04	软件服务	53	26.85	--  	27.97	27867	287	          4.52	4.60	28.10	27.96	0.500㈢	    48.12	76854744	  0.62	         17.22亿	北京	27.20	27.58	12724	15143	  0.84	27.96	10	 -0.90	
300518	盛讯达	6.86	0.28	软件服务	227	28.55	--  	32.24	63915	1065	         13.66	14.75	33.00	32.23	0.032㈢	   748.10	193091200	  1.90	         15.08亿	深圳	29.76	30.21	33111	30804	  1.07	32.23	3	  3.09	
300520	科大国创	4.00	0.10	软件服务	29	19.50	--  	20.55	66469	846	          5.90	5.72	20.63	20.55	0.100㈢	   185.48	134145800	  1.09	         23.15亿	安徽	19.71	20.18	30372	36097	  0.84	20.54	198	  0.22	
300523	辰安科技	2.10	-0.03	软件服务	61	49.51	--  	52.96	22517	163	          2.19	6.69	52.98	52.95	0.560㈢	    74.12	116194584	  1.07	         54.34亿	北京	52.06	51.60	11409	11107	  1.03	52.95	33	 -1.67	
300525	博思软件	2.62	-0.13	软件服务	50	33.00	--  	35.28	22069	154	          2.81	8.81	36.03	35.28	0.690㈣	    53.59	76129680	  0.84	         27.67亿	福建	33.94	34.50	10539	11529	  0.91	35.27	18	 -1.16	
300531	优博讯	3.54	0.04	软件服务	1092	21.86	--  	23.10	73700	813	          6.04	6.23	23.25	23.10	0.419㈣	    55.16	167309536	  1.06	         28.18亿	深圳	22.41	22.70	34785	38915	  0.89	23.09	2	 -0.23	
300532	今天国际	3.32	-0.13	软件服务	30	13.80	--  	14.34	24089	388	          2.01	4.54	14.43	14.33	0.078㈢	   138.38	34191776	  0.92	         17.14亿	深圳	13.87	14.19	11446	12643	  0.91	14.33	93	 -0.46	
300533	冰川网络	2.83	0.00	软件服务	25	35.83	--  	37.03	10475	61	          2.57	3.42	37.06	37.03	0.690㈢	    40.62	38324184	  0.89	         15.11亿	深圳	36.01	36.59	3896	6578	  0.59	37.00	8	 -0.94	
300541	先进数通	6.28	0.67	软件服务	8	16.75	--  	18.12	73393	1052	          9.70	8.39	18.18	18.12	0.126㈢	   108.20	128877344	  1.28	         13.71亿	北京	16.78	17.56	30632	42760	  0.72	18.11	770	  2.50	
300542	新晨科技	-1.55	-1.11	软件服务	145	19.80	--  	20.26	183727	2652	         32.60	10.45	21.95	20.26	0.069㈢	   221.70	382423072	  2.21	         11.42亿	北京	20.88	20.81	92362	91364	  1.01	20.25	57	 -5.33	
300550	和仁科技	4.07	0.13	软件服务	2	58.69	--  	62.65	6508	70	          2.22	6.81	62.79	62.63	0.320㈢	   153.21	39808452	  0.90	         18.33亿	浙江	60.18	61.17	3109	3399	  0.91	62.63	15	  0.30	
300552	万集科技	3.07	0.42	软件服务	39	18.13	--  	19.16	14194	212	          3.44	5.65	19.18	19.16	-0.149㈢	--  	26633994	  1.04	          7.90亿	北京	18.80	18.76	5355	8838	  0.61	19.10	3	 -0.71	
300556	丝路视觉	4.48	0.09	软件服务	60	20.08	--  	21.24	44975	593	          7.04	5.90	21.28	21.24	0.490㈣	    45.20	93156632	  1.19	         13.56亿	深圳	20.34	20.71	21536	23439	  0.92	21.23	37	  0.70	
300559	佳发教育	2.50	0.31	软件服务	6	45.57	--  	48.00	18087	227	          2.34	5.51	48.15	48.00	0.890㈣	    54.31	85222496	  0.93	         37.03亿	四川	46.29	47.12	10036	8050	  1.25	47.99	98	 -1.28	
300561	汇金科技	2.50	-0.19	软件服务	243	14.39	--  	15.16	43545	652	          6.44	6.02	15.28	15.15	0.093㈢	   122.16	64954136	  0.89	         10.24亿	广东	14.70	14.92	20301	23244	  0.87	15.15	176	 -1.27	
300579	数字认证	3.49	0.04	软件服务	59	47.01	--  	50.40	34880	994	          7.96	9.08	51.43	50.40	0.720㈣	    69.96	172596912	  0.81	         22.08亿	北京	49.67	49.48	17926	16954	  1.06	50.39	452	 -0.28	
300588	熙菱信息	3.90	0.42	软件服务	76	13.70	--  	14.41	47820	684	          6.08	5.34	14.44	14.40	0.020㈢	   498.34	67677392	  0.76	         11.33亿	新疆	14.12	14.15	20966	26854	  0.78	14.40	94	  0.12	
300592	华凯创意	3.39	-0.08	软件服务	18	10.72	--  	11.30	22809	304	          2.52	6.04	11.38	11.30	0.155㈢	    54.59	25367290	  0.96	         10.22亿	湖南	10.93	11.12	9875	12933	  0.76	11.29	58	 -0.39	
300598	诚迈科技	1.39	-0.02	软件服务	106	32.30	--  	34.19	51199	1140	         10.59	6.05	34.34	34.19	0.123㈢	   209.10	171128704	  1.41	         16.54亿	江苏	33.59	33.42	25056	26142	  0.96	34.18	34	 -2.38	
300605	恒锋信息	3.45	0.21	软件服务	49	18.00	--  	19.22	34232	545	          7.07	6.52	19.21	19.21	0.273㈢	    52.73	64292308	  1.66	          9.30亿	福建	18.36	18.78	14540	19691	  0.74	19.21	17	 -0.33	
300608	思特奇	4.41	0.15	软件服务	50	25.55	--  	27.45	21373	365	          3.09	7.46	27.51	27.45	0.030㈢	   686.46	57073672	  1.05	         19.01亿	北京	26.25	26.70	9321	12051	  0.77	27.44	19	  0.64	
300624	万兴科技	5.89	0.10	软件服务	13	57.22	--  	60.28	21805	229	          4.49	7.96	61.75	60.27	1.060㈣	    59.16	129202120	  1.42	         29.24亿	西藏	57.60	59.25	9123	12681	  0.72	60.27	1	  2.11	
300634	彩讯股份	2.85	0.04	软件服务	92	26.71	--  	27.81	28101	531	          1.33	4.36	27.89	27.81	0.206㈢	   101.38	76812784	  0.96	         58.68亿	深圳	27.00	27.33	14009	14091	  0.99	27.80	57	 -0.93	
300645	正元智慧	-2.46	0.00	软件服务	55	34.00	--  	36.44	62618	511	         13.79	8.92	37.33	36.43	0.068㈢	   403.15	224311920	  1.34	         16.55亿	浙江	37.33	35.82	33238	29379	  1.13	36.43	7	 -6.24	
300659	中孚信息	5.91	0.06	软件服务	5	29.42	--  	31.72	28864	146	          4.44	8.55	31.98	31.72	-0.028㈢	--  	89197464	  1.31	         20.61亿	山东	29.42	30.90	12081	16782	  0.72	31.71	224	  2.14	
300663	科蓝软件	10.00	0.00	软件服务	12811	35.30	--  	--  	133653	43	         10.85	8.00	38.07	38.07	-0.303㈢	--  	492962976	  0.95	         46.88亿	北京	35.86	36.88	63790	69862	  0.91	38.07	0	  6.22	
300674	宇信科技	4.06	-0.58	软件服务	21	31.81	--  	33.81	65543	951	         16.38	7.20	34.15	33.80	0.205㈢	   123.48	216976064	  1.19	         13.52亿	北京	32.53	33.10	32304	33238	  0.97	33.80	78	  0.29	
300678	中科信息	3.01	-0.42	软件服务	131	24.10	--  	25.69	52204	750	          6.27	6.82	25.80	25.68	0.074㈢	   261.70	131310976	  1.12	         21.40亿	四川	24.71	25.15	23932	28271	  0.85	25.68	33	 -0.77	
300682	朗新科技	5.38	0.04	软件服务	2	21.05	--  	22.74	44318	485	          2.70	7.97	22.77	22.74	-0.250㈢	--  	97106472	  0.91	         37.34亿	江苏	21.66	21.91	18840	25477	  0.74	22.73	54	  1.60	
300687	赛意信息	3.47	0.00	软件服务	17	26.90	--  	28.03	27247	387	          4.35	4.39	28.09	28.03	0.480㈢	    44.54	75451152	  0.80	         17.56亿	广东	26.90	27.69	10526	16720	  0.63	28.02	33	 -0.30	
300730	科创信息	2.95	-0.24	软件服务	53	19.18	--  	19.91	46166	1162	          6.11	4.24	20.00	19.90	0.024㈢	   614.37	90598608	  0.97	         15.04亿	湖南	19.20	19.62	19678	26488	  0.74	19.90	194	 -0.83	
300768	迪普科技	--  	--  	软件服务	0	--  	--  	--  	0	0	--  	--  	--  	0.00	0.000㈣	--  	0	--  	--  	浙江	--  	0.00	0	0	--  	--  	0	--  	
600242	中昌数据	3.92	0.08	软件服务	727	11.90	--  	12.73	151374	1953	          4.98	10.29	13.16	12.73	0.213㈢	    44.83	189314160	  1.32	         38.67亿	广东	12.18	12.51	75353	76021	  0.99	12.72	995	  0.72	
600288	大恒科技	1.99	0.00	软件服务	517	9.83	--  	10.26	129152	1505	          2.96	4.88	10.32	10.25	0.072㈢	   106.26	130689600	  0.79	         44.77亿	北京	9.92	10.12	65618	63533	  1.03	10.25	321	 -1.21	
600289	*ST信通	1.36	-0.99	软件服务	5648	2.84	--  	2.99	127376	1612	          2.25	5.78	3.01	2.98	-0.726㈢	--  	37270044	  0.73	         16.86亿	黑龙江	2.95	2.93	63742	63634	  1.00	2.98	305	 -1.84	
600406	国电南瑞	1.98	0.00	软件服务	515	20.40	--  	21.12	321896	4416	          1.26	3.77	21.18	21.11	0.520㈢	    31.60	671364992	  1.42	        538.98亿	江苏	20.71	20.86	142664	179232	  0.80	21.11	340	 -1.22	
600410	华胜天成	2.95	0.00	软件服务	886	8.44	--  	9.07	554311	4770	          5.04	8.06	9.15	9.07	0.046㈢	   146.48	489897664	  0.57	         99.66亿	北京	8.90	8.84	256916	297395	  0.86	9.06	344	 -0.25	
600446	金证股份	10.01	0.00	软件服务	32604	21.78	--  	--  	626964	264	          7.35	9.04	23.73	23.73	0.116㈢	   153.90	1450553216	  1.17	        202.47亿	深圳	22.00	23.14	347958	279005	  1.25	23.73	0	  6.81	
600455	博通股份	1.04	0.28	软件服务	15	27.11	--  	28.18	9610	85	          1.54	6.74	28.99	28.18	0.111㈢	   190.98	27033492	  0.54	         17.60亿	陕西	28.00	28.13	5467	4143	  1.32	28.17	11	 -2.16	
600476	湘邮科技	3.71	0.25	软件服务	1551	15.20	--  	16.24	72899	1645	          4.53	8.95	16.60	16.23	-0.068㈢	--  	115887752	  0.63	         26.14亿	湖南	15.65	15.90	35689	37210	  0.96	16.23	83	  0.51	
600536	中国软件	1.83	1.15	软件服务	4717	50.82	--  	55.51	634369	8841	         12.83	11.25	56.95	55.50	-0.485㈢	--  	3404936192	  1.10	        274.48亿	北京	53.10	53.67	316966	317402	  1.00	55.50	22	 -1.36	
600556	ST慧球	5.04	0.00	软件服务	3120	8.00	--  	--  	94365	534	          2.39	4.16	8.33	8.33	-0.094㈣	--  	78364960	  1.40	         32.89亿	广西	8.00	8.30	48704	45661	  1.07	8.33	0	  1.84	
600570	恒生电子	7.83	0.53	软件服务	98	82.00	--  	87.58	256296	3735	          4.15	7.12	87.78	87.56	0.584㈢	   112.50	2186029824	  1.66	        540.95亿	浙江	82.00	85.29	107300	148996	  0.72	87.56	4	  4.63	
600571	信雅达	6.94	-0.27	软件服务	459	10.09	--  	10.79	222157	3440	          5.15	8.62	10.96	10.79	0.021㈢	   383.20	235116640	  1.36	         46.52亿	浙江	10.17	10.58	97698	124459	  0.78	10.78	1464	  3.74	
600588	用友网络	3.04	-0.25	软件服务	8	31.98	--  	33.90	266766	4591	          1.40	6.81	34.22	33.90	0.319㈣	   106.19	889505600	  1.17	        644.68亿	北京	32.61	33.34	117314	149451	  0.78	33.89	635	 -0.16	
600602	云赛智联	1.48	0.63	软件服务	171	9.21	--  	9.58	210252	3731	          2.03	5.41	9.72	9.57	0.199㈣	    48.08	199177136	  0.89	         98.90亿	上海	9.44	9.47	107049	103202	  1.04	9.57	969	 -1.71	
600654	ST中安	3.54	0.43	软件服务	3919	2.25	--  	2.35	150497	1191	          1.99	4.87	2.36	2.34	-0.084㈢	--  	34770148	  0.57	         17.67亿	上海	2.27	2.31	63076	87421	  0.72	2.34	2726	  0.34	
600718	东软集团	3.68	0.00	软件服务	272	13.92	--  	14.65	239766	3234	          1.93	5.17	14.65	14.65	0.100㈢	   109.61	345489376	  0.80	        182.01亿	辽宁	14.18	14.41	100457	139308	  0.72	14.64	2050	  0.48	
600728	佳都科技	1.50	0.08	软件服务	814	11.50	--  	12.22	712279	9463	          4.44	6.81	12.32	12.22	0.070㈢	   131.74	856279744	  0.74	        196.02亿	广东	12.02	12.02	350972	361307	  0.97	12.21	512	 -1.70	
600756	浪潮软件	2.98	-0.10	软件服务	561	25.01	--  	27.34	384607	4097	         11.87	9.98	27.66	27.33	0.309㈢	    66.28	1021090112	  0.92	         88.58亿	山东	26.31	26.55	182272	202335	  0.90	27.33	244	 -0.22	
600797	浙大网新	3.17	0.10	软件服务	4777	9.92	--  	10.43	385555	10136	          3.80	5.45	10.47	10.42	0.150㈢	    52.05	395335616	  0.75	        105.79亿	浙江	10.14	10.25	193959	191596	  1.01	10.42	861	 -0.03	
600845	宝信软件	6.24	0.12	软件服务	101	31.08	--  	32.85	74141	986	          1.16	6.28	33.02	32.84	0.630㈢	    41.68	238417088	  1.19	        210.45亿	上海	31.50	32.16	29637	44504	  0.67	32.84	101	  3.04	
600850	华东电脑	6.66	-0.16	软件服务	45	22.00	--  	23.86	128335	727	          3.03	10.33	24.31	23.85	0.600㈢	    30.13	298059552	  0.70	        101.13亿	上海	22.45	23.23	57783	70551	  0.82	23.85	266	  3.46	
601519	大智慧	9.98	0.00	软件服务	26729	9.21	--  	--  	1550653	2489	          7.80	11.16	10.25	10.25	0.054㈣	   188.10	1532248064	  1.57	        203.74亿	上海	9.33	9.88	723926	826726	  0.88	10.25	0	  6.78	
603039	泛微网络	5.30	0.23	软件服务	18	98.21	--  	103.90	5381	40	          1.35	6.05	104.18	103.90	0.600㈢	   134.91	54994128	  1.60	         41.46亿	上海	100.02	102.19	1872	3509	  0.53	103.80	61	  2.10	
603138	海量数据	3.21	-0.23	软件服务	20	22.86	--  	24.44	61011	769	         12.88	7.05	24.53	24.44	0.277㈢	    66.15	145262160	  0.98	         11.57亿	北京	23.66	23.81	30210	30801	  0.98	24.43	37	  0.01	
603189	网达软件	3.36	0.00	软件服务	186	12.91	--  	13.55	42729	741	          3.88	5.19	13.59	13.53	0.032㈢	   313.86	56955004	  0.95	         14.90亿	上海	13.11	13.33	18503	24225	  0.76	13.53	113	  0.16	
603232	格尔软件	1.30	0.36	软件服务	12	39.98	--  	42.10	23206	312	          4.54	8.47	43.50	42.10	0.132㈢	   239.92	97369440	  1.10	         21.54亿	上海	41.60	41.96	12228	10977	  1.11	42.09	6	 -1.90	
603383	顶点软件	10.00	0.00	软件服务	4769	83.38	--  	--  	41365	41	          7.13	10.38	92.07	92.07	0.470㈢	   148.30	367749824	  1.23	         53.42亿	福建	85.80	88.90	17019	24346	  0.70	92.07	0	  6.80	
603508	思维列控	0.70	-0.01	软件服务	79	43.21	--  	44.70	15467	176	          0.97	3.52	44.77	44.69	0.840㈢	    47.34	68114688	  1.84	         71.50亿	河南	44.37	44.04	7761	7706	  1.01	44.69	34	 -2.50	
603528	多伦科技	-0.82	0.00	软件服务	167	8.26	--  	8.52	197855	4341	         10.55	6.64	8.83	8.51	0.171㈢	    37.30	167967456	  0.83	         15.96亿	江苏	8.26	8.49	103415	94439	  1.10	8.51	780	 -4.02	
603636	南威软件	2.61	0.73	软件服务	24	13.09	--  	13.75	157202	4621	          3.00	5.60	13.84	13.75	0.250㈢	    44.42	212352496	  0.93	         72.14亿	福建	13.30	13.51	72423	84779	  0.85	13.74	294	 -0.59	
603859	能科股份	0.51	-0.07	软件服务	241	24.90	--  	25.75	26665	315	          5.34	5.00	26.18	25.74	0.159㈢	   121.38	68555144	  0.95	         12.84亿	北京	24.90	25.71	13412	13253	  1.01	25.74	4	 -2.69	
603869	新智认知	10.00	0.00	软件服务	566	20.08	--  	--  	54770	226	          2.04	10.59	22.22	22.22	0.824㈢	    20.23	118254760	  2.31	         59.57亿	广西	20.25	21.59	22719	32050	  0.71	22.22	0	  6.80	
603918	金桥信息	0.13	-0.12	软件服务	140	14.10	--  	14.89	39376	433	          2.23	5.79	14.96	14.88	0.150㈢	    74.49	57315640	  1.53	         26.27亿	上海	14.96	14.56	22467	16908	  1.33	14.88	36	 -3.06	
603990	麦迪科技	2.78	0.54	软件服务	4	48.52	--  	50.70	4797	112	          0.80	5.27	51.12	50.67	0.142㈢	   268.20	24020000	  0.87	         30.54亿	江苏	49.90	50.07	1940	2857	  0.68	50.67	1	 -0.42	
数据来源:通达信
