代码	名称	涨幅%%	涨速%%	细分行业	买量	最低	未匹配量	卖价	总量	现量	换手%%	振幅%%	最高	现价	每股收益	市盈(动)	总金额	量比	流通市值	地区	今开	均价	内盘	外盘	内外比	买价	卖量	强弱度%%	
601068	中铝国际	10.03	0.00	建筑施工	12234	6.73	--  	--  	1380740	2013	         46.66	10.77	7.46	7.46	0.070㈢	    65.94	1006529024	  1.54	         22.07亿	北京	7.00	7.29	823684	557056	  1.48	7.46	0	  8.91	
600776	东方通信	10.02	0.00	通信设备	68051	27.30	--  	--  	1151946	970	         12.05	11.28	30.42	30.42	0.061㈢	   373.60	3360540928	  0.89	        290.82亿	浙江	27.82	29.17	552184	599762	  0.92	30.42	0	  8.90	
002017	东信和平	10.01	0.00	通信设备	41911	14.70	--  	--  	223620	290	          6.48	5.61	15.49	15.49	0.089㈢	   131.12	340768896	  0.45	         53.46亿	广东	14.84	15.24	101038	122581	  0.82	15.49	0	  7.65	
300366	创意信息	10.01	0.00	软件服务	21700	8.47	--  	--  	152515	333	          4.74	4.01	8.79	8.79	0.158㈢	    41.71	133606128	  0.91	         28.31亿	四川	8.51	8.76	120353	32161	  3.74	8.79	0	  7.65	
600775	南京熊猫	10.01	0.00	通信设备	13948	10.16	--  	--  	743171	599	         11.06	10.30	11.21	11.21	0.089㈢	    94.59	816658688	  1.31	         75.31亿	江苏	10.38	10.99	424959	318211	  1.34	11.21	0	  8.89	
300504	天邑股份	9.99	0.00	通信设备	18213	27.20	--  	--  	145097	121	         21.70	7.85	29.29	29.29	0.530㈢	    44.81	415547520	  1.64	         19.58亿	四川	27.23	28.64	70592	74504	  0.95	29.29	0	  7.62	
002848	高斯贝尔	9.97	0.00	通信设备	21044	15.15	--  	--  	236143	454	         26.94	5.78	15.99	15.99	-0.176㈢	--  	372632384	  1.54	         14.01亿	湖南	15.45	15.78	137307	98836	  1.39	15.99	0	  7.61	
603803	瑞斯康达	9.97	0.00	通信设备	18695	11.56	--  	--  	338942	386	         15.42	8.92	12.58	12.58	0.191㈢	    49.39	417757792	  2.26	         27.65亿	北京	11.56	12.33	195036	143906	  1.36	12.58	0	  8.84	
002231	奥维通信	9.96	0.00	通信设备	1550	7.80	--  	--  	339560	1134	         11.10	7.73	8.39	8.39	-0.013㈢	--  	275796544	  1.98	         25.66亿	辽宁	7.93	8.12	170959	168601	  1.01	8.39	0	  7.60	
002148	北纬科技	9.83	-0.12	互联网	332	6.93	--  	7.61	791893	4579	         17.83	9.83	7.61	7.60	0.068㈢	    83.66	584241024	  2.39	         33.75亿	北京	6.95	7.38	377055	414837	  0.91	7.60	1051	  7.46	
300679	电连技术	9.50	1.16	元器件	114	33.73	--  	36.79	105838	2341	         10.48	9.59	36.95	36.78	0.932㈢	    29.59	379696640	  1.41	         37.16亿	深圳	33.73	35.88	45707	60131	  0.76	36.78	237	  7.13	
002547	春兴精工	8.14	1.01	通信设备	2455	8.40	--  	9.03	1364683	21232	         17.11	8.98	9.15	9.03	0.039㈢	   173.01	1207545728	  0.95	         72.03亿	江苏	8.40	8.85	614212	750470	  0.82	9.02	996	  5.78	
300638	广和通	7.91	-1.01	通信设备	23	44.00	--  	46.50	68312	567	         17.12	7.89	47.40	46.50	0.480㈢	    73.16	313722912	  1.20	         18.55亿	深圳	44.18	45.93	31887	36424	  0.88	46.45	213	  5.55	
002123	梦网集团	7.83	-0.47	互联网	43	11.63	--  	12.40	564913	5777	          8.75	8.87	12.65	12.40	0.188㈢	    49.49	689967744	  1.28	         80.03亿	深圳	11.70	12.21	284441	280472	  1.01	12.39	2328	  5.46	
000070	特发信息	6.47	-0.11	通信设备	475	15.66	--  	16.28	1081736	11568	         18.02	7.26	16.77	16.28	0.262㈢	    46.60	1752128256	  1.12	         97.73亿	深圳	16.00	16.20	552691	529044	  1.04	16.27	3132	  4.11	
002364	中恒电气	6.13	0.45	电气设备	5	10.63	--  	11.25	214309	2413	          4.16	8.96	11.58	11.25	0.158㈢	    53.40	237290768	  1.36	         57.98亿	浙江	10.66	11.07	101571	112738	  0.90	11.24	477	  3.77	
603220	贝通信	5.63	0.56	通信设备	856	35.88	--  	37.56	263843	4053	         31.25	6.92	38.34	37.55	0.213㈢	   132.47	985187200	  1.01	         31.71亿	湖北	35.88	37.34	128436	135407	  0.95	37.55	42	  4.50	
603186	华正新材	5.61	0.25	元器件	156	24.01	--  	27.87	74219	813	         10.07	14.63	27.87	27.87	0.450㈢	    46.74	197162560	  1.40	         20.54亿	浙江	26.60	26.56	33673	40546	  0.83	27.86	124	  4.49	
002217	合力泰	5.13	0.40	元器件	7065	7.26	--  	7.58	2162561	29375	          8.44	6.10	7.70	7.58	0.381㈢	    14.91	1621293184	  1.37	        194.15亿	山东	7.26	7.50	960298	1202262	  0.80	7.57	10649	  2.77	
300379	东方通	5.13	-0.13	软件服务	226	20.08	--  	20.91	169304	1290	          8.81	8.05	21.68	20.90	0.081㈢	   193.29	353326464	  1.15	         40.18亿	北京	20.08	20.87	81599	87704	  0.93	20.90	38	  2.77	
002725	跃岭股份	5.07	-0.45	汽车配件	701	10.19	--  	10.79	239797	4249	         13.58	10.14	11.23	10.78	0.104㈢	    77.53	253341168	  1.58	         19.03亿	浙江	10.32	10.56	110910	128886	  0.86	10.78	2775	  2.70	
002194	*ST凡谷	5.00	0.00	通信设备	5184	11.15	--  	--  	148303	17	          2.80	1.76	11.34	11.34	-0.094㈢	--  	167617712	  1.24	         60.14亿	湖北	11.16	11.30	83746	64556	  1.30	11.34	0	  2.64	
300310	宜通世纪	4.95	0.16	通信设备	689	6.00	--  	6.36	952505	11806	         15.16	9.08	6.55	6.36	-0.645㈢	--  	595671232	  1.20	         39.96亿	广东	6.17	6.25	448972	503533	  0.89	6.35	745	  2.59	
002913	奥士康	4.93	0.02	元器件	116	54.40	--  	56.00	97802	2628	         27.16	7.87	58.60	56.00	1.280㈢	    33.40	552035392	  1.62	         20.17亿	湖南	56.00	56.44	45666	52136	  0.88	55.99	45	  2.56	
002886	沃特股份	4.77	0.42	塑料	314	18.30	--  	19.12	77961	1147	         15.72	7.02	19.58	19.11	0.198㈢	    72.34	147849648	  1.68	          9.48亿	深圳	18.30	18.96	34244	43716	  0.78	19.11	23	  2.41	
300548	博创科技	4.64	-0.01	元器件	49	40.31	--  	42.38	28398	108	          8.33	9.38	44.11	42.38	0.540㈢	    59.12	121485560	  1.25	         14.46亿	浙江	40.53	42.78	13580	14818	  0.92	42.34	50	  2.28	
000889	中嘉博创	4.27	0.40	通信设备	12	12.50	--  	12.70	72739	289	          1.17	6.40	13.28	12.70	0.260㈢	    39.47	93793832	  1.02	         78.95亿	河北	12.70	12.89	38183	34556	  1.10	12.69	167	  1.90	
000801	四川九洲	3.70	0.16	通信设备	921	6.06	--  	6.17	512264	7316	          5.01	4.87	6.35	6.17	0.022㈢	   205.72	316357408	  1.13	         63.11亿	四川	6.30	6.18	272260	240003	  1.13	6.16	505	  1.33	
300502	新易盛	3.31	-0.09	通信设备	150	28.20	--  	28.99	72272	947	          4.59	7.98	30.44	28.99	0.023㈢	   957.03	213201616	  1.20	         45.67亿	四川	28.20	29.50	32586	39686	  0.82	28.98	178	  0.95	
300735	光弘科技	3.02	0.14	通信设备	384	21.12	--  	21.49	116558	642	         10.68	5.08	22.18	21.49	0.500㈢	    32.25	252901728	  1.45	         23.46亿	广东	21.18	21.70	51283	65275	  0.79	21.48	106	  0.66	
300312	邦讯技术	2.86	0.11	通信设备	647	8.85	--  	9.00	274819	1636	         14.36	4.00	9.20	9.00	-0.034㈢	--  	248831792	  1.17	         17.22亿	北京	8.85	9.05	124227	150591	  0.82	8.99	1957	  0.49	
603322	超讯通信	2.83	0.09	通信设备	140	33.56	--  	33.81	57369	595	         12.65	7.88	36.15	33.80	0.110㈢	   258.20	198282016	  1.22	         15.33亿	广东	35.45	34.56	25746	31622	  0.81	33.80	1	  1.71	
300123	亚光科技	2.79	-0.20	船舶	292	13.31	--  	13.98	176549	1529	          5.75	6.84	14.24	13.98	0.157㈢	    66.85	243697488	  0.96	         42.94亿	湖南	13.60	13.80	93543	83005	  1.13	13.97	120	  0.43	
000890	法 尔 胜	2.78	0.48	钢加工	429	6.09	--  	6.30	228841	2409	          6.03	5.39	6.42	6.29	0.104㈢	    45.39	144082000	  0.70	         23.88亿	江苏	6.16	6.30	102764	126076	  0.82	6.29	985	  0.41	
300325	德威新材	2.76	0.25	塑料	1266	3.96	--  	4.09	567766	7028	          7.14	5.28	4.17	4.09	0.025㈢	   122.78	230341776	  0.95	         32.51亿	江苏	4.01	4.06	270015	297750	  0.91	4.08	4648	  0.40	
601869	长飞光纤	2.68	0.34	通信设备	404	46.96	--  	47.56	127269	942	         16.79	4.62	49.10	47.55	1.760㈢	    21.85	612072640	  1.26	         36.04亿	湖北	46.97	48.09	64290	62978	  1.02	47.55	5	  1.56	
000586	汇源通信	2.66	0.08	通信设备	223	11.67	--  	11.96	207337	2117	         10.72	4.73	12.22	11.95	-0.010㈢	--  	248529248	  1.00	         23.12亿	四川	11.70	11.99	101422	105914	  0.96	11.95	93	  0.30	
603083	剑桥科技	2.65	0.11	通信设备	442	26.10	--  	26.39	71330	976	         12.91	5.45	27.50	26.38	0.440㈢	    45.20	190383504	  1.13	         14.58亿	上海	27.06	26.69	38239	33090	  1.16	26.38	26	  1.52	
300747	锐科激光	2.56	0.04	元器件	1	144.01	--  	146.56	37247	220	         11.64	4.09	149.86	146.56	3.420㈢	    38.62	548846848	  1.24	         46.90亿	湖北	144.49	147.35	18522	18725	  0.99	146.55	3	  0.20	
300250	初灵信息	2.53	-0.18	软件服务	200	15.15	--  	15.38	185136	1699	         13.32	7.67	16.30	15.38	0.257㈢	    44.90	291249312	  1.12	         21.38亿	浙江	15.64	15.73	90600	94535	  0.96	15.37	31	  0.17	
300593	新雷能	2.46	0.61	电气设备	908	20.90	--  	21.30	53793	218	          8.04	7.22	22.40	21.28	0.290㈢	    56.52	116782920	  1.15	         14.24亿	北京	20.90	21.71	24342	29451	  0.83	21.28	12	  0.09	
002912	中新赛克	2.44	0.38	软件服务	7	102.75	--  	104.91	18168	101	          3.51	6.13	109.03	104.90	1.465㈢	    53.69	193038608	  1.31	         54.36亿	深圳	102.75	106.25	7729	10438	  0.74	104.90	1	  0.08	
300292	吴通控股	2.35	-0.45	软件服务	12842	4.23	--  	4.36	674037	6276	          6.55	4.71	4.43	4.35	0.097㈢	    33.66	292249184	  1.00	         44.79亿	江苏	4.30	4.34	310740	363296	  0.86	4.35	3634	 -0.01	
000938	紫光股份	2.34	-0.07	软件服务	402	39.49	--  	39.88	142723	909	          4.95	3.93	41.02	39.86	0.796㈢	    37.53	574379136	  1.33	        115.00亿	北京	39.76	40.24	67854	74869	  0.91	39.86	530	 -0.03	
300608	思特奇	2.22	0.83	软件服务	255	23.75	--  	24.43	30916	324	          4.47	6.15	25.22	24.43	0.030㈢	   616.41	75938856	  1.45	         16.89亿	北京	24.00	24.56	17605	13311	  1.32	24.37	31	 -0.15	
002446	盛路通信	2.15	0.21	通信设备	1368	9.35	--  	9.50	653444	5693	         12.09	4.95	9.81	9.50	0.160㈢	    49.86	627678400	  0.93	         51.35亿	广东	9.35	9.61	331028	322416	  1.03	9.49	200	 -0.21	
002881	美格智能	2.08	0.10	通信设备	46	19.25	--  	19.61	64670	687	         14.26	4.01	20.02	19.60	0.158㈢	    93.32	127073504	  1.16	          8.89亿	深圳	19.47	19.65	31794	32876	  0.97	19.60	301	 -0.28	
002929	润建通信	2.01	0.21	通信设备	115	33.37	--  	33.97	79903	1597	         10.43	4.08	34.73	33.97	0.670㈢	    40.24	272979616	  1.14	         26.02亿	广西	33.63	34.16	38096	41806	  0.91	33.96	587	 -0.35	
000063	中兴通讯	1.95	0.00	通信设备	2743	29.90	--  	30.32	2159491	14881	          6.29	5.55	31.55	30.31	-1.732㈢	--  	6625920512	  0.98	       1040.88亿	深圳	30.11	30.68	1088681	1070810	  1.02	30.31	745	 -0.41	
600105	永鼎股份	1.89	-0.36	通信设备	5694	5.33	--  	5.39	405104	3760	          3.27	3.98	5.54	5.38	0.085㈢	    47.37	220371808	  0.90	         66.62亿	江苏	5.33	5.44	206237	198867	  1.04	5.38	737	  0.77	
300597	吉大通信	1.88	0.21	通信设备	1011	14.49	--  	14.63	122252	1443	          9.01	2.65	14.87	14.62	0.101㈢	   108.14	179646144	  0.99	         19.84亿	吉林	14.49	14.69	56517	65735	  0.86	14.62	490	 -0.48	
002369	卓翼科技	1.84	0.23	通信设备	635	8.75	--  	8.87	602885	3464	         14.37	4.60	9.15	8.86	0.078㈢	    85.61	538794048	  1.40	         37.18亿	深圳	8.80	8.94	292325	310559	  0.94	8.86	81	 -0.53	
002860	星帅尔	1.82	0.23	电气设备	90	21.31	--  	21.82	59467	330	         12.57	5.46	22.48	21.82	0.670㈢	    25.08	129871832	  1.26	         10.32亿	浙江	21.66	21.84	29811	29655	  1.01	21.80	84	 -0.54	
300134	大富科技	1.76	0.35	通信设备	1329	13.90	--  	14.46	460497	3837	          6.46	7.46	14.96	14.45	-0.091㈢	--  	667980992	  1.04	        102.94亿	深圳	14.15	14.51	217907	242590	  0.90	14.45	74	 -0.60	
600734	实达集团	1.76	0.00	电脑设备	1347	8.46	--  	8.69	502448	4706	         14.17	5.98	8.97	8.68	0.200㈢	    32.61	440360672	  1.06	         30.79亿	福建	8.64	8.76	268996	233452	  1.15	8.68	897	  0.64	
603042	华脉科技	1.76	0.14	通信设备	335	14.27	--  	14.48	57980	473	          5.74	3.66	14.79	14.47	-0.030㈢	--  	84187056	  1.16	         14.62亿	江苏	14.27	14.52	26421	31559	  0.84	14.47	126	  0.64	
300050	世纪鼎利	1.75	0.31	软件服务	802	6.30	--  	6.38	234813	2025	          6.36	4.47	6.58	6.38	0.058㈢	    81.89	151423840	  1.21	         23.55亿	广东	6.33	6.45	110965	123847	  0.90	6.37	1042	 -0.61	
002288	超华科技	1.75	0.17	元器件	2915	5.72	--  	5.82	777808	7087	          9.72	5.25	6.02	5.81	0.044㈢	    99.76	457803936	  0.80	         46.50亿	广东	5.74	5.89	384539	393269	  0.98	5.81	1189	 -0.61	
300635	达安股份	1.70	0.18	建筑施工	19	16.60	--  	16.75	72573	752	         16.60	3.64	17.20	16.75	0.300㈢	    42.10	122665248	  0.89	          7.32亿	广东	16.64	16.90	33950	38623	  0.88	16.74	122	 -0.66	
600770	综艺股份	1.66	0.33	综合类	1283	6.06	--  	6.14	410517	2550	          3.16	4.31	6.32	6.13	0.065㈢	    70.21	253153984	  1.18	         79.69亿	江苏	6.13	6.17	202891	207626	  0.98	6.13	2542	  0.54	
000823	超声电子	1.63	0.10	元器件	519	9.85	--  	9.95	407112	3291	          7.58	3.88	10.23	9.95	0.339㈢	    22.03	407923808	  1.07	         53.42亿	广东	9.85	10.02	199039	208072	  0.96	9.94	599	 -0.73	
300711	广哈通信	1.55	0.10	通信设备	102	19.51	--  	19.69	50576	585	         11.19	2.94	20.08	19.69	0.129㈢	   114.32	100175424	  1.06	          8.90亿	广东	19.51	19.81	22717	27858	  0.82	19.68	112	 -0.82	
601138	工业富联	1.53	0.07	通信设备	1811	15.13	--  	15.32	938905	8160	          8.40	5.04	15.89	15.31	0.530㈢	    23.18	1458847488	  1.13	        171.15亿	深圳	15.13	15.54	497069	441835	  1.13	15.31	758	  0.40	
300288	朗玛信息	1.46	0.00	软件服务	429	15.03	--  	15.26	128735	1047	          6.35	3.99	15.63	15.25	0.230㈢	    49.72	197562544	  1.03	         30.94亿	贵州	15.15	15.35	65130	63605	  1.02	15.25	167	 -0.90	
002093	国脉科技	1.45	0.00	电信运营	66	8.36	--  	8.43	247340	1185	          2.54	3.86	8.68	8.42	0.126㈢	    50.02	211062560	  0.93	         82.00亿	福建	8.50	8.53	131386	115953	  1.13	8.42	499	 -0.92	
300038	数知科技	1.44	0.09	通信设备	1180	11.14	--  	11.28	373234	2685	          5.45	3.78	11.56	11.28	0.473㈢	    17.87	423733728	  1.17	         77.27亿	北京	11.14	11.35	186013	187220	  0.99	11.27	171	 -0.93	
300565	科信技术	1.44	-0.06	通信设备	47	14.71	--  	14.84	58501	579	          8.15	3.63	15.24	14.83	0.100㈢	   111.62	87571144	  1.07	         10.65亿	深圳	14.80	14.97	27827	30674	  0.91	14.83	495	 -0.93	
300493	润欣科技	1.40	0.46	通信设备	432	10.68	--  	10.85	100808	1255	          3.36	4.58	11.17	10.85	0.097㈢	    83.66	110334320	  0.81	         32.55亿	上海	10.70	10.94	51682	49126	  1.05	10.84	198	 -0.96	
002229	鸿博股份	1.39	0.00	广告包装	1891	7.85	--  	8.00	363835	4606	          8.84	4.18	8.18	8.00	-0.011㈢	--  	292515456	  1.03	         32.94亿	福建	7.97	8.04	163980	199854	  0.82	7.99	801	 -0.97	
000636	风华高科	1.37	0.00	元器件	6058	13.79	--  	14.11	972484	8593	         10.86	5.10	14.50	14.10	0.992㈢	    10.66	1383172224	  0.93	        126.22亿	广东	14.08	14.22	490776	481707	  1.02	14.10	1319	 -1.00	
300299	富春股份	1.35	-0.16	通信设备	3819	5.97	--  	6.03	426001	3517	          6.97	3.70	6.19	6.02	0.048㈢	    93.71	258766240	  0.91	         36.80亿	福建	6.05	6.07	214130	211871	  1.01	6.02	2588	 -1.02	
000836	富通鑫茂	1.33	0.22	通信设备	2337	4.49	--  	4.57	515996	3809	          4.27	4.88	4.71	4.57	0.066㈢	    51.97	237602224	  1.08	         55.23亿	天津	4.51	4.60	267460	248536	  1.08	4.56	402	 -1.03	
300047	天源迪科	1.30	-0.19	软件服务	54	14.66	--  	14.81	178547	1119	          5.88	4.24	15.28	14.80	0.196㈢	    56.63	266527136	  1.07	         44.93亿	深圳	14.85	14.93	90393	88153	  1.03	14.80	20	 -1.06	
002897	意华股份	1.29	7.90	元器件	1	22.20	--  	24.30	240306	1842	         35.68	15.34	25.88	24.30	0.369㈢	    49.36	569493888	  1.73	         16.37亿	浙江	23.99	23.70	121632	118674	  1.02	24.26	651	 -1.07	
300025	华星创业	1.29	0.18	通信设备	1449	5.44	--  	5.51	271884	934	          6.98	3.86	5.65	5.51	-0.084㈢	--  	151206032	  1.06	         21.45亿	浙江	5.45	5.56	135049	136834	  0.99	5.50	912	 -1.08	
300731	科创新源	1.28	0.08	橡胶	129	25.99	--  	26.14	32243	769	          5.49	2.75	26.70	26.14	0.460㈢	    43.13	84920512	  0.97	         15.35亿	深圳	26.00	26.34	14983	17259	  0.87	26.13	13	 -1.09	
300265	通光线缆	1.28	0.00	电气设备	434	9.45	--  	9.54	141169	1214	          4.19	3.61	9.79	9.53	0.091㈢	    78.46	135824800	  0.89	         32.09亿	江苏	9.55	9.62	70489	70680	  1.00	9.53	10	 -1.09	
300209	天泽信息	1.23	0.00	软件服务	443	13.03	--  	13.20	68665	289	          2.60	3.45	13.48	13.19	-0.074㈢	--  	91042392	  0.98	         34.79亿	江苏	13.12	13.26	34988	33677	  1.04	13.19	125	 -1.14	
002463	沪电股份	1.19	0.18	元器件	1695	10.81	--  	11.04	1132564	7476	          6.77	7.06	11.58	11.03	0.230㈢	    37.24	1268296960	  1.22	        184.61亿	江苏	10.97	11.20	579771	552792	  1.05	11.03	521	 -1.17	
603912	佳力图	1.18	0.00	专用机械	254	16.16	--  	16.33	83323	560	          7.73	4.22	16.84	16.32	0.380㈢	    32.66	138027664	  0.94	         17.59亿	江苏	16.29	16.57	40411	42911	  0.94	16.32	629	  0.06	
002089	新 海 宜	1.12	0.00	通信设备	2830	5.35	--  	5.42	901417	6831	          9.63	4.10	5.57	5.42	0.078㈢	    52.09	492252096	  0.78	         50.75亿	江苏	5.41	5.46	490545	410871	  1.19	5.41	935	 -1.25	
300615	欣天科技	1.12	-0.09	元器件	237	20.63	--  	20.85	67111	486	         16.64	4.71	21.60	20.84	0.127㈢	   123.04	142460160	  0.81	          8.40亿	深圳	20.87	21.23	33916	33194	  1.02	20.84	68	 -1.25	
300698	万马科技	1.12	0.17	通信设备	42	17.05	--  	17.23	50364	922	         11.08	4.23	17.77	17.22	0.046㈢	   278.88	87962368	  1.22	          7.83亿	浙江	17.17	17.47	25629	24734	  1.04	17.22	176	 -1.25	
002927	泰永长征	1.11	-0.02	电气设备	433	36.00	--  	37.20	131226	1208	         25.54	6.47	38.38	37.19	0.400㈢	    72.69	489144960	  1.36	         19.11亿	贵州	37.00	37.27	67531	63695	  1.06	37.19	555	 -1.25	
600522	中天科技	1.10	0.10	通信设备	3118	10.02	--  	10.08	1095327	9757	          3.57	2.81	10.30	10.08	0.533㈢	    14.19	1115324032	  1.10	        309.06亿	江苏	10.09	10.18	551215	544112	  1.01	10.07	1374	 -0.02	
603618	杭电股份	1.07	0.00	电气设备	784	6.50	--  	6.65	227768	1653	          3.32	5.02	6.83	6.64	0.110㈢	    46.19	152086912	  0.85	         45.61亿	浙江	6.51	6.68	105034	122734	  0.86	6.64	1760	 -0.06	
002885	京泉华	1.00	0.04	元器件	124	23.05	--  	23.34	54809	412	         12.15	3.46	23.85	23.33	0.690㈢	    32.64	128973208	  0.87	         10.53亿	深圳	23.25	23.53	26384	28424	  0.93	23.33	105	 -1.37	
002268	卫 士 通	0.94	-0.03	软件服务	56	25.58	--  	25.81	114397	666	          1.41	3.29	26.42	25.80	-0.088㈢	--  	298266304	  1.26	        208.95亿	四川	25.72	26.07	56678	57718	  0.98	25.80	39	 -1.43	
002402	和而泰	0.93	-0.22	元器件	962	8.62	--  	8.68	258722	1771	          3.58	3.73	8.94	8.67	0.216㈢	    30.14	227023088	  0.94	         62.66亿	深圳	8.70	8.77	130901	127821	  1.02	8.67	198	 -1.43	
002313	日海智能	0.92	0.16	通信设备	33	25.18	--  	25.26	99396	1089	          3.19	4.80	26.38	25.25	0.331㈢	    57.29	254947392	  1.28	         78.78亿	深圳	26.01	25.65	51177	48218	  1.06	25.25	24	 -1.45	
300739	明阳电路	0.92	0.09	元器件	143	22.97	--  	23.11	71068	1011	         15.38	3.10	23.68	23.10	0.520㈢	    33.64	165648048	  1.15	         10.67亿	深圳	23.03	23.31	34378	36689	  0.94	23.10	82	 -1.45	
603559	中通国脉	0.88	0.04	通信设备	1313	23.80	--  	23.94	103299	902	         12.99	3.16	24.55	23.94	0.120㈢	   160.67	250137232	  1.08	         19.03亿	吉林	23.95	24.21	49509	53790	  0.92	23.93	124	 -0.24	
002023	海特高新	0.86	0.00	航空	1276	11.66	--  	11.75	403773	4518	          6.12	3.18	12.03	11.74	0.064㈢	   137.09	477488352	  0.91	         77.40亿	四川	11.67	11.83	199085	204688	  0.97	11.74	454	 -1.51	
002792	通宇通讯	0.86	-0.10	通信设备	139	35.06	--  	35.31	69801	518	          9.87	2.54	35.95	35.30	0.260㈢	    98.71	248177696	  0.90	         24.96亿	广东	35.70	35.55	37098	32703	  1.13	35.30	142	 -1.51	
300308	中际旭创	0.83	0.00	电气设备	129	54.01	--  	54.86	93521	591	          4.29	5.79	57.16	54.85	1.013㈢	    40.62	521158944	  0.98	        119.63亿	山东	54.80	55.73	47949	45572	  1.05	54.85	74	 -1.54	
600487	亨通光电	0.83	0.14	通信设备	2808	21.87	--  	21.99	807769	4202	          4.34	3.58	22.65	21.98	1.107㈢	    14.89	1802769536	  1.15	        408.90亿	江苏	22.43	22.32	413474	394295	  1.05	21.98	561	 -0.30	
600198	*ST大唐	0.81	-0.10	通信设备	498	8.60	--  	8.71	181759	1548	          2.08	4.28	8.97	8.71	0.286㈢	    22.84	160583088	  1.03	         76.24亿	北京	8.65	8.83	94227	87532	  1.08	8.70	23	 -0.31	
300560	中富通	0.78	0.19	通信设备	35	20.45	--  	20.66	55557	614	          8.30	3.47	21.16	20.65	0.220㈢	    70.24	115820752	  1.07	         13.83亿	福建	20.53	20.85	27321	28235	  0.97	20.65	37	 -1.58	
300602	飞荣达	0.78	0.02	元器件	80	39.91	--  	40.21	52172	338	          8.41	4.61	41.75	40.21	0.796㈣	    50.54	212764400	  1.00	         24.93亿	深圳	39.91	40.78	27723	24448	  1.13	40.20	23	 -1.59	
300136	信维通信	0.63	-0.15	通信设备	70	30.00	--  	30.40	823701	4900	         10.17	4.97	31.50	30.39	0.880㈢	    25.79	2533530112	  1.10	        246.17亿	深圳	30.78	30.76	398881	424820	  0.94	30.39	2202	 -1.74	
002316	亚联发展	0.62	0.12	软件服务	439	8.04	--  	8.10	135296	905	          4.61	3.48	8.32	8.09	0.155㈢	    39.18	110308176	  1.08	         23.74亿	深圳	8.09	8.15	66237	69059	  0.96	8.09	559	 -1.74	
002104	恒宝股份	0.57	0.00	元器件	670	7.00	--  	7.06	286013	2409	          4.74	3.42	7.24	7.06	0.157㈢	    33.78	203584640	  0.80	         42.58亿	江苏	7.08	7.12	147415	138597	  1.06	7.05	272	 -1.79	
300590	移为通信	0.52	0.32	通信设备	277	34.41	--  	34.70	44148	663	          4.55	4.55	35.98	34.69	0.520㈢	    50.95	155651328	  0.64	         33.65亿	上海	34.79	35.26	24095	20053	  1.20	34.69	33	 -1.84	
002115	三维通信	0.49	0.00	通信设备	1726	12.30	--  	12.36	362357	2229	          9.85	4.07	12.80	12.35	0.310㈢	    30.66	455573472	  1.05	         45.41亿	浙江	12.36	12.57	180333	182024	  0.99	12.35	1286	 -1.88	
002544	杰赛科技	0.45	0.30	软件服务	95	13.08	--  	13.25	131801	895	          2.58	3.64	13.56	13.25	0.073㈢	   135.39	176349888	  1.00	         67.82亿	广东	13.30	13.38	67469	64332	  1.05	13.24	56	 -1.91	
300563	神宇股份	0.45	0.00	通信设备	101	26.73	--  	26.93	24293	282	          7.57	3.62	27.70	26.93	0.419㈢	    48.18	66053668	  1.09	          8.64亿	江苏	26.88	27.19	12980	11312	  1.15	26.92	14	 -1.92	
002935	天奥电子	0.43	0.39	元器件	68	48.76	--  	49.14	54382	545	         20.39	3.82	50.63	49.13	0.390㈢	   122.20	269385504	  0.92	         13.10亿	四川	49.16	49.54	27153	27228	  1.00	49.13	9	 -1.94	
002902	铭普光磁	0.40	0.16	元器件	117	24.65	--  	24.83	61681	798	          8.72	2.67	25.31	24.80	0.107㈢	   173.49	154300272	  0.89	         17.53亿	广东	25.00	25.02	32242	29439	  1.10	24.80	14	 -1.96	
300576	容大感光	0.38	0.06	染料涂料	513	15.83	--  	15.89	34433	196	          8.63	2.60	16.24	15.85	0.260㈢	    45.78	55257728	  1.20	          6.33亿	深圳	15.92	16.05	18175	16258	  1.12	15.85	5	 -1.98	
603703	盛洋科技	0.37	0.00	通信设备	115	10.82	--  	10.91	50237	725	          4.61	3.41	11.19	10.90	-0.027㈢	--  	55072788	  1.03	         11.88亿	浙江	10.99	10.96	29902	20334	  1.47	10.90	119	 -0.75	
002261	拓维信息	0.36	-0.35	互联网	2004	5.46	--  	5.52	676091	10127	          7.43	5.64	5.77	5.52	0.046㈢	    90.90	379094112	  0.98	         50.20亿	湖南	5.54	5.61	351571	324519	  1.08	5.51	2487	 -2.00	
002281	光迅科技	0.34	0.06	通信设备	686	31.77	--  	32.02	301061	1992	          4.83	4.33	33.15	32.01	0.410㈢	    59.12	979701056	  1.06	        199.35亿	湖北	32.24	32.54	155882	145178	  1.07	32.01	64	 -2.02	
603602	纵横通信	0.34	-0.19	通信设备	244	29.19	--  	29.60	88746	674	         13.37	4.00	30.37	29.60	0.219㈢	   101.29	264298768	  1.20	         19.65亿	浙江	29.56	29.78	44161	44584	  0.99	29.59	3	 -0.78	
600345	长江通信	0.33	-0.23	通信设备	449	24.21	--  	24.60	100660	978	          5.08	4.20	25.24	24.59	1.089㈢	    16.94	250353856	  1.18	         48.69亿	湖北	24.66	24.87	54623	46037	  1.19	24.59	2	 -0.80	
600050	中国联通	0.31	0.31	电信运营	14817	6.50	--  	6.58	4582494	31186	          2.16	5.80	6.88	6.57	0.112㈢	    44.06	3075330816	  0.93	       1392.62亿	北京	6.70	6.71	2374456	2208037	  1.08	6.57	11129	 -0.82	
300081	恒信东方	0.30	0.20	文教休闲	178	10.08	--  	10.14	197637	1335	          6.26	3.17	10.40	10.14	0.389㈢	    19.54	202080576	  1.18	         32.01亿	河北	10.35	10.22	101272	96364	  1.05	10.13	392	 -2.07	
002475	立讯精密	0.29	0.10	元器件	378	20.73	--  	20.95	656119	4118	          1.60	5.51	21.88	20.95	0.403㈢	    39.02	1397666560	  1.34	        861.15亿	深圳	21.12	21.30	343211	312908	  1.10	20.94	105	 -2.08	
600498	烽火通信	0.28	0.06	通信设备	66	32.41	--  	32.71	545099	4642	          4.94	4.63	33.92	32.70	0.560㈢	    45.41	1810175232	  1.17	        360.48亿	湖北	33.00	33.21	264780	280318	  0.94	32.70	50	 -0.85	
300537	广信材料	0.27	-0.08	染料涂料	127	11.13	--  	11.15	63718	1107	          6.84	3.33	11.50	11.15	0.191㈢	    43.68	71866328	  1.17	         10.39亿	江苏	11.20	11.28	35075	28642	  1.22	11.14	23	 -2.09	
300394	天孚通信	0.27	-0.20	通信设备	20	33.20	--  	33.79	38335	201	          2.34	4.01	34.55	33.79	0.480㈢	    55.30	130423192	  0.88	         55.30亿	江苏	33.95	34.02	19428	18906	  1.03	33.78	131	 -2.10	
300077	国民技术	0.23	-0.11	半导体	643	8.49	--  	8.55	577265	7835	         10.67	4.34	8.86	8.54	0.394㈢	    16.27	500209920	  0.99	         46.20亿	深圳	8.61	8.67	310972	266293	  1.17	8.54	49	 -2.13	
002786	银宝山新	0.20	-0.19	专用机械	657	10.05	--  	10.16	134395	1413	          3.53	5.43	10.60	10.15	0.049㈢	   155.82	138827968	  0.79	         38.70亿	深圳	10.36	10.33	69984	64410	  1.09	10.15	237	 -2.17	
300068	南都电源	0.19	0.32	电气设备	5067	15.39	--  	15.57	194629	7942	          3.13	1.55	15.63	15.56	0.500㈢	    23.61	301660960	  1.20	         96.64亿	浙江	15.53	15.50	92356	102272	  0.90	15.56	1299	 -2.17	
002916	深南电路	0.12	-0.11	元器件	322	115.33	--  	116.67	60060	343	          7.31	5.63	121.89	116.66	1.690㈢	    52.32	711096640	  1.26	         95.86亿	深圳	116.52	118.40	30032	30028	  1.00	116.66	11	 -2.24	
300252	金信诺	0.07	0.00	电气设备	281	13.98	--  	14.04	235762	2760	          6.03	4.06	14.55	14.04	0.193㈢	    54.68	337521600	  0.94	         54.91亿	深圳	14.13	14.32	117134	118627	  0.99	14.03	212	 -2.29	
002384	东山精密	0.06	0.12	通信设备	1045	15.81	--  	16.05	743370	7633	          6.39	6.80	16.90	16.04	0.422㈢	    28.53	1212141696	  1.13	        186.55亿	江苏	16.15	16.31	386455	356914	  1.08	16.04	550	 -2.30	
600485	信威集团	0.00	0.00	通信设备	0	--  	--  	--  	0	0	          0.00	0.00	--  	14.59	-0.282㈢	--  	0	  0.00	        264.45亿	北京	--  	14.59	0	0	--  	--  	0	 -1.12	
300098	高新兴	0.00	-0.10	通信设备	377	9.09	--  	9.27	650444	5908	          5.00	6.37	9.68	9.26	0.230㈢	    31.16	609903808	  1.17	        120.56亿	广东	9.56	9.38	347242	303201	  1.15	9.26	2209	 -2.36	
603118	共进股份	-0.12	0.00	通信设备	1327	7.94	--  	8.02	237233	922	          3.06	3.87	8.25	8.01	0.150㈢	    40.05	193087472	  1.05	         62.14亿	深圳	8.10	8.14	129449	107783	  1.20	8.01	1131	 -1.25	
600745	闻泰科技	-0.14	0.66	通信设备	22	28.89	--  	29.14	124536	543	          1.95	7.93	31.20	29.10	-0.266㈢	--  	373633792	  1.50	        185.44亿	湖北	30.01	30.00	73200	51336	  1.43	29.10	20	 -1.26	
300322	硕贝德	-0.34	-0.19	通信设备	324	14.65	--  	14.86	360743	4349	          9.82	4.70	15.35	14.85	0.129㈢	    86.33	542047680	  0.99	         54.58亿	广东	14.79	15.03	192173	168569	  1.14	14.85	749	 -2.70	
600289	*ST信通	-0.36	0.00	软件服务	2489	2.73	--  	2.75	108371	521	          1.91	2.90	2.81	2.75	-0.726㈢	--  	30053516	  0.86	         15.56亿	黑龙江	2.76	2.77	65318	43052	  1.52	2.74	2731	 -1.48	
300328	宜安科技	-0.39	0.30	铝	227	9.98	--  	10.11	208183	2557	          5.07	4.24	10.41	10.10	0.111㈢	    68.20	211887152	  0.76	         41.44亿	广东	10.04	10.18	114512	93670	  1.22	10.10	206	 -2.76	
000988	华工科技	-0.40	0.13	电器仪表	594	14.80	--  	14.95	464977	2017	          4.63	3.33	15.30	14.94	0.255㈢	    43.93	700768960	  1.19	        150.19亿	湖北	15.25	15.07	262369	202607	  1.29	14.94	784	 -2.76	
300319	麦捷科技	-0.48	0.00	元器件	649	8.20	--  	8.32	353692	1778	          5.54	4.07	8.54	8.31	0.140㈢	    45.30	296754688	  1.04	         53.05亿	深圳	8.40	8.39	184383	169309	  1.09	8.31	651	 -2.84	
002491	通鼎互联	-0.50	0.00	通信设备	787	9.95	--  	10.00	534375	5163	          4.54	3.98	10.35	9.99	0.372㈢	    20.13	541207424	  1.04	        117.46亿	江苏	10.25	10.13	297597	236778	  1.26	9.99	1558	 -2.86	
002837	英维克	-0.69	0.10	专用机械	209	20.00	--  	20.12	72482	713	         10.59	3.80	20.77	20.11	0.420㈢	    38.08	147966880	  1.04	         13.77亿	深圳	20.50	20.41	39820	32661	  1.22	20.11	61	 -3.06	
300578	会畅通讯	-0.98	0.26	通信设备	497	19.00	--  	19.20	116227	1291	         19.21	8.26	20.60	19.19	0.230㈢	    80.27	229867072	  0.91	         11.61亿	上海	20.40	19.78	63135	53092	  1.19	19.19	97	 -3.34	
300570	太辰光	-1.05	0.09	元器件	886	22.51	--  	22.72	97975	585	         10.28	5.01	23.66	22.71	0.469㈢	    36.34	226806496	  1.14	         21.65亿	深圳	22.95	23.15	48649	49325	  0.99	22.71	96	 -3.41	
002796	世嘉科技	-1.25	0.19	专用机械	20	47.58	--  	48.33	32687	298	          8.95	5.76	50.40	48.32	0.480㈣	   111.55	160686704	  1.19	         17.65亿	江苏	49.89	49.16	19176	13511	  1.42	48.32	8	 -3.61	
300684	中石科技	-1.27	0.07	化工原料	448	42.34	--  	42.66	66761	671	         10.89	4.77	44.40	42.60	0.690㈢	    46.66	289233792	  0.86	         26.12亿	北京	43.25	43.32	36257	30503	  1.19	42.60	7	 -3.64	
数据来源:通达信
