代码	名称	涨幅%%	涨速%%	细分行业	买量	最低	未匹配量	卖价	总量	现量	换手%%	振幅%%	最高	现价	每股收益	市盈(动)	总金额	量比	流通市值	地区	今开	均价	内盘	外盘	内外比	买价	卖量	强弱度%%	
600651	飞乐音响	10.13	0.00	电器仪表	90010	4.25	--  	--  	375450	103	          3.81	2.53	4.35	4.35	-0.837㈢	--  	163177792	  1.00	         42.86亿	上海	4.35	4.35	308577	66872	  4.61	4.35	0	  9.01	
300362	天翔环境	10.07	0.00	环境保护	22301	5.80	--  	--  	385658	2700	         12.42	14.36	6.67	6.67	-0.580㈢	--  	242307648	  0.78	         20.72亿	四川	6.00	6.28	209294	176364	  1.19	6.67	0	  7.70	
300198	纳川股份	10.06	3.05	塑料	19520	3.37	--  	--  	1084356	74733	         14.49	10.36	3.72	3.72	0.006㈢	   503.87	389107936	  1.89	         27.84亿	福建	3.45	3.59	577814	506542	  1.14	3.72	0	  7.69	
002596	海南瑞泽	10.06	1.14	其他建材	3457	8.70	--  	--  	791532	22651	          9.18	11.75	9.74	9.74	0.100㈢	    76.00	730288384	  1.35	         84.00亿	海南	8.80	9.23	355832	435700	  0.82	9.74	0	  7.69	
601068	中铝国际	10.03	0.00	建筑施工	12234	6.73	--  	--  	1380740	2013	         46.66	10.77	7.46	7.46	0.070㈢	    65.94	1006529024	  1.54	         22.07亿	北京	7.00	7.29	823684	557056	  1.48	7.46	0	  8.91	
300203	聚光科技	10.02	0.00	环境保护	568	26.37	--  	--  	318027	644	          7.04	9.18	28.77	28.77	0.928㈢	    23.26	898723328	  3.72	        129.94亿	浙江	26.50	28.26	158936	159090	  1.00	28.77	0	  7.65	
000711	京蓝科技	9.98	0.00	软件服务	74008	6.05	--  	--  	237667	845	          5.85	9.32	6.61	6.61	0.170㈢	    33.25	154655232	  1.04	         26.86亿	黑龙江	6.05	6.51	170765	66901	  2.55	6.61	0	  7.62	
300070	碧水源	9.97	0.10	环境保护	1543	9.61	--  	10.48	1258299	8844	          6.24	9.13	10.48	10.48	0.182㈢	    43.19	1291084160	  1.90	        211.22亿	北京	9.62	10.26	614239	644060	  0.95	10.47	12904	  7.60	
300197	铁汉生态	9.93	0.00	环境保护	33263	4.40	--  	--  	1381418	1480	          9.21	10.61	4.87	4.87	0.160㈢	    22.86	659535936	  1.76	         73.01亿	深圳	4.50	4.77	695340	686077	  1.01	4.87	0	  7.57	
000633	合金投资	9.93	0.00	综合类	10483	5.41	--  	--  	408487	464	         10.61	12.27	6.09	6.09	-0.024㈢	--  	244751616	  1.63	         23.45亿	新疆	5.53	5.99	310814	97673	  3.18	6.09	0	  7.56	
300355	蒙草生态	9.75	0.97	环境保护	8070	4.72	--  	5.19	1212431	20895	         10.27	9.96	5.19	5.18	0.203㈢	    19.16	613284800	  2.02	         61.17亿	内蒙	4.79	5.06	618254	594177	  1.04	5.18	27124	  7.38	
600728	佳都科技	9.63	1.35	软件服务	5714	10.81	--  	11.27	1894057	17753	         11.81	4.86	11.31	11.27	0.070㈢	   121.49	2108389760	  2.24	        180.79亿	广东	11.31	11.13	1041367	852690	  1.22	11.26	1122	  8.51	
600100	同方股份	9.28	-0.08	电脑设备	1542	10.52	--  	11.20	613050	3001	          2.07	7.23	11.26	11.19	-0.193㈢	--  	679055552	  3.44	        331.66亿	北京	10.52	11.08	255934	357115	  0.72	11.19	1809	  8.16	
000068	华控赛格	8.43	0.74	元器件	5013	6.22	--  	6.83	1111996	16922	         11.05	10.49	6.88	6.82	-0.048㈢	--  	730340800	  1.08	         68.65亿	深圳	6.42	6.57	506082	605914	  0.84	6.82	7032	  6.06	
300262	巴安水务	8.37	1.15	环境保护	289	8.12	--  	8.80	219675	4750	          5.27	9.48	8.89	8.80	0.234㈢	    28.19	188859616	  1.18	         36.68亿	上海	8.15	8.60	111614	108060	  1.03	8.79	305	  6.01	
300422	博世科	7.36	0.41	环境保护	1	11.36	--  	12.25	232831	1384	          8.80	10.43	12.55	12.25	0.492㈢	    18.67	281793760	  2.04	         32.41亿	广西	11.36	12.10	90290	142541	  0.63	12.24	961	  5.00	
300388	国祯环保	7.34	0.18	环境保护	357	10.58	--  	11.27	191762	929	          3.56	9.15	11.54	11.26	0.420㈢	    20.31	214819168	  2.49	         60.61亿	安徽	10.58	11.20	85010	106751	  0.80	11.26	249	  4.98	
603588	高能环境	6.85	0.19	环境保护	974	9.71	--  	10.30	234348	2218	          3.58	7.99	10.48	10.30	0.365㈢	    21.14	238360976	  2.08	         67.40亿	北京	9.80	10.17	101586	132762	  0.77	10.29	6	  5.72	
603828	柯利达	6.84	0.20	装修装饰	6301	9.23	--  	10.16	151204	2762	          3.59	9.68	10.15	10.15	0.170㈢	    49.10	145600400	  0.99	         42.75亿	江苏	9.60	9.63	61629	89575	  0.69	10.15	496	  5.72	
002411	延安必康	6.81	-0.57	化学制药	109	20.57	--  	22.27	354822	2349	          2.97	11.37	22.94	22.27	0.393㈢	    42.46	776963776	  2.26	        266.38亿	陕西	20.88	21.90	164328	190494	  0.86	22.26	49	  4.45	
300020	银江股份	6.58	0.72	软件服务	263	7.96	--  	8.42	353750	4387	          5.63	6.71	8.49	8.42	0.019㈢	   335.03	291571008	  1.46	         52.88亿	浙江	8.10	8.24	164225	189524	  0.87	8.41	1292	  4.22	
300495	美尚生态	6.28	1.52	环境保护	409	13.35	--  	14.05	365741	5239	         11.24	8.55	14.48	14.05	0.347㈢	    30.40	505599136	  2.46	         45.70亿	江苏	13.41	13.82	168253	197487	  0.85	14.04	3092	  3.91	
300212	易华录	6.05	0.15	软件服务	743	25.51	--  	26.63	182115	1009	          4.30	7.93	27.50	26.63	0.250㈢	    81.65	485816448	  1.23	        112.87亿	北京	25.59	26.68	86938	95176	  0.91	26.62	123	  3.69	
603081	大丰实业	5.76	2.41	专用机械	143	14.89	--  	16.16	284858	8891	         36.65	10.48	16.49	16.15	0.389㈢	    31.16	447865504	  1.29	         12.55亿	浙江	15.09	15.72	138117	146741	  0.94	16.15	72	  4.64	
002672	东江环保	5.38	0.08	环境保护	202	11.93	--  	12.54	139052	1088	          2.12	7.73	12.85	12.54	0.430㈢	    22.39	174550768	  1.69	         82.31亿	广东	12.03	12.55	54289	84763	  0.64	12.53	91	  3.01	
002421	达实智能	5.29	0.46	软件服务	3000	4.14	--  	4.38	806016	11095	          4.75	8.41	4.49	4.38	0.082㈢	    40.10	348085504	  1.87	         74.28亿	深圳	4.18	4.32	354979	451036	  0.79	4.37	1965	  2.92	
300137	先河环保	5.24	-0.08	环境保护	1899	10.43	--  	10.85	363448	2769	          7.67	6.60	11.11	10.84	0.267㈢	    30.43	394700128	  1.17	         51.37亿	河北	10.43	10.86	174178	189269	  0.92	10.84	708	  2.88	
002236	大华股份	5.23	0.12	电器仪表	1902	16.15	--  	16.49	1552241	10995	          8.46	6.89	17.23	16.49	0.540㈢	    23.71	2570447616	  1.75	        302.48亿	浙江	16.38	16.56	773961	778280	  0.99	16.48	239	  2.87	
000961	中南建设	5.21	0.24	建筑施工	229	7.76	--  	8.28	791296	3524	          2.14	8.77	8.45	8.28	0.342㈢	    18.18	647502912	  1.33	        306.35亿	江苏	7.83	8.18	398056	393239	  1.01	8.27	4834	  2.85	
600610	*ST毅达	4.93	0.00	建筑施工	16714	3.62	--  	--  	9101	10	          0.24	0.00	3.62	3.62	-0.020㈢	--  	3294595	  0.08	         13.60亿	上海	3.62	3.62	7827	1274	  6.14	3.62	0	  3.81	
000544	中原环保	4.33	0.00	环境保护	617	6.01	--  	6.27	166332	1192	          3.19	7.49	6.46	6.27	0.278㈢	    16.94	104175552	  1.51	         32.71亿	河南	6.01	6.26	79470	86861	  0.91	6.26	79	  1.96	
603817	海峡环保	4.32	0.13	环境保护	351	7.15	--  	7.49	79510	623	          4.42	8.79	7.78	7.48	0.175㈢	    32.15	59734728	  1.88	         13.46亿	福建	7.19	7.51	40357	39153	  1.03	7.48	542	  3.20	
002628	成都路桥	4.20	0.85	建筑施工	87	5.60	--  	5.95	725387	5275	         10.03	11.73	6.27	5.95	0.028㈣	   212.24	424150400	  1.35	         43.05亿	四川	5.74	5.85	346045	379342	  0.91	5.94	1906	  1.84	
000040	东旭蓝天	4.18	0.37	新型电力	2075	7.93	--  	8.23	728186	7155	          6.87	4.43	8.28	8.23	1.050㈢	     6.53	592916608	  1.56	         87.26亿	深圳	7.93	8.14	327378	400807	  0.82	8.22	2158	  1.81	
002310	东方园林	4.17	0.34	建筑施工	3084	8.42	--  	8.75	1647695	13781	         10.72	7.87	9.08	8.74	0.360㈢	    18.05	1450336768	  1.35	        134.39亿	北京	8.49	8.80	830629	817066	  1.02	8.74	9152	  1.81	
600602	云赛智联	3.84	0.00	软件服务	1534	6.36	--  	6.49	171602	859	          1.66	4.96	6.67	6.49	0.133㈢	    36.68	112390032	  1.58	         67.07亿	上海	6.36	6.55	89505	82096	  1.09	6.48	718	  2.72	
600187	国中水务	3.77	0.00	水务	1737	3.18	--  	3.31	832492	2996	          5.72	6.92	3.40	3.30	0.006㈢	   430.77	274680032	  1.30	         48.04亿	黑龙江	3.24	3.30	368854	463638	  0.80	3.30	4006	  2.65	
000826	启迪桑德	3.40	0.16	环境保护	41	11.76	--  	12.15	364504	4428	          3.07	6.21	12.49	12.15	0.540㈢	    15.37	443699264	  1.65	        144.30亿	湖北	11.90	12.17	184912	179592	  1.03	12.14	273	  1.04	
002205	国统股份	3.36	-0.18	其他建材	176	15.15	--  	15.67	34525	810	          2.97	5.28	15.95	15.67	-0.041㈢	--  	53769960	  1.44	         18.20亿	新疆	15.21	15.57	15496	19029	  0.81	15.66	37	  1.00	
600292	远达环保	3.29	0.16	环境保护	270	6.08	--  	6.28	185982	1351	          2.38	5.26	6.40	6.28	0.138㈢	    34.14	116606496	  1.60	         49.04亿	重庆	6.10	6.27	96950	89031	  1.09	6.27	528	  2.17	
300055	万邦达	3.20	0.00	环境保护	479	8.44	--  	8.72	255689	2347	          2.96	6.04	8.95	8.71	0.277㈢	    23.59	223951744	  1.64	         75.27亿	北京	8.44	8.76	128727	126962	  1.01	8.71	507	  0.83	
300145	中金环境	3.17	0.52	专用机械	3159	3.80	--  	3.91	703731	3569	          4.76	5.03	3.99	3.90	0.261㈢	    11.19	275045440	  1.11	         57.68亿	浙江	3.81	3.91	340821	362910	  0.94	3.90	2128	  0.81	
300172	中电环保	3.15	0.16	环境保护	371	6.01	--  	6.23	148270	2309	          4.28	4.80	6.30	6.23	0.189㈢	    24.77	91806368	  1.65	         21.56亿	江苏	6.06	6.19	71329	76941	  0.93	6.22	11	  0.78	
002717	岭南股份	3.08	0.23	环境保护	816	8.45	--  	8.70	301150	2893	          4.41	5.09	8.88	8.70	0.570㈢	    11.68	261901344	  1.61	         59.39亿	广东	8.47	8.70	137784	163365	  0.84	8.69	670	  0.72	
300266	兴源环境	3.06	0.00	环境保护	4058	3.89	--  	4.04	1067308	6940	          7.30	7.14	4.17	4.04	0.100㈢	    36.57	432789024	  1.31	         59.06亿	浙江	3.91	4.05	498771	568537	  0.88	4.03	2416	  0.70	
002200	云投生态	2.97	0.61	环境保护	347	6.37	--  	6.58	47636	600	          3.62	4.85	6.68	6.58	-1.267㈢	--  	31266296	  1.24	          8.66亿	云南	6.37	6.56	25173	22462	  1.12	6.57	394	  0.61	
300167	迪威迅	2.96	0.54	通信设备	246	5.50	--  	5.58	197451	3553	          6.58	6.84	5.87	5.57	-0.101㈢	--  	111522296	  1.53	         16.72亿	深圳	5.60	5.65	97661	99790	  0.98	5.57	463	  0.59	
300213	佳讯飞鸿	2.95	0.00	通信设备	1576	7.53	--  	7.67	353994	2966	          9.18	5.10	7.91	7.67	0.113㈢	    50.77	272161280	  1.14	         29.59亿	北京	7.58	7.69	163487	190506	  0.86	7.66	510	  0.59	
300002	神州泰岳	2.90	0.44	软件服务	3292	4.42	--  	4.61	1055158	14549	          7.50	8.48	4.80	4.61	-0.078㈢	--  	485276928	  1.14	         64.84亿	北京	4.47	4.60	566903	488254	  1.16	4.60	1313	  0.54	
600831	广电网络	2.89	-0.21	影视音像	133	8.83	--  	8.90	734135	9960	         13.03	7.98	9.52	8.90	0.196㈢	    34.05	669223104	  1.75	         50.15亿	陕西	9.52	9.12	332255	401879	  0.83	8.89	1761	  1.77	
300692	中环环保	2.84	1.33	环境保护	7	14.67	--  	15.20	79184	1853	          8.16	5.55	15.49	15.20	0.259㈢	    44.01	120010568	  1.21	         14.74亿	安徽	14.75	15.16	41736	37448	  1.11	15.19	524	  0.48	
002887	绿茵生态	2.82	0.29	环境保护	140	20.18	--  	20.79	43384	334	          8.45	4.55	21.10	20.78	0.708㈢	    22.01	89803088	  1.18	         10.67亿	天津	20.28	20.70	20978	22406	  0.94	20.78	15	  0.46	
000652	泰达股份	2.80	1.25	批发业	477	3.94	--  	4.04	543363	6206	          3.69	5.34	4.15	4.04	0.049㈢	    61.79	218534192	  0.93	         59.55亿	天津	4.03	4.02	288097	255266	  1.13	4.03	299	  0.43	
600491	龙元建设	2.74	0.13	建筑施工	3667	7.36	--  	7.49	357467	1321	          2.83	3.84	7.64	7.49	0.364㈢	    15.41	268413968	  1.33	         94.53亿	浙江	7.37	7.51	178802	178664	  1.00	7.48	2548	  1.62	
300517	海波重科	2.46	0.07	建筑施工	581	14.91	--  	14.98	62157	733	         15.11	3.70	15.45	14.97	0.220㈢	    54.12	94163160	  2.29	          6.16亿	湖北	15.14	15.15	36476	25680	  1.42	14.97	217	  0.10	
000967	盈峰环境	2.43	0.60	环境保护	10	6.61	--  	6.75	77632	94	          0.68	3.49	6.84	6.75	0.230㈢	    59.59	52499008	  1.20	         77.44亿	浙江	6.66	6.76	32287	45344	  0.71	6.74	487	  0.06	
600654	ST中安	2.42	0.47	软件服务	2778	2.07	--  	2.12	235494	2180	          3.12	4.35	2.16	2.12	-0.084㈢	--  	49975308	  1.43	         16.01亿	上海	2.07	2.12	99402	136092	  0.73	2.11	2205	  1.29	
300332	天壕环境	2.36	-0.45	环境保护	1429	4.19	--  	4.34	328933	3480	          4.63	5.91	4.44	4.33	0.035㈢	    91.97	142546400	  1.20	         30.74亿	北京	4.24	4.33	162508	166425	  0.98	4.33	561	 -0.00	
002340	格林美	2.33	0.21	小金属	4800	4.76	--  	4.84	1471553	11587	          3.89	4.03	4.95	4.83	0.130㈢	    29.04	715116992	  1.15	        182.75亿	深圳	4.76	4.86	721628	749925	  0.96	4.83	4130	 -0.03	
603778	乾景园林	2.26	0.61	建筑施工	394	4.85	--  	4.97	87225	533	          1.74	4.73	5.08	4.97	0.039㈢	    96.24	43426476	  0.98	         24.85亿	北京	4.86	4.98	40641	46584	  0.87	4.96	541	  1.14	
600170	上海建工	2.25	0.55	建筑施工	7568	3.56	--  	3.63	764342	7707	          0.90	3.10	3.67	3.63	0.190㈢	    13.39	277400992	  1.28	        308.07亿	上海	3.57	3.63	342155	422187	  0.81	3.62	890	  1.13	
603686	龙马环卫	2.16	0.15	专用机械	152	13.58	--  	13.73	111308	992	          3.75	5.21	14.28	13.72	0.666㈢	    15.46	155325888	  1.35	         40.73亿	福建	13.58	13.95	49797	61511	  0.81	13.72	584	  1.04	
600326	西藏天路	2.13	0.62	建筑施工	1806	7.86	--  	8.18	769426	9413	          8.89	6.13	8.35	8.17	0.439㈢	    13.96	621671424	  1.29	         70.70亿	西藏	8.06	8.08	397574	371851	  1.07	8.17	910	  1.00	
600008	首创股份	1.99	0.24	环境保护	855	4.00	--  	4.10	807493	7852	          1.68	4.23	4.17	4.10	0.090㈢	    40.73	331088384	  1.34	        197.65亿	北京	4.01	4.10	362944	444549	  0.82	4.09	1571	  0.87	
002431	棕榈股份	1.99	0.22	建筑施工	4004	4.53	--  	4.62	566362	4512	          4.27	3.97	4.71	4.62	0.010㈢	   345.23	262838768	  1.19	         61.22亿	广东	4.54	4.64	279288	287073	  0.97	4.61	339	 -0.38	
000010	美丽生态	1.97	0.00	建筑施工	2167	3.56	--  	3.62	113350	2579	          2.17	3.94	3.70	3.62	-0.234㈢	--  	41385668	  0.97	         18.90亿	深圳	3.57	3.65	54552	58797	  0.93	3.61	1785	 -0.39	
600340	华夏幸福	1.97	0.00	区域地产	477	30.98	--  	31.65	418821	2420	          1.42	6.12	32.88	31.65	2.540㈢	     9.05	1341710848	  2.02	        935.24亿	河北	31.00	32.04	203832	214988	  0.95	31.64	13	  0.84	
300273	和佳股份	1.94	0.17	医疗保健	154	5.69	--  	5.77	352436	4108	          6.27	3.89	5.91	5.77	0.110㈢	    39.56	204220368	  1.07	         32.44亿	广东	5.74	5.79	166936	185500	  0.90	5.76	3370	 -0.42	
600874	创业环保	1.92	0.00	环境保护	1475	9.37	--  	9.56	376960	1774	          3.47	4.38	9.78	9.55	0.292㈢	    24.51	362063424	  1.19	        103.83亿	天津	9.47	9.60	180344	196615	  0.92	9.55	687	  0.80	
600502	安徽水利	1.90	0.00	建筑施工	31	4.21	--  	4.30	387577	4428	          4.26	4.51	4.40	4.29	0.252㈢	    12.78	167283520	  1.56	         39.07亿	安徽	4.23	4.32	198037	189539	  1.04	4.29	3266	  0.78	
000157	中联重科	1.89	-0.22	工程机械	5505	4.23	--  	4.32	809602	4652	          1.29	4.26	4.41	4.31	0.170㈢	    19.37	351305440	  1.69	        271.17亿	湖南	4.24	4.34	342897	466705	  0.73	4.31	1844	 -0.47	
600499	科达洁能	1.85	0.36	专用机械	490	5.40	--  	5.50	260498	765	          1.85	4.26	5.63	5.50	0.200㈢	    20.59	144257424	  1.26	         77.63亿	广东	5.47	5.54	119810	140687	  0.85	5.49	1447	  0.73	
600323	瀚蓝环境	1.84	-0.11	水务	134	15.90	--  	16.08	130251	863	          1.70	2.28	16.26	16.07	0.971㈢	    12.42	210178416	  1.28	        123.14亿	广东	15.90	16.14	62410	67841	  0.92	16.07	101	  0.72	
300152	科融环境	1.81	1.44	环境保护	6280	2.66	--  	2.82	1080780	11363	         15.16	7.94	2.88	2.82	-0.367㈢	--  	303016800	  1.10	         20.10亿	江苏	2.66	2.80	545920	534859	  1.02	2.81	3049	 -0.56	
300075	数字政通	1.79	0.34	软件服务	745	11.76	--  	11.92	164011	1672	          5.45	4.27	12.26	11.91	0.210㈢	    42.40	196431792	  1.21	         35.85亿	北京	11.82	11.98	80216	83794	  0.96	11.91	97	 -0.57	
600515	海航基础	1.78	0.17	全国地产	2520	5.63	--  	5.74	355534	2388	          2.14	4.09	5.86	5.73	0.313㈢	    13.73	205461824	  1.43	         95.02亿	海南	5.63	5.78	162870	192663	  0.85	5.73	414	  0.65	
300187	永清环保	1.77	-0.15	环境保护	1009	6.25	--  	6.34	146295	1044	          2.30	3.54	6.47	6.33	0.031㈢	   154.06	93482184	  1.25	         40.21亿	湖南	6.27	6.39	73261	73033	  1.00	6.33	345	 -0.60	
300190	维尔利	1.76	0.00	环境保护	345	5.67	--  	5.79	126219	863	          1.77	3.87	5.89	5.78	0.202㈢	    21.47	73141840	  1.67	         41.32亿	江苏	5.68	5.79	64106	62112	  1.03	5.78	185	 -0.60	
300021	大禹节水	1.71	1.36	农业综合	100	5.80	--  	5.96	250278	9929	          3.86	2.73	5.96	5.96	0.072㈢	    62.26	147242288	  1.37	         38.64亿	甘肃	5.88	5.88	117776	132501	  0.89	5.93	775	 -0.66	
600853	龙建股份	1.70	0.48	建筑施工	289	4.10	--  	4.18	110546	1558	          2.06	2.68	4.21	4.18	0.140㈢	    23.09	46035816	  0.92	         22.44亿	黑龙江	4.10	4.16	51964	58582	  0.89	4.17	1228	  0.58	
002002	鸿达兴业	1.67	-0.19	化工原料	3532	4.72	--  	4.87	1150509	8133	          4.51	6.47	5.03	4.87	0.257㈢	    14.22	557865344	  0.82	        124.14亿	江苏	4.79	4.85	567634	582875	  0.97	4.86	4142	 -0.69	
600939	重庆建工	1.66	0.55	建筑施工	1465	5.37	--  	5.50	115710	1258	          2.83	3.14	5.54	5.50	0.115㈢	    35.90	63129328	  1.23	         22.53亿	重庆	5.40	5.46	59143	56567	  1.05	5.49	466	  0.54	
000605	渤海股份	1.64	0.10	水务	267	10.38	--  	10.52	90605	1744	          3.32	3.09	10.70	10.52	0.104㈢	    75.55	95546240	  0.97	         28.72亿	北京	10.54	10.55	43881	46724	  0.94	10.51	374	 -0.72	
600820	隧道股份	1.52	0.27	建筑施工	2582	7.21	--  	7.33	426604	5022	          1.36	3.05	7.43	7.33	0.407㈢	    13.51	312973216	  1.38	        230.46亿	上海	7.26	7.34	237375	189229	  1.25	7.32	1062	  0.40	
600512	腾达建设	1.48	0.00	建筑施工	564	2.69	--  	2.75	911129	4565	          5.93	3.70	2.79	2.74	0.008㈢	   266.04	250058480	  0.85	         42.12亿	浙江	2.71	2.74	484283	426845	  1.13	2.74	10055	  0.36	
300334	津膜科技	1.48	0.12	专用机械	410	8.11	--  	8.22	118126	861	          4.11	4.44	8.47	8.22	0.017㈢	   363.25	98010472	  1.46	         23.62亿	天津	8.14	8.30	61257	56869	  1.08	8.21	24	 -0.88	
300165	天瑞仪器	1.47	0.00	电器仪表	102	4.76	--  	4.85	157641	1213	          5.00	4.19	4.96	4.84	0.104㈢	    35.00	76562408	  1.34	         15.25亿	江苏	4.80	4.86	76889	80751	  0.95	4.84	660	 -0.90	
000413	东旭光电	1.40	0.17	元器件	11896	5.71	--  	5.80	2587803	43325	          5.32	4.55	5.97	5.80	0.230㈢	    18.95	1507967232	  1.04	        282.12亿	河北	5.77	5.83	1333941	1253862	  1.06	5.79	2017	 -0.97	
300374	恒通科技	1.39	0.18	其他建材	374	10.65	--  	10.93	86640	718	          5.26	6.12	11.31	10.93	0.216㈢	    37.97	94808464	  1.24	         17.99亿	北京	10.70	10.94	45953	40687	  1.13	10.92	283	 -0.97	
300603	立昂技术	1.37	-0.41	通信设备	288	27.90	--  	28.19	52707	842	         10.92	6.92	29.82	28.12	0.350㈢	    84.48	152187824	  1.13	         13.58亿	新疆	28.63	28.87	26176	26530	  0.99	28.12	8	 -0.99	
603955	大千生态	1.34	0.00	环境保护	71	16.35	--  	16.59	24322	178	          3.41	4.89	17.15	16.58	0.499㈢	    24.93	40806916	  1.61	         11.82亿	江苏	16.40	16.78	12161	12161	  1.00	16.58	44	  0.22	
002298	中电兴发	1.27	0.14	软件服务	87	7.12	--  	7.19	114818	879	          2.21	3.39	7.36	7.18	0.170㈢	    31.62	83069048	  1.16	         37.23亿	安徽	7.12	7.23	55793	59025	  0.95	7.18	146	 -1.10	
300139	晓程科技	1.21	0.12	元器件	1006	8.25	--  	8.35	214554	1708	         10.10	3.64	8.55	8.35	0.080㈢	    78.52	180435408	  0.87	         17.74亿	北京	8.26	8.41	106720	107833	  0.99	8.34	592	 -1.15	
002307	北新路桥	1.18	0.29	建筑施工	3314	6.67	--  	6.85	737319	7528	          8.27	7.10	7.15	6.84	0.035㈢	   146.37	506974560	  1.34	         60.99亿	新疆	6.75	6.88	348473	388846	  0.90	6.84	1438	 -1.18	
002630	华西能源	1.17	0.29	专用机械	613	3.41	--  	3.48	1057602	10162	         10.90	5.54	3.60	3.47	0.094㈢	    27.65	369815296	  0.97	         33.67亿	四川	3.44	3.50	543825	513776	  1.06	3.47	4437	 -1.20	
300296	利亚德	1.15	-0.22	半导体	3045	8.69	--  	8.79	708503	4839	          3.91	4.61	9.09	8.78	0.372㈢	    17.71	632113664	  1.08	        158.93亿	北京	8.83	8.92	358887	349616	  1.03	8.78	706	 -1.21	
601117	中国化学	1.13	0.16	建筑施工	1501	6.18	--  	6.24	475867	4313	          0.96	2.76	6.35	6.24	0.330㈢	    14.20	298116800	  1.14	        307.82亿	北京	6.19	6.26	248465	227401	  1.09	6.23	836	  0.01	
603903	中持股份	1.13	0.13	环境保护	127	23.02	--  	23.24	37370	457	          5.04	3.79	23.89	23.23	0.630㈢	    28.04	87748960	  1.29	         17.22亿	北京	23.02	23.48	17568	19801	  0.89	23.23	44	  0.01	
300237	美晨生态	1.10	0.22	建筑施工	2578	4.54	--  	4.59	365239	4541	          2.53	4.19	4.73	4.59	0.266㈢	    12.93	169125520	  1.00	         66.36亿	山东	4.54	4.63	187675	177564	  1.06	4.58	14	 -1.26	
002140	东华科技	1.10	-0.26	建筑施工	2462	7.31	--  	7.40	67410	463	          1.53	3.56	7.57	7.38	0.267㈢	    20.75	50132144	  1.15	         32.44亿	安徽	7.35	7.44	33514	33896	  0.99	7.38	536	 -1.27	
603843	正平股份	1.09	0.00	建筑施工	732	8.26	--  	8.37	144212	1305	          7.48	3.26	8.53	8.36	0.126㈢	    49.58	120681616	  1.17	         16.12亿	青海	8.28	8.37	73627	70585	  1.04	8.36	652	 -0.03	
000662	天夏智慧	1.08	-0.14	软件服务	238	6.48	--  	6.54	151196	827	          4.04	3.55	6.71	6.54	0.124㈢	    39.54	99666024	  1.01	         24.48亿	广西	6.51	6.59	72014	79182	  0.91	6.53	1331	 -1.28	
002743	富煌钢构	1.07	0.30	钢加工	481	6.53	--  	6.59	85848	778	          2.57	2.76	6.71	6.59	0.187㈢	    26.47	56803412	  1.04	         22.05亿	安徽	6.54	6.62	43143	42705	  1.01	6.58	15	 -1.29	
002551	尚荣医疗	1.07	0.00	医疗保健	456	5.66	--  	5.69	128913	893	          2.91	3.20	5.84	5.69	0.145㈢	    29.37	74010560	  0.89	         25.25亿	深圳	5.75	5.74	69578	59334	  1.17	5.68	349	 -1.30	
000598	兴蓉环境	1.06	0.00	水务	4125	4.73	--  	4.78	319317	694	          1.07	2.54	4.85	4.77	0.284㈢	    12.58	153077152	  1.19	        142.44亿	四川	4.73	4.79	168195	151122	  1.11	4.77	3630	 -1.31	
002034	旺能环境	1.05	1.05	环境保护	446	16.60	--  	17.33	83426	834	          3.83	8.06	17.98	17.31	0.537㈢	    24.17	144807648	  1.07	         37.74亿	浙江	17.05	17.36	43650	39775	  1.10	17.31	36	 -1.31	
002775	文科园林	1.02	0.14	建筑施工	180	6.84	--  	6.91	96232	723	          2.22	3.80	7.10	6.91	0.400㈢	    13.79	67208448	  0.90	         29.95亿	深圳	6.88	6.98	54665	41567	  1.32	6.90	227	 -1.34	
600475	华光股份	1.01	0.00	专用机械	151	9.85	--  	9.97	75837	1053	          5.40	3.14	10.16	9.96	0.584㈢	    12.80	75758368	  1.05	         13.99亿	江苏	9.85	9.99	40553	35284	  1.15	9.96	144	 -0.11	
002524	光正集团	0.97	0.39	供气供热	1058	5.06	--  	5.19	192857	1001	          3.85	5.84	5.36	5.19	-0.021㈢	--  	100455752	  1.32	         26.00亿	新疆	5.15	5.21	105346	87510	  1.20	5.18	520	 -1.39	
601186	中国铁建	0.95	0.43	建筑施工	5249	11.60	--  	11.67	2166303	14419	          1.88	4.16	12.08	11.66	0.900㈢	     9.39	2562976000	  1.28	       1341.28亿	北京	11.81	11.83	1116115	1050187	  1.06	11.66	1697	 -0.17	
002374	丽鹏股份	0.95	-0.30	建筑施工	1102	3.19	--  	3.21	219113	1614	          2.73	2.84	3.28	3.20	0.026㈢	    91.53	70873608	  0.90	         25.64亿	山东	3.22	3.23	105726	113387	  0.93	3.20	2685	 -1.42	
002062	宏润建设	0.94	0.23	建筑施工	467	4.26	--  	4.30	86818	110	          0.91	2.35	4.36	4.30	0.202㈢	    15.94	37421740	  1.19	         41.22亿	浙江	4.26	4.31	35633	51184	  0.70	4.29	966	 -1.43	
600562	国睿科技	0.90	0.13	通信设备	406	15.41	--  	15.65	94052	601	          1.56	3.81	16.00	15.64	0.048㈢	   241.96	148172256	  1.03	         94.08亿	江苏	15.52	15.75	47429	46622	  1.02	15.64	306	 -0.22	
600963	岳阳林纸	0.88	0.22	造纸	1718	4.51	--  	4.57	307948	2315	          2.95	3.09	4.65	4.57	0.244㈢	    14.05	141132096	  1.10	         47.67亿	湖南	4.53	4.58	154625	153323	  1.01	4.56	111	 -0.24	
002060	粤 水 电	0.88	0.00	建筑施工	1032	3.41	--  	3.45	303660	2175	          2.53	2.35	3.49	3.44	0.074㈢	    34.73	104827648	  1.04	         41.34亿	广东	3.41	3.45	168539	135120	  1.25	3.44	3999	 -1.48	
300030	阳普医疗	0.86	0.00	医疗保健	181	5.76	--  	5.88	71623	196	          2.82	3.95	5.99	5.87	0.049㈢	    89.66	42325400	  1.09	         14.93亿	广东	5.85	5.91	36170	35453	  1.02	5.87	130	 -1.51	
000090	天健集团	0.84	0.17	建筑施工	33	5.94	--  	5.98	254905	483	          1.77	3.04	6.12	5.98	0.121㈢	    36.94	153345392	  1.26	         85.95亿	深圳	5.97	6.02	125874	129030	  0.98	5.97	4	 -1.52	
600068	葛洲坝	0.84	0.28	建筑施工	11045	7.14	--  	7.20	937250	3903	          2.04	3.50	7.39	7.20	0.510㈢	     8.92	681776576	  1.08	        331.54亿	湖北	7.20	7.27	496590	440659	  1.13	7.19	3552	 -0.28	
300056	三维丝	0.84	-0.16	环境保护	535	5.92	--  	6.01	72933	684	          3.38	5.21	6.23	6.00	-0.102㈢	--  	44465336	  1.20	         12.95亿	福建	5.97	6.10	35584	37349	  0.95	6.00	413	 -1.52	
000900	现代投资	0.82	0.20	路桥	1830	4.83	--  	4.91	318731	1282	          2.10	3.70	5.01	4.91	0.527㈢	     6.98	156505808	  0.87	         74.47亿	湖南	4.88	4.91	180472	138258	  1.31	4.90	701	 -1.54	
300746	汉嘉设计	0.80	0.05	建筑施工	469	21.09	--  	21.30	100853	1068	         19.17	3.12	21.75	21.30	0.240㈢	    76.27	215624496	  1.01	         11.20亿	浙江	21.37	21.38	48439	52413	  0.92	21.29	291	 -1.56	
601390	中国中铁	0.80	0.13	建筑施工	4233	7.47	--  	7.52	1678522	13227	          0.90	2.82	7.68	7.52	0.560㈢	     9.88	1271734656	  1.19	       1401.42亿	北京	7.54	7.58	921542	756979	  1.22	7.51	422	 -0.32	
600126	杭钢股份	0.79	0.20	普钢	2269	5.04	--  	5.09	159669	983	          1.32	3.37	5.21	5.09	0.475㈢	     8.03	81621896	  1.01	         61.34亿	浙江	5.06	5.11	86188	73480	  1.17	5.08	1677	 -0.33	
603388	元成股份	0.78	-0.25	建筑施工	32	11.49	--  	11.61	19427	154	          2.32	2.70	11.80	11.57	0.413㈢	    21.01	22595444	  1.09	          9.67亿	浙江	11.49	11.63	10777	8650	  1.25	11.57	32	 -0.34	
002081	金 螳 螂	0.74	0.74	装修装饰	9	10.75	--  	10.88	183590	1789	          0.71	3.06	11.08	10.88	0.600㈢	    13.78	200045200	  0.97	        280.29亿	江苏	10.84	10.90	101379	82211	  1.23	10.81	189	 -1.62	
000018	神州长城	0.74	0.00	装修装饰	1831	2.67	--  	2.74	636963	6821	          6.40	5.17	2.81	2.73	0.015㈢	   136.45	174520528	  0.76	         27.18亿	深圳	2.70	2.74	335489	301473	  1.11	2.73	4195	 -1.63	
002383	合众思壮	0.73	0.07	通信设备	417	13.83	--  	13.90	230691	1547	          4.75	3.26	14.28	13.89	0.350㈢	    29.63	323674400	  0.98	         67.52亿	北京	13.88	14.03	120818	109872	  1.10	13.89	158	 -1.64	
600704	物产中大	0.72	0.00	商贸代理	486	5.49	--  	5.57	352497	1815	          0.82	4.17	5.72	5.56	0.380㈢	     9.84	197186096	  1.16	        239.45亿	浙江	5.57	5.59	175954	176543	  1.00	5.56	1991	 -0.40	
600320	振华重工	0.72	0.00	工程机械	2907	4.06	--  	4.19	587843	3910	          1.77	4.57	4.25	4.19	0.037㈢	    84.93	244580960	  1.40	        139.19亿	上海	4.17	4.16	300862	286981	  1.05	4.18	4163	 -0.40	
600461	洪城水业	0.68	0.00	水务	7648	5.87	--  	5.93	109686	3622	          1.85	2.04	5.99	5.92	0.301㈢	    14.73	65106104	  1.37	         35.16亿	江西	5.90	5.94	52234	57452	  0.91	5.92	481	 -0.44	
002674	兴业科技	0.66	0.19	纺织	152	10.52	--  	10.62	24702	73	          1.03	2.37	10.77	10.62	0.183㈢	    43.62	26331384	  0.91	         25.53亿	福建	10.57	10.66	11669	13033	  0.90	10.60	368	 -1.70	
300275	梅安森	0.57	0.00	软件服务	191	8.75	--  	8.85	53946	271	          4.59	3.98	9.10	8.84	0.092㈢	    72.30	48069936	  1.09	         10.40亿	重庆	8.75	8.91	28967	24979	  1.16	8.84	87	 -1.80	
603636	南威软件	0.54	-0.35	软件服务	1221	10.99	--  	11.10	200488	1672	          3.82	4.27	11.46	11.07	0.250㈢	    35.76	224757392	  1.27	         58.08亿	福建	11.02	11.21	86025	114462	  0.75	11.07	20	 -0.58	
002480	新筑股份	0.53	0.35	机械基件	206	5.69	--  	5.74	152705	831	          2.39	2.63	5.84	5.73	0.022㈢	   195.52	88018208	  1.24	         36.60亿	四川	5.73	5.76	74840	77864	  0.96	5.73	221	 -1.84	
603316	诚邦股份	0.49	-0.11	建筑施工	159	8.21	--  	8.25	32034	1001	          3.05	2.56	8.42	8.24	0.207㈢	    29.82	26632456	  1.44	          8.66亿	浙江	8.25	8.31	16923	15111	  1.12	8.24	59	 -0.63	
002586	围海股份	0.39	0.19	建筑施工	62	5.12	--  	5.19	179182	826	          2.58	3.10	5.28	5.18	0.180㈢	    23.94	93186448	  1.21	         35.93亿	浙江	5.15	5.20	85338	93844	  0.91	5.18	1292	 -1.98	
600568	中珠医疗	0.37	0.00	区域地产	3854	2.71	--  	2.75	1196579	12536	          7.65	4.03	2.82	2.74	0.013㈢	   158.39	329730400	  0.91	         42.88亿	湖北	2.74	2.76	632304	564275	  1.12	2.74	3928	 -0.76	
002135	东南网架	0.36	0.00	建筑施工	137	5.58	--  	5.61	81279	749	          0.85	2.15	5.70	5.60	0.145㈢	    29.02	45752052	  0.96	         53.68亿	浙江	5.63	5.63	42652	38627	  1.10	5.60	382	 -2.01	
300067	安诺其	0.35	0.18	染料涂料	144	5.62	--  	5.68	122570	672	          2.45	3.18	5.80	5.68	0.177㈢	    24.11	69880272	  0.83	         28.38亿	上海	5.66	5.70	67321	55249	  1.22	5.67	430	 -2.01	
603616	韩建河山	0.33	0.25	其他建材	237	11.85	--  	12.00	121056	694	          4.13	3.60	12.28	11.99	0.025㈢	   362.69	145906032	  0.99	         35.17亿	北京	11.85	12.05	63698	57357	  1.11	11.99	1161	 -0.79	
600510	黑牡丹	0.31	-0.14	全国地产	443	6.42	--  	6.47	43344	319	          0.41	2.64	6.59	6.46	0.109㈢	    44.56	28180212	  1.20	         67.64亿	江苏	6.52	6.50	24042	19302	  1.25	6.46	104	 -0.81	
002663	普邦股份	0.30	0.30	建筑施工	3319	3.28	--  	3.35	736550	7877	          5.89	5.69	3.47	3.35	0.077㈢	    32.46	248223264	  0.88	         41.87亿	广东	3.38	3.37	396590	339959	  1.17	3.34	1349	 -2.07	
603797	联泰环保	0.29	0.07	环境保护	266	13.63	--  	13.78	46464	619	          8.71	4.73	14.28	13.77	0.266㈢	    38.84	64675772	  1.50	          7.34亿	广东	13.75	13.92	26169	20295	  1.29	13.77	52	 -0.83	
603568	伟明环保	0.28	0.04	环境保护	162	24.58	--  	24.80	36891	513	          0.54	5.62	25.97	24.80	0.850㈢	    22.15	93043600	  1.37	        169.34亿	浙江	24.80	25.22	19517	17374	  1.12	24.79	158	 -0.84	
601789	宁波建工	0.27	0.00	建筑施工	6183	3.70	--  	3.72	217558	2711	          2.23	2.43	3.79	3.72	0.156㈢	    17.90	81455040	  1.07	         36.31亿	浙江	3.72	3.74	122114	95444	  1.28	3.71	1218	 -0.85	
002532	新界泵业	0.17	0.17	农用机械	1049	5.75	--  	5.78	55108	507	          1.46	3.12	5.93	5.78	0.222㈢	    19.53	32113256	  0.79	         21.84亿	浙江	5.76	5.83	30681	24427	  1.26	5.77	227	 -2.19	
300044	赛为智能	0.12	-0.11	软件服务	592	8.30	--  	8.35	574597	6269	         10.82	4.56	8.68	8.34	0.141㈢	    44.50	485924064	  1.12	         44.30亿	深圳	8.50	8.46	302486	272111	  1.11	8.34	1375	 -2.24	
300098	高新兴	0.00	-0.10	通信设备	377	9.09	--  	9.27	650444	5908	          5.00	6.37	9.68	9.26	0.230㈢	    31.16	609903808	  1.17	        120.56亿	广东	9.56	9.38	347242	303201	  1.15	9.26	2209	 -2.36	
002542	中化岩土	0.00	-0.41	建筑施工	2191	4.76	--  	4.80	257145	1565	          2.65	3.34	4.92	4.79	0.090㈢	    39.99	124290512	  0.94	         46.40亿	北京	4.82	4.83	129521	127623	  1.01	4.79	894	 -2.36	
002353	杰瑞股份	0.00	0.10	化工机械	238	19.88	--  	20.00	137877	610	          2.05	2.70	20.42	20.00	0.379㈢	    39.61	277303488	  1.17	        134.60亿	山东	20.08	20.11	64222	73654	  0.87	19.99	295	 -2.36	
000925	众合科技	0.00	0.00	专用机械	1177	7.23	--  	7.30	197507	2425	          4.32	3.16	7.46	7.29	0.074㈢	    73.51	145416112	  1.09	         33.35亿	浙江	7.35	7.36	114103	83403	  1.37	7.29	691	 -2.36	
000753	漳州发展	0.00	0.00	汽车服务	2440	3.51	--  	3.54	326553	2958	          3.69	3.12	3.62	3.53	0.056㈢	    47.56	116500872	  0.66	         31.21亿	福建	3.53	3.57	176251	150302	  1.17	3.53	3326	 -2.36	
000628	高新发展	-0.09	0.00	园区开发	473	10.73	--  	10.81	111317	1338	          5.92	3.33	11.09	10.81	0.044㈢	   184.67	121575200	  0.87	         20.32亿	四川	10.95	10.92	60988	50329	  1.21	10.80	36	 -2.46	
300010	立思辰	-0.11	-0.10	软件服务	968	9.10	--  	9.28	357581	1015	          5.08	5.17	9.58	9.28	0.009㈢	   799.22	334338112	  1.34	         65.26亿	北京	9.32	9.35	191233	166347	  1.15	9.27	388	 -2.47	
002587	奥拓电子	-0.15	0.00	元器件	1414	6.51	--  	6.57	257727	1488	          6.46	4.71	6.82	6.57	0.200㈢	    25.47	170769616	  0.93	         26.23亿	深圳	6.60	6.63	148331	109396	  1.36	6.56	12	 -2.52	
300284	苏交科	-0.17	0.34	建筑施工	1709	11.75	--  	11.85	211468	1050	          3.89	3.80	12.20	11.82	0.452㈢	    19.61	254056400	  0.96	         64.32亿	江苏	11.87	12.01	112223	99244	  1.13	11.82	51	 -2.53	
002822	中装建设	-0.17	0.00	装修装饰	170	5.81	--  	5.87	120599	904	          3.94	2.90	5.98	5.86	0.221㈢	    19.85	71159600	  1.18	         17.94亿	深圳	5.88	5.90	68956	51642	  1.34	5.86	1031	 -2.53	
603603	博天环境	-0.19	0.19	环境保护	4	20.12	--  	20.93	102850	903	          4.38	7.06	21.60	20.93	0.396㈢	    39.59	215977808	  1.09	         49.15亿	北京	20.37	21.00	55758	47091	  1.18	20.92	2441	 -1.31	
300210	森远股份	-0.22	-0.21	专用机械	637	4.56	--  	4.63	164797	1472	          4.12	4.10	4.75	4.62	0.052㈢	    66.67	76928640	  0.99	         18.49亿	辽宁	4.64	4.67	77890	86907	  0.90	4.62	602	 -2.58	
002051	中工国际	-0.22	0.00	建筑施工	952	13.44	--  	13.55	264110	3066	          2.38	3.46	13.91	13.54	0.844㈢	    12.03	361771072	  0.96	        150.46亿	北京	13.65	13.70	143188	120921	  1.18	13.54	654	 -2.59	
000885	城发环境	-0.23	0.00	公路	890	8.60	--  	8.69	141984	897	          3.17	3.45	8.90	8.68	0.880㈢	     7.40	124306736	  1.78	         38.92亿	河南	8.75	8.76	77839	64144	  1.21	8.68	418	 -2.59	
300023	宝德股份	-0.39	0.39	专用机械	490	7.55	--  	7.63	199118	2319	         13.79	6.27	8.03	7.63	-0.058㈢	--  	154916160	  0.96	         11.02亿	陕西	7.86	7.78	100318	98799	  1.02	7.62	393	 -2.76	
603717	天域生态	-0.40	0.10	环境保护	86	9.97	--  	10.02	70983	631	          5.81	4.88	10.46	10.01	0.225㈢	    33.36	72273680	  1.46	         12.22亿	重庆	10.10	10.18	37118	33864	  1.10	10.01	31	 -1.52	
300263	隆华科技	-0.52	0.53	专用机械	131	5.60	--  	5.72	517051	5593	          9.15	5.05	5.89	5.71	0.100㈢	    43.30	295787232	  0.99	         32.28亿	河南	5.77	5.72	279701	237350	  1.18	5.71	543	 -2.89	
603007	花王股份	-1.01	-0.09	建筑施工	572	9.76	--  	9.77	70132	1288	          3.61	3.04	10.06	9.76	0.288㈢	    25.43	69257744	  1.05	         18.97亿	江苏	9.84	9.88	40079	30052	  1.33	9.76	130	 -2.14	
300205	天喻信息	-1.05	0.09	元器件	941	11.27	--  	11.34	160693	858	          3.77	4.19	11.75	11.34	0.177㈢	    48.07	184746752	  1.23	         48.31亿	湖北	11.46	11.50	91887	68806	  1.34	11.33	580	 -3.41	
数据来源:通达信
