代码	名称	涨幅%%	涨速%%	细分行业	买量	最低	未匹配量	卖价	总量	现量	换手%%	振幅%%	最高	现价	每股收益	市盈(动)	总金额	量比	流通市值	地区	今开	均价	内盘	外盘	内外比	买价	卖量	强弱度%%	
600425	青松建化	10.10	0.00	水泥	168450	4.36	--  	--  	904031	5054	          6.56	2.71	4.47	4.47	0.328㈢	    10.22	403698400	  1.33	         61.63亿	新疆	4.47	4.47	675339	228692	  2.95	4.47	0	  8.98	
601068	中铝国际	10.03	0.00	建筑施工	12234	6.73	--  	--  	1380740	2013	         46.66	10.77	7.46	7.46	0.070㈢	    65.94	1006529024	  1.54	         22.07亿	北京	7.00	7.29	823684	557056	  1.48	7.46	0	  8.91	
000911	南宁糖业	10.03	0.00	食品	19975	6.79	--  	--  	229494	283	          7.08	11.34	7.57	7.57	-1.999㈢	--  	168156368	  1.79	         24.53亿	广西	6.87	7.33	108145	121348	  0.89	7.57	0	  7.66	
600031	三一重工	7.65	-0.08	工程机械	225	10.93	--  	11.55	2681238	19645	          3.45	8.02	11.79	11.54	0.630㈢	    13.83	3085041920	  2.42	        895.85亿	北京	11.00	11.51	1301433	1379805	  0.94	11.54	843	  6.53	
600984	建设机械	7.38	0.00	工程机械	193	5.96	--  	6.40	222304	5524	          2.83	10.07	6.56	6.40	0.141㈢	    34.11	139690256	  2.29	         50.31亿	陕西	6.00	6.28	86872	135431	  0.64	6.39	2319	  6.26	
000812	陕西金叶	6.60	0.20	广告包装	250	4.56	--  	5.02	1083860	7378	         16.20	12.98	5.17	5.01	0.033㈢	   115.51	534288032	  1.65	         33.53亿	陕西	4.65	4.93	568482	515377	  1.10	5.01	787	  4.23	
002146	荣盛发展	5.83	0.29	全国地产	601	9.85	--  	10.35	980565	6693	          2.52	6.55	10.49	10.34	0.860㈢	     9.02	1003048064	  1.84	        402.59亿	河北	9.86	10.23	443615	536949	  0.83	10.34	1867	  3.47	
300162	雷曼股份	5.43	1.01	元器件	572	5.72	--  	6.02	219252	3892	         10.01	7.88	6.17	6.02	0.042㈢	   108.07	130507032	  1.28	         13.19亿	深圳	5.72	5.95	101331	117921	  0.86	6.01	281	  3.06	
600415	小商品城	5.19	0.41	商品城	1883	4.65	--  	4.86	758765	7450	          1.39	6.28	4.94	4.86	0.250㈢	    14.60	366860000	  1.44	        264.54亿	浙江	4.65	4.83	405699	353065	  1.15	4.85	3004	  4.07	
002207	ST准油	5.03	0.00	石油开采	2113	6.02	--  	--  	105584	12	          4.45	7.31	6.47	6.47	-0.072㈢	--  	67442280	  1.10	         15.36亿	新疆	6.10	6.39	49343	56240	  0.88	6.47	0	  2.67	
002941	新疆交建	4.92	0.06	建筑施工	2112	33.26	--  	35.01	211703	3920	         32.57	6.56	35.45	35.00	0.526㈢	    49.90	730628416	  0.80	         22.75亿	新疆	33.36	34.51	105651	106051	  1.00	35.00	83	  2.55	
000151	中成股份	4.87	-0.06	商贸代理	373	13.03	--  	13.99	289733	2618	         10.87	11.77	14.60	13.99	0.223㈢	    47.05	395792448	  1.46	         37.29亿	北京	13.30	13.66	142390	147342	  0.97	13.98	152	  2.51	
000425	徐工机械	4.49	0.24	工程机械	6142	4.06	--  	4.19	2567525	12265	          3.67	6.23	4.31	4.19	0.192㈢	    16.33	1077102976	  1.93	        293.03亿	江苏	4.09	4.20	1176275	1391250	  0.85	4.18	6369	  2.12	
000877	天山股份	4.40	0.10	水泥	3016	10.15	--  	10.45	1029467	11367	         11.70	8.20	10.97	10.44	0.730㈢	    10.73	1088057856	  2.20	         91.88亿	新疆	10.45	10.57	542557	486910	  1.11	10.44	2011	  2.04	
000159	国际实业	4.38	0.00	石油贸易	1082	4.76	--  	5.01	290184	2153	          6.04	10.65	5.27	5.00	0.056㈢	    67.18	144816464	  1.83	         24.03亿	新疆	4.78	4.99	135063	155120	  0.87	5.00	1740	  2.02	
601989	中国重工	4.13	2.02	船舶	7369	5.29	--  	5.56	3308750	97003	          1.80	4.88	5.55	5.55	0.062㈢	    67.30	1783735808	  1.37	       1019.07亿	北京	5.34	5.39	1636650	1672099	  0.98	5.55	7325	  3.01	
300103	达刚路机	4.09	0.00	工程机械	1108	9.98	--  	10.19	382268	3674	         15.21	7.98	10.76	10.18	0.095㈢	    80.29	395561184	  2.97	         25.59亿	陕西	10.00	10.35	169633	212635	  0.80	10.18	682	  1.73	
000528	柳 工	3.89	0.13	工程机械	1099	7.41	--  	7.75	803455	4544	          5.49	7.92	8.00	7.74	0.490㈢	    11.97	621122240	  1.63	        113.21亿	广西	7.49	7.73	373883	429571	  0.87	7.74	3167	  1.53	
600495	晋西车轴	3.83	0.18	运输设备	1209	5.20	--  	5.43	623494	6936	          5.16	9.20	5.68	5.42	0.033㈢	   123.30	336629728	  1.37	         65.48亿	山西	5.27	5.40	278984	344509	  0.81	5.42	2511	  2.71	
300090	盛运环保	3.67	0.00	环境保护	149	2.44	--  	2.55	1259013	18568	         11.02	7.35	2.62	2.54	-0.159㈢	--  	320223712	  1.02	         29.01亿	安徽	2.45	2.54	561561	697451	  0.81	2.54	3873	  1.31	
300024	机器人	3.35	0.17	专用机械	1010	17.00	--  	17.27	471214	3640	          3.11	4.49	17.75	17.27	0.211㈢	    61.38	820223168	  1.32	        261.40亿	辽宁	17.25	17.41	245281	225932	  1.09	17.26	2681	  0.99	
002202	金风科技	3.26	0.00	电气设备	259	13.95	--  	14.55	600709	2651	          2.10	7.52	15.01	14.55	0.670㈢	    16.04	868766336	  1.42	        415.37亿	新疆	14.15	14.46	286011	314697	  0.91	14.54	209	  0.90	
600738	兰州民百	3.22	-0.31	百货	1138	8.93	--  	9.31	436394	4862	         10.36	5.88	9.46	9.30	2.023㈣	     4.60	400262176	  1.33	         39.18亿	甘肃	9.46	9.17	220892	215502	  1.03	9.30	480	  2.10	
300213	佳讯飞鸿	2.95	0.00	通信设备	1576	7.53	--  	7.67	353994	2966	          9.18	5.10	7.91	7.67	0.113㈢	    50.77	272161280	  1.14	         29.59亿	北京	7.58	7.69	163487	190506	  0.86	7.66	510	  0.59	
603019	中科曙光	2.66	0.00	电脑设备	556	47.40	--  	47.92	323690	1699	          5.03	4.50	49.50	47.91	0.270㈢	   132.91	1570715008	  1.28	        308.07亿	天津	48.51	48.53	165686	158003	  1.05	47.91	125	  1.54	
000862	银星能源	2.36	0.58	新型电力	4655	6.56	--  	6.94	1212097	15768	         24.18	8.86	7.16	6.93	0.085㈢	    61.44	832590144	  0.92	         34.74亿	宁夏	6.79	6.87	626060	586037	  1.07	6.93	1928	 -0.00	
600710	苏美达	2.35	0.21	工程机械	379	4.67	--  	4.81	162094	922	          2.53	4.48	4.88	4.80	0.266㈢	    13.52	77749496	  1.06	         30.73亿	江苏	4.75	4.80	75091	87003	  0.86	4.80	849	  1.22	
000498	山东路桥	2.33	0.00	建筑施工	1543	5.94	--  	6.14	500004	2740	         11.35	8.33	6.44	6.14	0.314㈢	    14.68	306314368	  1.20	         27.06亿	山东	5.98	6.13	277188	222816	  1.24	6.13	6319	 -0.03	
000680	山推股份	2.30	0.25	工程机械	1828	3.90	--  	4.01	491691	2846	          4.65	5.61	4.12	4.01	0.069㈢	    43.87	198317968	  1.56	         42.38亿	山东	3.93	4.03	241450	250241	  0.96	4.00	3785	 -0.07	
600338	西藏珠峰	2.12	0.04	铅锌	73	24.53	--  	25.05	74275	295	          1.14	3.79	25.46	25.05	1.177㈢	    15.96	185841872	  1.04	        163.58亿	西藏	24.68	25.02	30281	43994	  0.69	25.04	358	  1.00	
000672	上峰水泥	2.09	0.10	水泥	1538	10.11	--  	10.27	473602	3122	          5.82	3.68	10.48	10.26	1.129㈢	     6.82	486753632	  1.42	         83.48亿	甘肃	10.20	10.28	228706	244896	  0.93	10.26	92	 -0.27	
300011	鼎汉技术	2.03	0.14	运输设备	303	6.98	--  	7.04	194173	930	          4.33	3.19	7.20	7.04	0.056㈢	    94.41	137725552	  1.29	         31.55亿	北京	7.00	7.09	102925	91248	  1.13	7.03	339	 -0.34	
000400	许继电气	2.01	0.00	电气设备	154	11.00	--  	11.16	298323	2045	          2.96	3.84	11.42	11.16	0.154㈢	    54.31	335641760	  1.23	        112.51亿	河南	11.00	11.25	153164	145159	  1.06	11.15	1144	 -0.35	
601886	江河集团	1.97	0.36	装修装饰	1468	8.12	--  	8.29	330559	3883	          3.51	4.80	8.51	8.28	0.383㈢	    16.20	275166336	  1.80	         77.94亿	北京	8.16	8.32	145203	185355	  0.78	8.28	928	  0.85	
000063	中兴通讯	1.95	0.00	通信设备	2743	29.90	--  	30.32	2159491	14881	          6.29	5.55	31.55	30.31	-1.732㈢	--  	6625920512	  0.98	       1040.88亿	深圳	30.11	30.68	1088681	1070810	  1.02	30.31	745	 -0.41	
000610	西安旅游	1.94	-0.11	旅游服务	66	8.33	--  	8.41	256511	1942	         10.90	2.91	8.57	8.40	-0.045㈢	--  	216251152	  0.88	         19.76亿	陕西	8.44	8.43	120520	135990	  0.89	8.40	1167	 -0.42	
600150	*ST船舶	1.92	-0.37	船舶	1495	15.50	--  	15.90	260072	3482	          1.89	4.43	16.19	15.89	0.225㈢	    53.03	411588256	  1.46	        218.98亿	上海	15.86	15.83	159174	100897	  1.58	15.89	289	  0.80	
603871	嘉友国际	1.92	0.42	仓储物流	10	40.00	--  	40.37	19159	126	          6.84	3.26	41.29	40.37	2.080㈢	    15.13	78197880	  1.43	         11.30亿	北京	40.00	40.81	9525	9634	  0.99	40.35	1	  0.80	
601228	广州港	1.88	0.21	港口	4941	4.80	--  	4.87	339404	5597	          2.35	2.09	4.90	4.87	0.116㈢	    31.52	164805712	  0.96	         70.28亿	广东	4.83	4.86	166294	173110	  0.96	4.86	3021	  0.76	
000035	中国天楹	1.85	0.00	环境保护	3633	5.41	--  	5.52	160262	2467	          1.25	5.18	5.69	5.51	0.120㈢	    60.48	89282440	  1.45	         70.59亿	江苏	5.47	5.57	78633	81628	  0.96	5.51	1149	 -0.52	
600217	中再资环	1.84	0.00	环境保护	1017	4.90	--  	5.00	110435	369	          0.84	4.29	5.11	4.99	0.149㈢	    25.05	55624128	  1.23	         65.81亿	陕西	4.90	5.04	55700	54735	  1.02	4.99	679	  0.72	
601002	晋亿实业	1.82	0.14	机械基件	4081	7.11	--  	7.28	456213	4338	          5.76	5.31	7.49	7.28	0.151㈢	    36.21	330953504	  1.09	         57.71亿	浙江	7.19	7.25	224679	231533	  0.97	7.27	146	  0.70	
600242	中昌数据	1.79	-0.07	软件服务	3831	12.41	--  	13.08	384207	3356	         12.65	6.62	13.26	13.07	0.213㈢	    46.03	494602784	  1.52	         39.70亿	广东	12.58	12.87	187576	196631	  0.95	13.07	874	  0.67	
600515	海航基础	1.78	0.17	全国地产	2520	5.63	--  	5.74	355534	2388	          2.14	4.09	5.86	5.73	0.313㈢	    13.73	205461824	  1.43	         95.02亿	海南	5.63	5.78	162870	192663	  0.85	5.73	414	  0.65	
300232	洲明科技	1.72	0.15	半导体	52	12.87	--  	13.05	102626	370	          2.27	7.10	13.78	13.04	0.425㈢	    22.99	136323488	  1.34	         59.03亿	深圳	12.94	13.28	60871	41754	  1.46	13.04	34	 -0.65	
600853	龙建股份	1.70	0.48	建筑施工	289	4.10	--  	4.18	110546	1558	          2.06	2.68	4.21	4.18	0.140㈢	    23.09	46035816	  0.92	         22.44亿	黑龙江	4.10	4.16	51964	58582	  0.89	4.17	1228	  0.58	
600969	郴电国际	1.62	0.14	水力发电	252	6.81	--  	6.92	82429	170	          2.23	2.50	6.98	6.91	0.157㈢	    33.09	56837900	  1.21	         25.57亿	湖南	6.81	6.90	35157	47272	  0.74	6.91	242	  0.50	
600820	隧道股份	1.52	0.27	建筑施工	2582	7.21	--  	7.33	426604	5022	          1.36	3.05	7.43	7.33	0.407㈢	    13.51	312973216	  1.38	        230.46亿	上海	7.26	7.34	237375	189229	  1.25	7.32	1062	  0.40	
600125	铁龙物流	1.49	0.25	铁路	474	8.08	--  	8.16	466804	6485	          3.58	3.73	8.38	8.16	0.313㈢	    19.57	381977088	  1.43	        106.53亿	辽宁	8.10	8.18	234629	232175	  1.01	8.15	1256	  0.37	
000564	供销大集	1.46	0.29	百货	4170	3.38	--  	3.48	1239300	7930	          6.56	7.87	3.65	3.48	0.128㈢	    20.43	432924736	  1.11	         65.73亿	陕西	3.45	3.49	636671	602629	  1.06	3.47	3405	 -0.91	
600967	内蒙一机	1.45	0.59	运输设备	2838	11.66	--  	11.88	350816	3913	          3.65	3.50	12.07	11.87	0.207㈢	    43.06	416756672	  1.12	        114.01亿	内蒙	11.77	11.88	193684	157132	  1.23	11.87	505	  0.33	
000928	中钢国际	1.41	0.20	建筑施工	634	4.96	--  	5.05	237357	3137	          3.19	3.22	5.12	5.04	0.224㈢	    16.86	119970952	  0.85	         37.46亿	吉林	5.00	5.05	110448	126908	  0.87	5.04	1064	 -0.96	
300374	恒通科技	1.39	0.18	其他建材	374	10.65	--  	10.93	86640	718	          5.26	6.12	11.31	10.93	0.216㈢	    37.97	94808464	  1.24	         17.99亿	北京	10.70	10.94	45953	40687	  1.13	10.92	283	 -0.97	
600585	海螺水泥	1.36	0.24	水泥	752	36.55	--  	37.19	552694	2559	          1.38	4.31	38.13	37.18	3.909㈢	     7.13	2065337856	  1.32	       1487.09亿	安徽	37.08	37.37	261638	291055	  0.90	37.18	284	  0.24	
002302	西部建设	1.35	0.33	水泥	497	11.82	--  	12.03	560077	5087	          4.52	4.05	12.30	12.02	0.177㈢	    51.02	674017536	  1.28	        148.93亿	新疆	11.82	12.03	287886	272190	  1.06	12.02	403	 -1.02	
600798	宁波海运	1.33	0.00	水运	718	3.74	--  	3.81	192996	2628	          1.87	4.53	3.91	3.80	0.110㈢	    29.33	73541136	  1.20	         39.17亿	浙江	3.77	3.81	103698	89298	  1.16	3.80	698	  0.21	
600705	中航资本	1.33	0.33	多元金融	8398	5.91	--  	6.08	1750008	10832	          1.95	6.67	6.31	6.08	0.245㈢	    18.60	1067667648	  0.87	        545.76亿	黑龙江	6.05	6.10	769755	980252	  0.79	6.07	3384	  0.21	
000565	渝三峡Ａ	1.31	-0.17	染料涂料	2478	5.27	--  	5.40	94419	349	          2.18	5.07	5.54	5.40	0.104㈢	    38.86	50923512	  1.35	         23.41亿	重庆	5.35	5.39	42815	51603	  0.83	5.39	151	 -1.05	
601668	中国建筑	1.28	0.32	建筑施工	18905	6.22	--  	6.31	7233698	45301	          1.76	4.01	6.47	6.31	0.620㈢	     7.28	4577806848	  1.50	       2596.00亿	北京	6.28	6.33	3192674	4041023	  0.79	6.30	3802	  0.16	
601766	中国中车	1.26	0.31	运输设备	4915	9.55	--  	9.63	2041510	29664	          0.89	2.94	9.83	9.63	0.262㈢	    27.52	1973012480	  1.22	       2206.97亿	北京	9.55	9.66	997171	1044339	  0.95	9.62	3196	  0.14	
001872	招商港口	1.22	0.06	港口	23	17.03	--  	17.39	64283	428	          1.38	3.90	17.70	17.38	0.700㈢	    51.58	111975816	  1.20	         80.79亿	深圳	17.22	17.42	30703	33580	  0.91	17.38	119	 -1.14	
300139	晓程科技	1.21	0.12	元器件	1006	8.25	--  	8.35	214554	1708	         10.10	3.64	8.55	8.35	0.080㈢	    78.52	180435408	  0.87	         17.74亿	北京	8.26	8.41	106720	107833	  0.99	8.34	592	 -1.15	
600190	锦州港	1.20	0.30	港口	2049	3.33	--  	3.37	172974	1612	          0.97	3.00	3.43	3.37	0.057㈢	    44.07	58206392	  0.86	         59.97亿	辽宁	3.33	3.37	77900	95073	  0.82	3.36	2312	  0.08	
600717	天津港	1.20	0.48	港口	203	8.32	--  	8.44	188428	917	          1.13	2.88	8.56	8.44	0.387㈢	    16.37	159094288	  1.10	        141.35亿	天津	8.40	8.44	94874	93553	  1.01	8.43	1429	  0.08	
601179	中国西电	1.19	0.47	电气设备	251	4.20	--  	4.24	340933	1266	          0.67	3.58	4.35	4.24	0.049㈢	    64.87	145793872	  1.25	        217.34亿	陕西	4.22	4.28	176319	164614	  1.07	4.23	187	  0.07	
002307	北新路桥	1.18	0.29	建筑施工	3314	6.67	--  	6.85	737319	7528	          8.27	7.10	7.15	6.84	0.035㈢	   146.37	506974560	  1.34	         60.99亿	新疆	6.75	6.88	348473	388846	  0.90	6.84	1438	 -1.18	
600778	*ST友好	1.18	0.39	百货	53	5.06	--  	5.16	38468	634	          1.24	1.96	5.16	5.16	0.259㈢	    14.96	19716934	  1.22	         16.05亿	新疆	5.13	5.13	21569	16898	  1.28	5.15	231	  0.05	
002040	南 京 港	1.17	0.39	港口	587	10.22	--  	10.42	137586	2687	          4.49	4.08	10.64	10.42	0.347㈢	    22.50	143773936	  0.79	         31.96亿	江苏	10.35	10.45	68769	68817	  1.00	10.41	686	 -1.20	
600545	卓郎智能	1.16	0.26	纺织机械	803	7.73	--  	7.84	234631	1908	          3.47	3.88	8.03	7.83	0.283㈢	    20.75	184536416	  1.36	         52.91亿	新疆	7.76	7.86	119386	115244	  1.04	7.83	168	  0.04	
600339	中油工程	1.16	0.00	石油加工	1937	4.27	--  	4.38	507371	2053	          3.27	4.17	4.45	4.37	0.093㈢	    35.28	220740672	  1.63	         67.83亿	新疆	4.32	4.35	244941	262429	  0.93	4.37	276	  0.04	
601117	中国化学	1.13	0.16	建筑施工	1501	6.18	--  	6.24	475867	4313	          0.96	2.76	6.35	6.24	0.330㈢	    14.20	298116800	  1.14	        307.82亿	北京	6.19	6.26	248465	227401	  1.09	6.23	836	  0.01	
600785	新华百货	1.12	0.39	百货	0	17.69	--  	18.08	12083	66	          0.54	3.97	18.40	18.07	0.609㈣	    29.69	21772934	  1.62	         40.77亿	宁夏	17.98	18.02	6744	5338	  1.26	18.07	38	 -0.00	
600522	中天科技	1.10	0.10	通信设备	3118	10.02	--  	10.08	1095327	9757	          3.57	2.81	10.30	10.08	0.533㈢	    14.19	1115324032	  1.10	        309.06亿	江苏	10.09	10.18	551215	544112	  1.01	10.07	1374	 -0.02	
000088	盐 田 港	1.09	-0.14	港口	450	6.47	--  	6.51	246599	1186	          1.27	2.02	6.60	6.50	0.154㈢	    31.75	161058496	  0.94	        126.24亿	深圳	6.48	6.53	121870	124728	  0.98	6.50	219	 -1.28	
600509	天富能源	1.06	0.42	火力发电	1699	4.61	--  	4.76	412677	3407	          4.56	4.88	4.84	4.76	0.056㈢	    63.56	195175872	  0.88	         43.11亿	新疆	4.71	4.73	207557	205119	  1.01	4.75	730	 -0.06	
601018	宁波港	1.02	0.25	港口	2809	3.92	--  	3.96	314148	1449	          0.25	2.30	4.01	3.96	0.183㈢	    16.22	124334848	  1.04	        506.88亿	浙江	3.93	3.96	166600	147548	  1.13	3.95	7172	 -0.10	
600449	宁夏建材	1.01	0.22	水泥	1246	8.90	--  	9.02	236616	3209	          4.95	2.80	9.15	9.02	0.728㈢	     9.30	213522688	  1.49	         43.13亿	宁夏	8.97	9.02	130873	105743	  1.24	9.01	365	 -0.11	
002554	惠博普	1.00	0.00	石油开采	4191	2.99	--  	3.03	273813	1809	          3.56	2.67	3.07	3.03	0.027㈢	    83.86	83099824	  0.92	         23.32亿	北京	3.01	3.03	127770	146042	  0.87	3.02	5126	 -1.36	
002063	远光软件	0.99	-0.11	软件服务	1741	8.08	--  	8.16	331512	1522	          4.35	3.72	8.38	8.15	0.154㈢	    39.67	273227232	  1.19	         62.06亿	广东	8.16	8.24	164971	166541	  0.99	8.15	239	 -1.37	
000905	厦门港务	0.99	0.00	港口	770	7.08	--  	7.15	118874	711	          2.24	2.68	7.27	7.15	0.043㈢	   125.05	85110376	  0.95	         37.97亿	福建	7.08	7.16	55786	63087	  0.88	7.14	131	 -1.38	
002524	光正集团	0.97	0.39	供气供热	1058	5.06	--  	5.19	192857	1001	          3.85	5.84	5.36	5.19	-0.021㈢	--  	100455752	  1.32	         26.00亿	新疆	5.15	5.21	105346	87510	  1.20	5.18	520	 -1.39	
002344	海宁皮城	0.96	0.00	商品城	424	5.20	--  	5.27	250509	1972	          1.97	3.84	5.40	5.26	0.232㈢	    17.03	132643176	  1.07	         66.84亿	浙江	5.21	5.29	129353	121155	  1.07	5.26	889	 -1.40	
000852	石化机械	0.96	-0.11	化工机械	557	8.30	--  	8.44	224367	2487	          3.75	5.03	8.72	8.43	-0.061㈢	--  	189890496	  1.34	         50.42亿	湖北	8.38	8.46	121856	102510	  1.19	8.43	580	 -1.41	
601186	中国铁建	0.95	0.43	建筑施工	5249	11.60	--  	11.67	2166303	14419	          1.88	4.16	12.08	11.66	0.900㈢	     9.39	2562976000	  1.28	       1341.28亿	北京	11.81	11.83	1116115	1050187	  1.06	11.66	1697	 -0.17	
600354	敦煌种业	0.93	0.23	种植业	1116	4.31	--  	4.36	200940	2524	          3.81	2.55	4.42	4.36	-0.235㈢	--  	87683768	  1.08	         23.01亿	甘肃	4.33	4.36	102859	98080	  1.05	4.35	2218	 -0.20	
600017	日照港	0.92	0.61	港口	1021	3.24	--  	3.29	439400	835	          1.43	3.37	3.35	3.29	0.175㈢	    14.09	144561232	  1.17	        101.19亿	山东	3.27	3.29	265648	173751	  1.53	3.28	5601	 -0.20	
601880	大连港	0.89	0.00	港口	1380	2.22	--  	2.28	868162	8109	          1.12	4.44	2.32	2.27	0.034㈢	    49.68	197407056	  0.66	        175.60亿	辽宁	2.25	2.27	472615	395547	  1.19	2.27	8664	 -0.23	
000507	珠海港	0.89	0.13	港口	3389	7.90	--  	7.96	390793	7028	          5.06	2.03	8.06	7.95	0.181㈢	    32.87	311439456	  0.97	         61.39亿	广东	7.90	7.97	188228	202564	  0.93	7.95	2691	 -1.48	
600368	五洲交通	0.86	0.00	路桥	303	3.46	--  	3.51	174337	1160	          1.55	2.59	3.55	3.50	0.261㈢	    10.06	61136756	  0.96	         39.40亿	广西	3.48	3.51	89735	84601	  1.06	3.50	2892	 -0.26	
601618	中国中冶	0.85	0.28	建筑施工	9649	3.52	--  	3.56	2500664	11598	          1.40	3.68	3.65	3.56	0.182㈢	    14.69	894667072	  1.16	        635.55亿	北京	3.54	3.58	1210271	1290392	  0.94	3.55	3697	 -0.27	
600307	酒钢宏兴	0.85	0.00	普钢	9158	2.35	--  	2.39	1300919	8368	          2.08	3.39	2.43	2.38	0.171㈢	    10.41	310135360	  0.91	        149.07亿	甘肃	2.38	2.38	646023	654895	  0.99	2.38	16034	 -0.27	
300345	红宇新材	0.84	0.21	钢加工	4356	4.63	--  	4.80	475309	5075	         12.89	6.74	4.95	4.79	-0.136㈢	--  	226360656	  1.13	         17.66亿	湖南	4.63	4.76	249789	225519	  1.11	4.79	1875	 -1.52	
600068	葛洲坝	0.84	0.28	建筑施工	11045	7.14	--  	7.20	937250	3903	          2.04	3.50	7.39	7.20	0.510㈢	     8.92	681776576	  1.08	        331.54亿	湖北	7.20	7.27	496590	440659	  1.13	7.19	3552	 -0.28	
601008	连云港	0.82	0.00	港口	2803	3.67	--  	3.69	145747	834	          1.44	2.46	3.76	3.69	0.008㈢	   341.57	54113084	  0.78	         37.46亿	江苏	3.70	3.71	71313	74433	  0.96	3.68	186	 -0.30	
601390	中国中铁	0.80	0.13	建筑施工	4233	7.47	--  	7.52	1678522	13227	          0.90	2.82	7.68	7.52	0.560㈢	     9.88	1271734656	  1.19	       1401.42亿	北京	7.54	7.58	921542	756979	  1.22	7.51	422	 -0.32	
603969	银龙股份	0.78	0.39	其他建材	855	5.10	--  	5.20	253488	2942	          3.01	3.29	5.27	5.20	0.110㈢	    35.56	131338976	  1.15	         43.73亿	天津	5.12	5.18	123571	129916	  0.95	5.19	1476	 -0.35	
600869	智慧能源	0.76	0.00	电气设备	1136	5.28	--  	5.32	225017	2019	          1.01	2.27	5.40	5.32	0.134㈢	    29.72	120244856	  0.90	        118.07亿	青海	5.30	5.34	111829	113188	  0.99	5.31	657	 -0.36	
000982	*ST 中绒	0.75	0.00	纺织	16222	1.33	--  	1.35	156327	1878	          0.87	2.99	1.37	1.35	-0.290㈢	--  	21120440	  1.00	         24.37亿	宁夏	1.34	1.35	81615	74711	  1.09	1.34	72	 -1.62	
603169	兰石重装	0.73	0.36	专用机械	378	5.41	--  	5.52	271445	4755	          2.61	4.95	5.68	5.50	-0.153㈢	--  	150920528	  0.91	         57.12亿	甘肃	5.46	5.56	121876	149569	  0.81	5.50	210	 -0.39	
600320	振华重工	0.72	0.00	工程机械	2907	4.06	--  	4.19	587843	3910	          1.77	4.57	4.25	4.19	0.037㈢	    84.93	244580960	  1.40	        139.19亿	上海	4.17	4.16	300862	286981	  1.05	4.18	4163	 -0.40	
600477	杭萧钢构	0.70	0.00	钢加工	808	4.27	--  	4.33	305425	2875	          1.71	3.73	4.43	4.32	0.239㈢	    13.55	132681248	  1.04	         77.33亿	浙江	4.29	4.34	149547	155877	  0.96	4.32	2425	 -0.42	
600706	曲江文旅	0.69	0.00	旅游服务	260	11.60	--  	11.64	35201	211	          1.98	1.90	11.82	11.64	0.632㈢	    13.82	41250712	  1.06	         20.71亿	陕西	11.65	11.72	17269	17932	  0.96	11.63	80	 -0.43	
600262	北方股份	0.69	0.10	汽车整车	120	18.96	--  	19.10	21610	144	          1.27	2.58	19.45	19.09	0.428㈢	    33.44	41452384	  1.20	         32.45亿	内蒙	19.19	19.18	10134	11476	  0.88	19.09	177	 -0.44	
601800	中国交建	0.64	-0.07	建筑施工	106	12.50	--  	12.58	696349	4183	          0.59	3.84	12.98	12.57	0.740㈢	    11.86	888053184	  1.16	       1476.63亿	北京	12.62	12.75	374380	321968	  1.16	12.57	375	 -0.48	
600496	精工钢构	0.63	0.31	钢加工	3620	3.17	--  	3.19	366656	850	          2.43	2.21	3.24	3.19	0.081㈢	    29.49	117438224	  0.91	         48.18亿	安徽	3.19	3.20	194083	172572	  1.12	3.18	4935	 -0.49	
600755	厦门国贸	0.62	0.37	商贸代理	1969	8.02	--  	8.07	628678	4646	          3.46	2.74	8.24	8.07	0.700㈢	     6.20	510339392	  1.01	        146.57亿	福建	8.07	8.12	327400	301278	  1.09	8.06	1216	 -0.50	
000779	三毛派神	0.62	0.00	纺织	1428	9.69	--  	9.76	38455	266	          2.06	1.75	9.86	9.76	-0.030㈢	--  	37591500	  1.03	         18.20亿	甘肃	9.73	9.78	18200	20255	  0.90	9.75	101	 -1.75	
600970	中材国际	0.58	0.29	建筑施工	2977	6.89	--  	6.93	530604	2898	          3.05	2.90	7.09	6.93	0.581㈢	     8.94	371452608	  1.10	        120.38亿	江苏	6.97	7.00	297721	232882	  1.28	6.92	112	 -0.54	
000635	英 力 特	0.54	0.11	化工原料	83	9.21	--  	9.33	76044	524	          2.51	2.48	9.44	9.32	0.292㈢	    23.91	70979232	  1.47	         28.25亿	宁夏	9.30	9.33	43452	32592	  1.33	9.32	406	 -1.83	
601669	中国电建	0.53	0.17	建筑施工	1722	5.72	--  	5.74	983339	11771	          0.88	2.28	5.85	5.73	0.380㈢	    10.87	568787520	  1.00	        638.57亿	北京	5.82	5.78	517979	465359	  1.11	5.73	3508	 -0.60	
603556	海兴电力	0.51	0.00	电器仪表	154	15.43	--  	15.65	34022	95	          2.03	2.77	15.86	15.62	0.630㈢	    20.77	53281940	  1.22	         26.20亿	浙江	15.43	15.66	16158	17863	  0.90	15.62	10	 -0.61	
600018	上港集团	0.50	0.17	港口	637	6.04	--  	6.08	294111	2795	          0.13	2.65	6.20	6.07	0.220㈢	    20.65	179682128	  1.11	       1406.64亿	上海	6.09	6.11	158650	135460	  1.17	6.07	1544	 -0.62	
000514	渝 开 发	0.48	-0.23	区域地产	1069	4.19	--  	4.22	90671	361	          1.07	2.39	4.29	4.21	0.014㈢	   226.56	38503928	  0.97	         35.52亿	重庆	4.21	4.25	46031	44639	  1.03	4.21	216	 -1.89	
002544	杰赛科技	0.45	0.30	软件服务	95	13.08	--  	13.25	131801	895	          2.58	3.64	13.56	13.25	0.073㈢	   135.39	176349888	  1.00	         67.82亿	广东	13.30	13.38	67469	64332	  1.05	13.24	56	 -1.91	
000415	渤海租赁	0.44	0.00	多元金融	714	4.52	--  	4.62	1113475	7354	          3.14	5.66	4.78	4.61	0.394㈢	     8.78	516696928	  0.94	        163.56亿	新疆	4.61	4.64	572999	540476	  1.06	4.61	4262	 -1.93	
300177	中海达	0.43	0.36	通信设备	174	13.73	--  	13.92	227260	2237	          6.91	4.33	14.33	13.92	0.166㈢	    62.87	318082272	  0.74	         45.81亿	广东	14.00	14.00	113540	113720	  1.00	13.91	7	 -1.93	
002781	奇信股份	0.40	-0.22	装修装饰	69	17.27	--  	17.47	37051	295	          1.78	4.49	18.05	17.45	0.661㈢	    19.81	65039044	  1.37	         36.34亿	深圳	17.39	17.55	17720	19331	  0.92	17.45	18	 -1.96	
600720	祁连山	0.37	0.25	水泥	305	8.09	--  	8.19	429554	3415	          5.53	3.44	8.37	8.18	0.710㈢	     8.64	353588576	  1.52	         63.49亿	甘肃	8.23	8.23	235184	194370	  1.21	8.18	2337	 -0.75	
300629	新劲刚	0.35	0.10	矿物制品	332	19.76	--  	20.00	30893	364	          7.14	3.97	20.55	19.99	0.121㈢	   124.10	62338340	  0.82	          8.65亿	广东	19.91	20.18	17180	13713	  1.25	19.99	192	 -2.01	
601866	中远海发	0.33	0.33	水运	421	2.98	--  	3.02	476496	2359	          0.60	3.33	3.08	3.01	0.069㈢	    32.74	144120496	  0.72	        238.76亿	上海	3.02	3.02	252373	224123	  1.13	3.01	2975	 -0.79	
000929	兰州黄河	0.28	0.00	啤酒	269	7.19	--  	7.29	31982	228	          1.72	3.31	7.43	7.28	-0.364㈣	--  	23352162	  0.86	         13.52亿	甘肃	7.27	7.30	17192	14789	  1.16	7.28	158	 -2.09	
601789	宁波建工	0.27	0.00	建筑施工	6183	3.70	--  	3.72	217558	2711	          2.23	2.43	3.79	3.72	0.156㈢	    17.90	81455040	  1.07	         36.31亿	浙江	3.72	3.74	122114	95444	  1.28	3.71	1218	 -0.85	
600089	特变电工	0.25	0.13	电气设备	3640	7.94	--  	7.97	759875	4508	          2.05	2.39	8.13	7.96	0.522㈢	    11.44	610764800	  1.28	        295.66亿	新疆	8.00	8.04	403753	356122	  1.13	7.96	1892	 -0.87	
600528	中铁工业	0.24	0.08	建筑施工	1251	12.27	--  	12.32	436107	2439	          2.37	3.66	12.72	12.31	0.486㈢	    18.99	544646208	  1.08	        226.23亿	四川	12.48	12.49	224633	211473	  1.06	12.31	503	 -0.88	
000582	北部湾港	0.12	0.00	港口	3141	8.07	--  	8.10	81517	3422	          3.10	2.85	8.30	8.09	0.360㈢	    19.75	66733856	  1.12	         21.29亿	广西	8.13	8.19	39598	41919	  0.94	8.09	37	 -2.24	
002309	中利集团	0.11	0.00	电气设备	33	8.80	--  	8.84	203577	2765	          2.90	1.93	8.97	8.83	0.067㈢	    98.93	180849248	  1.01	         61.98亿	江苏	8.93	8.88	105354	98223	  1.07	8.83	736	 -2.25	
600428	中远海特	0.00	0.25	水运	1305	3.92	--  	3.96	278715	1235	          1.30	3.29	4.05	3.95	0.060㈢	    49.28	111135488	  1.07	         84.79亿	广东	3.98	3.99	161045	117669	  1.37	3.95	1838	 -1.12	
000721	西安饮食	0.00	-0.21	酒店餐饮	2463	4.43	--  	4.47	168564	1564	          3.87	2.47	4.54	4.46	-0.008㈢	--  	75511664	  1.09	         19.44亿	陕西	4.45	4.48	90886	77678	  1.17	4.46	901	 -2.36	
000065	北方国际	0.00	-0.10	建筑施工	1151	9.15	--  	9.22	117661	377	          1.87	2.93	9.42	9.21	0.574㈢	    12.04	109307632	  0.88	         57.93亿	北京	9.27	9.29	66275	51386	  1.29	9.21	304	 -2.36	
002051	中工国际	-0.22	0.00	建筑施工	952	13.44	--  	13.55	264110	3066	          2.38	3.46	13.91	13.54	0.844㈢	    12.03	361771072	  0.96	        150.46亿	北京	13.65	13.70	143188	120921	  1.18	13.54	654	 -2.59	
600712	南宁百货	-0.23	1.17	百货	561	4.26	--  	4.34	106072	1376	          1.97	3.92	4.43	4.33	-0.069㈢	--  	46124140	  1.39	         23.29亿	广西	4.33	4.35	54858	51214	  1.07	4.33	81	 -1.35	
002545	东方铁塔	-0.26	-0.51	钢加工	263	7.58	--  	7.69	219533	2343	          2.85	4.03	7.89	7.68	0.173㈢	    33.36	169331824	  0.98	         59.22亿	山东	7.70	7.71	114761	104772	  1.10	7.68	151	 -2.62	
002685	华东重机	-0.32	0.16	工程机械	861	6.18	--  	6.23	153351	721	          2.19	4.33	6.45	6.22	0.342㈢	    13.63	96813864	  1.37	         43.47亿	江苏	6.30	6.31	93131	60220	  1.55	6.22	310	 -2.69	
600436	片仔癀	-0.34	0.01	中成药	195	106.38	--  	107.00	90529	496	          1.50	2.84	109.43	106.99	1.525㈢	    52.62	977067392	  1.24	        645.49亿	福建	109.40	107.93	46454	44074	  1.05	106.99	21	 -1.46	
002047	宝鹰股份	-0.43	0.14	装修装饰	419	6.84	--  	6.96	267265	3305	          2.13	2.58	7.02	6.96	0.228㈢	    22.90	185430800	  1.30	         87.53亿	深圳	6.95	6.94	123587	143678	  0.86	6.95	242	 -2.79	
600146	商赢环球	-0.51	0.52	服饰	355	7.61	--  	7.79	368562	2815	         18.43	6.90	8.15	7.79	-0.096㈢	--  	289056736	  1.15	         15.58亿	宁夏	7.88	7.84	201376	167186	  1.20	7.78	1376	 -1.63	
600580	卧龙电气	-0.53	0.13	电气设备	360	7.42	--  	7.48	177064	3243	          1.37	3.46	7.68	7.48	0.345㈢	    16.28	134131424	  1.54	         96.41亿	浙江	7.56	7.58	89375	87689	  1.02	7.47	441	 -1.65	
600312	平高电气	-0.88	0.00	电气设备	2113	8.98	--  	9.04	328486	2647	          2.42	4.71	9.41	9.04	0.002㈢	  4100.70	302765696	  1.33	        122.67亿	河南	9.19	9.22	164206	164280	  1.00	9.03	468	 -2.00	
600157	永泰能源	-0.92	0.00	煤炭开采	45803	2.13	--  	2.16	4922681	36890	          3.96	4.61	2.23	2.15	0.003㈢	   644.62	1071315776	  1.00	        267.15亿	山西	2.18	2.18	2452348	2470332	  0.99	2.15	52680	 -2.04	
000027	深圳能源	-0.93	0.16	火力发电	2018	6.32	--  	6.39	323144	2443	          0.82	3.11	6.52	6.38	0.152㈢	    31.41	207138576	  1.03	        252.93亿	深圳	6.44	6.41	188209	134934	  1.39	6.38	884	 -3.30	
300351	永贵电器	-2.17	0.09	元器件	437	11.18	--  	11.26	125145	1309	          5.23	4.87	11.74	11.26	0.303㈢	    27.91	143989232	  1.03	         26.96亿	浙江	11.66	11.51	63042	62103	  1.02	11.25	336	 -4.54	
数据来源:通达信
