代码	名称	涨幅%%	涨速%%	细分行业	买量	最低	未匹配量	卖价	总量	现量	换手%%	振幅%%	最高	现价	每股收益	市盈(动)	总金额	量比	流通市值	地区	今开	均价	内盘	外盘	内外比	买价	卖量	强弱度%%	
300264	佳创视讯	10.08	0.00	通信设备	12621	6.52	--  	--  	300130	95	          9.42	2.31	6.66	6.66	-0.003㈢	--  	199547824	  2.35	         21.22亿	深圳	6.66	6.65	238209	61920	  3.85	6.66	0	  7.72	
000665	湖北广电	10.06	0.00	影视音像	65741	8.94	--  	--  	68222	50	          1.07	2.99	9.19	9.19	0.324㈢	    21.29	62549400	  0.90	         58.46亿	湖北	8.95	9.17	50761	17460	  2.91	9.19	0	  7.70	
600037	歌华有线	10.05	0.00	影视音像	64882	10.90	--  	--  	306784	346	          2.20	7.70	11.72	11.72	0.393㈢	    22.37	351976064	  2.26	        163.12亿	北京	11.40	11.47	166803	139981	  1.19	11.72	0	  8.93	
300104	乐视网	10.04	0.00	互联网	438144	2.71	--  	--  	2830584	10488	          9.21	9.29	2.96	2.96	-0.373㈢	--  	804969664	  1.07	         90.97亿	北京	2.71	2.84	1460273	1370311	  1.07	2.96	0	  7.67	
000917	电广传媒	10.02	0.00	影视音像	53152	8.69	--  	--  	1586884	806	         12.26	6.32	9.22	9.22	-0.095㈢	--  	1442531328	  1.15	        119.37亿	湖南	8.99	9.09	924136	662748	  1.39	9.22	0	  7.66	
300079	数码科技	10.00	0.00	通信设备	617405	4.62	--  	--  	109926	330	          0.91	0.00	4.62	4.62	0.059㈢	    59.04	50785928	  0.20	         55.86亿	北京	4.62	4.62	96424	13502	  7.14	4.62	0	  7.64	
300710	万隆光电	9.99	0.00	通信设备	35132	33.13	--  	--  	11580	90	          4.07	0.00	33.13	33.13	0.197㈢	   125.89	38364540	  0.33	          9.43亿	浙江	33.13	33.13	8856	2724	  3.25	33.13	0	  7.63	
300017	网宿科技	9.96	0.00	电信运营	267248	11.60	--  	--  	2367446	1731	         12.31	1.96	11.81	11.81	0.252㈢	    35.13	2793327360	  1.97	        227.10亿	上海	11.81	11.80	1814149	553296	  3.28	11.81	0	  7.60	
002238	天威视讯	9.95	0.00	影视音像	32011	8.21	--  	--  	143713	178	          2.33	2.49	8.40	8.40	0.244㈢	    25.81	120648176	  1.15	         51.86亿	深圳	8.40	8.40	132129	11584	 11.41	8.40	0	  7.58	
002519	银河电子	9.93	0.00	通信设备	56737	4.23	--  	--  	789252	522	          9.49	4.96	4.43	4.43	0.117㈢	    28.38	346985280	  2.12	         36.84亿	江苏	4.31	4.40	567976	221275	  2.57	4.43	0	  7.56	
002148	北纬科技	9.83	-0.12	互联网	332	6.93	--  	7.61	791893	4579	         17.83	9.83	7.61	7.60	0.068㈢	    83.66	584241024	  2.39	         33.75亿	北京	6.95	7.38	377055	414837	  0.91	7.60	1051	  7.46	
600100	同方股份	9.28	-0.08	电脑设备	1542	10.52	--  	11.20	613050	3001	          2.07	7.23	11.26	11.19	-0.193㈢	--  	679055552	  3.44	        331.66亿	北京	10.52	11.08	255934	357115	  0.72	11.19	1809	  8.16	
000503	国新健康	6.97	-0.04	医疗保健	333	20.09	--  	21.32	415544	3091	          4.62	9.08	21.90	21.32	-0.126㈢	--  	878107008	  1.48	        191.63亿	海南	20.39	21.13	197691	217852	  0.91	21.31	465	  4.61	
600996	贵广网络	6.91	0.35	影视音像	283	8.55	--  	8.67	334129	1400	         11.21	4.44	8.91	8.66	0.242㈢	    26.83	293054848	  2.45	         25.81亿	贵州	8.91	8.77	214027	120102	  1.78	8.66	774	  5.79	
002194	*ST凡谷	5.00	0.00	通信设备	5184	11.15	--  	--  	148303	17	          2.80	1.76	11.34	11.34	-0.094㈢	--  	167617712	  1.24	         60.14亿	湖北	11.16	11.30	83746	64556	  1.30	11.34	0	  2.64	
002052	同洲电子	4.86	-0.20	通信设备	3154	4.51	--  	4.76	652022	4996	          8.74	10.38	4.98	4.75	-0.092㈢	--  	318067616	  2.06	         35.43亿	深圳	4.95	4.88	338606	313415	  1.08	4.75	2734	  2.49	
600203	福日电子	2.96	0.54	元器件	587	5.42	--  	5.56	228284	1999	          6.17	4.26	5.65	5.56	0.043㈢	    96.25	126348064	  0.95	         20.58亿	福建	5.45	5.53	97555	130729	  0.75	5.55	211	  1.84	
600804	鹏博士	2.90	0.61	电信运营	664	9.70	--  	9.95	838924	16276	          5.86	4.55	10.14	9.94	0.239㈢	    31.26	831614848	  0.95	        142.38亿	四川	9.82	9.91	427628	411295	  1.04	9.94	1897	  1.78	
600831	广电网络	2.89	-0.21	影视音像	133	8.83	--  	8.90	734135	9960	         13.03	7.98	9.52	8.90	0.196㈢	    34.05	669223104	  1.75	         50.15亿	陕西	9.52	9.12	332255	401879	  0.83	8.89	1761	  1.77	
000793	华闻传媒	2.88	0.26	出版业	6053	3.85	--  	3.93	1529312	15184	          7.89	5.50	4.06	3.93	0.011㈢	   256.55	602117184	  0.83	         76.20亿	海南	3.86	3.94	774686	754625	  1.03	3.92	3623	  0.52	
603322	超讯通信	2.83	0.09	通信设备	140	33.56	--  	33.81	57369	595	         12.65	7.88	36.15	33.80	0.110㈢	   258.20	198282016	  1.22	         15.33亿	广东	35.45	34.56	25746	31622	  0.81	33.80	1	  1.71	
600637	东方明珠	2.75	0.08	影视音像	768	11.90	--  	11.96	412139	3522	          1.21	4.81	12.46	11.96	0.440㈢	    20.38	498765184	  1.74	        408.37亿	上海	12.21	12.10	215235	196904	  1.09	11.95	381	  1.63	
300250	初灵信息	2.53	-0.18	软件服务	200	15.15	--  	15.38	185136	1699	         13.32	7.67	16.30	15.38	0.257㈢	    44.90	291249312	  1.12	         21.38亿	浙江	15.64	15.73	90600	94535	  0.96	15.37	31	  0.17	
300027	华谊兄弟	2.39	0.18	影视音像	633	5.45	--  	5.57	823138	4946	          3.72	5.70	5.76	5.57	0.118㈢	    35.55	460324864	  1.37	        123.16亿	浙江	5.60	5.59	423586	399552	  1.06	5.56	2007	  0.03	
002292	奥飞娱乐	2.37	0.29	影视音像	1118	6.75	--  	6.92	434983	2371	          5.35	4.88	7.08	6.92	0.053㈢	    97.02	300290368	  1.46	         56.29亿	广东	6.88	6.90	192963	242019	  0.80	6.91	721	  0.00	
600088	中视传媒	1.51	0.00	影视音像	103	11.25	--  	11.40	117520	1309	          2.95	7.57	12.10	11.40	0.195㈢	    43.91	137270112	  0.99	         45.34亿	上海	12.10	11.68	65860	51660	  1.27	11.39	1162	  0.39	
002093	国脉科技	1.45	0.00	电信运营	66	8.36	--  	8.43	247340	1185	          2.54	3.86	8.68	8.42	0.126㈢	    50.02	211062560	  0.93	         82.00亿	福建	8.50	8.53	131386	115953	  1.13	8.42	499	 -0.92	
000682	东方电子	1.43	0.24	电气设备	178	4.20	--  	4.26	191726	1889	          1.96	3.10	4.33	4.25	0.080㈢	    47.00	81976600	  1.11	         41.57亿	山东	4.22	4.28	99765	91961	  1.08	4.25	2271	 -0.93	
300025	华星创业	1.29	0.18	通信设备	1449	5.44	--  	5.51	271884	934	          6.98	3.86	5.65	5.51	-0.084㈢	--  	151206032	  1.06	         21.45亿	浙江	5.45	5.56	135049	136834	  0.99	5.50	912	 -1.08	
300555	路通视信	1.19	0.34	通信设备	782	11.79	--  	11.89	181757	1181	         19.54	4.60	12.33	11.88	0.068㈢	   131.76	219746976	  0.80	         11.05亿	江苏	12.30	12.09	100024	81732	  1.22	11.88	70	 -1.17	
002089	新 海 宜	1.12	0.00	通信设备	2830	5.35	--  	5.42	901417	6831	          9.63	4.10	5.57	5.42	0.078㈢	    52.09	492252096	  0.78	         50.75亿	江苏	5.41	5.46	490545	410871	  1.19	5.41	935	 -1.25	
600522	中天科技	1.10	0.10	通信设备	3118	10.02	--  	10.08	1095327	9757	          3.57	2.81	10.30	10.08	0.533㈢	    14.19	1115324032	  1.10	        309.06亿	江苏	10.09	10.18	551215	544112	  1.01	10.07	1374	 -0.02	
002268	卫 士 通	0.94	-0.03	软件服务	56	25.58	--  	25.81	114397	666	          1.41	3.29	26.42	25.80	-0.088㈢	--  	298266304	  1.26	        208.95亿	四川	25.72	26.07	56678	57718	  0.98	25.80	39	 -1.43	
002313	日海智能	0.92	0.16	通信设备	33	25.18	--  	25.26	99396	1089	          3.19	4.80	26.38	25.25	0.331㈢	    57.29	254947392	  1.28	         78.78亿	深圳	26.01	25.65	51177	48218	  1.06	25.25	24	 -1.45	
002183	怡 亚 通	0.89	0.18	仓储物流	277	5.60	--  	5.67	573870	4442	          2.71	4.45	5.85	5.67	0.184㈢	    23.12	328077312	  1.10	        120.23亿	深圳	5.79	5.72	325759	248110	  1.31	5.66	2005	 -1.47	
600487	亨通光电	0.83	0.14	通信设备	2808	21.87	--  	21.99	807769	4202	          4.34	3.58	22.65	21.98	1.107㈢	    14.89	1802769536	  1.15	        408.90亿	江苏	22.43	22.32	413474	394295	  1.05	21.98	561	 -0.30	
600198	*ST大唐	0.81	-0.10	通信设备	498	8.60	--  	8.71	181759	1548	          2.08	4.28	8.97	8.71	0.286㈢	    22.84	160583088	  1.03	         76.24亿	北京	8.65	8.83	94227	87532	  1.08	8.70	23	 -0.31	
600373	中文传媒	0.78	0.35	出版业	138	14.00	--  	14.19	141083	638	          1.02	3.91	14.55	14.18	0.876㈢	    12.14	201401552	  1.22	        195.39亿	江西	14.18	14.28	74092	66990	  1.11	14.18	251	 -0.34	
601999	出版传媒	0.63	0.48	出版业	172	6.26	--  	6.34	62856	753	          1.14	4.60	6.55	6.34	0.220㈢	    21.60	40278388	  0.97	         34.93亿	辽宁	6.30	6.41	31640	31216	  1.01	6.33	174	 -0.49	
002316	亚联发展	0.62	0.12	软件服务	439	8.04	--  	8.10	135296	905	          4.61	3.48	8.32	8.09	0.155㈢	    39.18	110308176	  1.08	         23.74亿	深圳	8.09	8.15	66237	69059	  0.96	8.09	559	 -1.74	
002104	恒宝股份	0.57	0.00	元器件	670	7.00	--  	7.06	286013	2409	          4.74	3.42	7.24	7.06	0.157㈢	    33.78	203584640	  0.80	         42.58亿	江苏	7.08	7.12	147415	138597	  1.06	7.05	272	 -1.79	
002261	拓维信息	0.36	-0.35	互联网	2004	5.46	--  	5.52	676091	10127	          7.43	5.64	5.77	5.52	0.046㈢	    90.90	379094112	  0.98	         50.20亿	湖南	5.54	5.61	351571	324519	  1.08	5.51	2487	 -2.00	
002281	光迅科技	0.34	0.06	通信设备	686	31.77	--  	32.02	301061	1992	          4.83	4.33	33.15	32.01	0.410㈢	    59.12	979701056	  1.06	        199.35亿	湖北	32.24	32.54	155882	145178	  1.07	32.01	64	 -2.02	
300251	光线传媒	0.34	0.00	影视音像	3839	8.87	--  	8.94	680627	5199	          2.47	3.15	9.15	8.93	0.779㈢	     8.60	613313408	  1.00	        245.76亿	北京	9.00	9.01	340271	340355	  1.00	8.93	1963	 -2.03	
600498	烽火通信	0.28	0.06	通信设备	66	32.41	--  	32.71	545099	4642	          4.94	4.63	33.92	32.70	0.560㈢	    45.41	1810175232	  1.17	        360.48亿	湖北	33.00	33.21	264780	280318	  0.94	32.70	50	 -0.85	
000851	高鸿股份	-0.17	0.00	软件服务	6507	5.88	--  	5.96	788235	6700	          9.20	7.87	6.35	5.96	0.039㈢	   113.54	480487264	  1.38	         51.07亿	贵州	6.08	6.10	443538	344697	  1.29	5.95	1518	 -2.53	
600289	*ST信通	-0.36	0.00	软件服务	2489	2.73	--  	2.75	108371	521	          1.91	2.90	2.81	2.75	-0.726㈢	--  	30053516	  0.86	         15.56亿	黑龙江	2.76	2.77	65318	43052	  1.52	2.74	2731	 -1.48	
600271	航天信息	-0.42	0.14	电脑设备	83	28.06	--  	28.46	313197	2134	          1.70	5.92	29.75	28.45	0.460㈢	    46.51	909003904	  1.26	        525.42亿	北京	28.85	29.02	168345	144851	  1.16	28.45	86	 -1.54	
数据来源:通达信
