代码	名称	涨幅%%	涨速%%	细分行业	买量	最低	未匹配量	卖价	总量	现量	换手%%	振幅%%	最高	现价	每股收益	市盈(动)	总金额	量比	流通市值	地区	今开	均价	内盘	外盘	内外比	买价	卖量	强弱度%%	
600839	四川长虹	10.10	0.00	家用电器	319825	3.13	--  	--  	880363	3236	          1.91	1.05	3.16	3.16	0.044㈢	    53.35	277916064	  1.01	        145.81亿	四川	3.13	3.16	753051	127312	  5.92	3.16	0	  8.98	
300353	东土科技	10.04	0.00	通信设备	11286	11.03	--  	--  	535813	609	         15.26	9.40	12.06	12.06	0.088㈢	   102.92	631186752	  1.97	         42.34亿	北京	11.26	11.78	277638	258175	  1.08	12.06	0	  7.67	
000977	浪潮信息	10.02	0.00	电脑设备	109822	22.27	--  	--  	1503209	1426	         11.66	6.68	23.71	23.71	0.289㈢	    61.60	3495555328	  2.39	        305.68亿	山东	23.40	23.25	833436	669773	  1.24	23.71	0	  7.66	
603656	泰禾光电	10.01	0.00	专用机械	9724	16.70	--  	--  	35796	115	          5.65	8.68	18.13	18.13	0.441㈢	    30.84	64094768	  2.37	         11.48亿	安徽	16.74	17.91	25858	9937	  2.60	18.13	0	  8.89	
600728	佳都科技	9.63	1.35	软件服务	5714	10.81	--  	11.27	1894057	17753	         11.81	4.86	11.31	11.27	0.070㈢	   121.49	2108389760	  2.24	        180.79亿	广东	11.31	11.13	1041367	852690	  1.22	11.26	1122	  8.51	
002841	视源股份	9.16	0.17	元器件	1	70.43	--  	75.54	39189	165	          5.89	8.22	76.12	75.54	1.310㈢	    43.72	292199008	  2.24	         50.29亿	广东	70.50	74.56	16479	22709	  0.73	75.50	78	  6.80	
300678	中科信息	5.22	0.60	软件服务	296	24.20	--  	25.21	130623	821	         15.68	8.98	26.35	25.20	0.074㈢	   256.81	330376032	  1.19	         21.00亿	四川	24.20	25.29	59692	70931	  0.84	25.20	21	  2.85	
300379	东方通	5.13	-0.13	软件服务	226	20.08	--  	20.91	169304	1290	          8.81	8.05	21.68	20.90	0.081㈢	   193.29	353326464	  1.15	         40.18亿	北京	20.08	20.87	81599	87704	  0.93	20.90	38	  2.77	
002761	多喜爱	4.92	0.29	纺织	609	16.38	--  	17.29	168917	2411	          8.32	9.65	17.97	17.28	0.146㈢	    88.79	290190080	  1.11	         35.07亿	湖南	16.39	17.18	79199	89717	  0.88	17.28	137	  2.55	
300661	圣邦股份	4.33	0.13	元器件	2	88.80	--  	92.32	10135	53	          2.38	6.58	94.62	92.31	0.910㈢	    76.25	93141640	  0.96	         39.27亿	北京	88.80	91.90	5180	4954	  1.05	92.31	8	  1.96	
002429	兆驰股份	4.30	0.00	家用电器	14687	2.89	--  	2.91	1232116	6157	          3.10	6.45	3.07	2.91	0.079㈢	    27.73	365148032	  1.16	        115.61亿	深圳	2.97	2.96	632883	599232	  1.06	2.90	2973	  1.94	
600718	东软集团	4.22	0.08	软件服务	301	12.17	--  	12.60	451298	1377	          3.63	6.53	12.96	12.60	0.100㈢	    94.27	569866368	  1.48	        156.54亿	辽宁	12.51	12.63	213783	237514	  0.90	12.59	952	  3.10	
002558	巨人网络	4.21	0.00	互联网	387	21.43	--  	22.50	167750	2574	          3.93	6.99	22.94	22.50	0.491㈢	    34.40	372557408	  1.10	         96.10亿	重庆	21.80	22.21	78140	89609	  0.87	22.49	5121	  1.85	
300479	神思电子	3.86	0.52	软件服务	46	17.25	--  	17.50	139301	1487	          8.71	5.88	18.24	17.50	0.039㈢	   339.99	246892224	  0.97	         28.00亿	山东	17.54	17.72	63393	75907	  0.84	17.49	37	  1.49	
300520	科大国创	3.75	0.73	软件服务	2387	18.78	--  	19.38	122175	4367	         10.85	3.16	19.37	19.37	0.100㈢	   174.83	233626832	  1.14	         21.82亿	安徽	18.92	19.12	56589	65585	  0.86	19.37	127	  1.38	
002528	英飞拓	3.71	0.68	电脑设备	18	4.37	--  	4.47	229215	3113	          2.65	4.87	4.58	4.47	0.060㈢	    61.05	102508432	  1.23	         38.63亿	深圳	4.38	4.47	118730	110484	  1.07	4.46	1423	  1.35	
300377	赢时胜	3.66	0.53	软件服务	15	14.97	--  	15.31	606700	6368	         11.83	7.66	16.10	15.30	0.159㈢	    72.25	935280640	  1.06	         78.44亿	深圳	15.02	15.42	298415	308284	  0.97	15.30	444	  1.29	
300253	卫宁健康	3.58	-0.21	软件服务	3166	12.84	--  	13.33	693962	4252	          5.28	7.62	13.82	13.32	0.119㈢	    84.16	920619456	  1.21	        175.18亿	上海	13.09	13.27	316986	376976	  0.84	13.32	935	  1.21	
600895	张江高科	3.51	0.05	园区开发	2126	18.72	--  	19.16	838006	6227	          5.41	5.30	19.70	19.15	0.296㈢	    48.60	1608378496	  0.82	        296.57亿	上海	19.09	19.19	422177	415828	  1.02	19.15	1152	  2.39	
002226	江南化工	3.39	0.16	化工原料	2134	6.06	--  	6.11	468062	5536	          5.14	4.75	6.34	6.10	0.171㈢	    26.72	288016448	  1.20	         55.58亿	安徽	6.25	6.15	236799	231263	  1.02	6.10	2065	  1.03	
300024	机器人	3.35	0.17	专用机械	1010	17.00	--  	17.27	471214	3640	          3.11	4.49	17.75	17.27	0.211㈢	    61.38	820223168	  1.32	        261.40亿	辽宁	17.25	17.41	245281	225932	  1.09	17.26	2681	  0.99	
300458	全志科技	3.18	0.26	元器件	1719	22.82	--  	23.03	208194	1559	          8.89	7.71	24.54	23.02	0.437㈢	    39.54	494192384	  1.68	         53.92亿	广东	24.54	23.74	117353	90840	  1.29	23.02	53	  0.82	
002689	远大智能	3.16	0.58	运输设备	585	5.01	--  	5.22	482224	4427	          4.63	7.71	5.40	5.22	-0.012㈢	--  	251685424	  0.85	         54.33亿	辽宁	5.11	5.22	237551	244672	  0.97	5.21	98	  0.80	
603160	汇顶科技	3.00	-0.01	元器件	70	88.00	--  	88.94	39550	130	          1.71	4.00	91.45	88.90	0.698㈢	    95.53	355116736	  1.55	        205.89亿	深圳	88.00	89.79	17090	22460	  0.76	88.90	5	  1.88	
300213	佳讯飞鸿	2.95	0.00	通信设备	1576	7.53	--  	7.67	353994	2966	          9.18	5.10	7.91	7.67	0.113㈢	    50.77	272161280	  1.14	         29.59亿	北京	7.58	7.69	163487	190506	  0.86	7.66	510	  0.59	
300496	中科创达	2.93	-0.22	软件服务	46	34.11	--  	34.81	152275	1364	          6.38	5.03	35.81	34.81	0.260㈢	   102.16	531343136	  1.20	         83.14亿	北京	35.50	34.89	69590	82685	  0.84	34.80	982	  0.56	
002230	科大讯飞	2.90	0.03	软件服务	1929	36.37	--  	36.87	952582	5525	          5.23	4.55	38.00	36.87	0.110㈢	   264.09	3547937792	  0.97	        671.87亿	安徽	37.30	37.25	481867	470714	  1.02	36.86	90	  0.54	
300002	神州泰岳	2.90	0.44	软件服务	3292	4.42	--  	4.61	1055158	14549	          7.50	8.48	4.80	4.61	-0.078㈢	--  	485276928	  1.14	         64.84亿	北京	4.47	4.60	566903	488254	  1.16	4.60	1313	  0.54	
603019	中科曙光	2.66	0.00	电脑设备	556	47.40	--  	47.92	323690	1699	          5.03	4.50	49.50	47.91	0.270㈢	   132.91	1570715008	  1.28	        308.07亿	天津	48.51	48.53	165686	158003	  1.05	47.91	125	  1.54	
300222	科大智能	2.56	0.22	电气设备	1975	17.72	--  	18.01	186940	1540	          5.47	3.99	18.42	18.01	0.320㈢	    44.07	336931040	  1.32	         61.54亿	上海	17.72	18.02	91552	95387	  0.96	18.00	84	  0.20	
002242	九阳股份	2.46	0.21	家用电器	388	18.40	--  	19.14	112666	385	          1.48	6.86	19.68	19.13	0.742㈢	    19.35	216367728	  1.19	        145.76亿	山东	18.66	19.20	48247	64418	  0.75	19.13	55	  0.10	
600083	博信股份	2.44	-0.26	建筑施工	6	17.87	--  	18.48	57958	159	          2.54	6.54	19.05	18.47	0.065㈢	   214.61	106897560	  1.96	         42.11亿	江苏	18.00	18.44	23964	33993	  0.70	18.47	7	  1.32	
002362	汉王科技	2.43	0.17	电脑设备	384	17.02	--  	17.31	129944	901	          7.31	4.80	17.83	17.30	0.124㈢	   104.95	226777440	  0.89	         30.75亿	北京	17.10	17.45	64168	65775	  0.98	17.30	48	  0.06	
002292	奥飞娱乐	2.37	0.29	影视音像	1118	6.75	--  	6.92	434983	2371	          5.35	4.88	7.08	6.92	0.053㈢	    97.02	300290368	  1.46	         56.29亿	广东	6.88	6.90	192963	242019	  0.80	6.91	721	  0.00	
000938	紫光股份	2.34	-0.07	软件服务	402	39.49	--  	39.88	142723	909	          4.95	3.93	41.02	39.86	0.796㈢	    37.53	574379136	  1.33	        115.00亿	北京	39.76	40.24	67854	74869	  0.91	39.86	530	 -0.03	
002367	康力电梯	2.27	0.00	运输设备	2035	8.01	--  	8.11	310706	4159	          5.93	5.93	8.48	8.11	0.078㈢	    78.03	255277056	  0.91	         42.52亿	江苏	8.35	8.22	157105	153600	  1.02	8.10	242	 -0.09	
002065	东华软件	2.10	0.12	软件服务	1272	8.14	--  	8.29	776443	2755	          2.77	5.30	8.57	8.28	0.210㈢	    29.57	648559424	  1.52	        232.48亿	北京	8.21	8.35	330340	446102	  0.74	8.28	2721	 -0.27	
300588	熙菱信息	2.01	-0.06	软件服务	765	14.08	--  	14.20	110124	477	         14.00	4.46	14.70	14.19	0.020㈢	   491.07	158316576	  1.03	         11.16亿	新疆	14.25	14.38	51375	58749	  0.87	14.19	84	 -0.35	
300367	东方网力	2.01	0.18	电脑设备	1325	11.06	--  	11.17	458900	2763	          7.67	4.47	11.55	11.17	0.225㈢	    37.29	516372096	  1.30	         66.87亿	北京	11.26	11.25	244538	214362	  1.14	11.16	344	 -0.36	
600797	浙大网新	1.99	0.33	软件服务	1307	9.13	--  	9.24	552178	3066	          5.44	4.75	9.56	9.23	0.150㈢	    46.11	514946496	  1.04	         93.71亿	浙江	9.16	9.33	264346	287832	  0.92	9.23	753	  0.87	
002609	捷顺科技	1.91	0.14	软件服务	1195	6.81	--  	6.93	128925	1300	          3.28	3.68	7.06	6.92	0.075㈢	    68.80	89309616	  1.16	         27.16亿	深圳	6.90	6.93	66566	62359	  1.07	6.92	1707	 -0.45	
000157	中联重科	1.89	-0.22	工程机械	5505	4.23	--  	4.32	809602	4652	          1.29	4.26	4.41	4.31	0.170㈢	    19.37	351305440	  1.69	        271.17亿	湖南	4.24	4.34	342897	466705	  0.73	4.31	1844	 -0.47	
300033	同花顺	1.89	0.28	软件服务	422	78.98	--  	82.53	211299	1726	          7.99	11.37	88.19	82.53	1.179㈣	    69.99	1754270592	  1.03	        218.13亿	浙江	82.00	83.02	100818	110481	  0.91	82.52	62	 -0.48	
600055	万东医疗	1.87	0.46	医疗保健	100	12.70	--  	13.10	135242	1009	          2.50	5.68	13.43	13.10	0.163㈢	    60.11	177348976	  1.39	         70.85亿	北京	12.99	13.11	70846	64395	  1.10	13.09	418	  0.74	
300456	耐威科技	1.85	0.13	元器件	581	29.60	--  	30.31	92021	855	          6.41	4.30	30.88	30.30	0.300㈢	    93.76	278470464	  0.97	         43.50亿	北京	30.10	30.26	46175	45845	  1.01	30.30	71	 -0.52	
300307	慈星股份	1.80	0.18	纺织机械	207	5.59	--  	5.65	103224	538	          1.30	3.78	5.80	5.65	0.191㈢	    22.15	58870776	  1.11	         44.82亿	浙江	5.61	5.70	54365	48859	  1.11	5.64	46	 -0.56	
601360	三六零	1.78	0.08	互联网	380	26.09	--  	26.31	175747	1375	          4.42	4.57	27.27	26.30	0.380㈢	    53.03	468111584	  0.88	        104.46亿	江苏	26.50	26.64	87333	88413	  0.99	26.30	92	  0.66	
300078	思创医惠	1.62	-0.19	元器件	387	9.95	--  	10.07	304980	1835	          4.18	3.54	10.30	10.06	0.135㈢	    55.97	309067616	  1.28	         73.37亿	浙江	10.20	10.13	158688	146292	  1.08	10.06	623	 -0.75	
002253	川大智胜	1.57	0.36	软件服务	61	16.68	--  	16.87	101903	1025	          4.93	4.28	17.39	16.86	0.139㈢	    91.16	172915344	  1.02	         34.86亿	四川	16.80	16.97	51416	50487	  1.02	16.86	107	 -0.80	
000936	华西股份	1.48	0.24	化纤	1717	8.18	--  	8.25	859485	6909	          9.71	5.05	8.59	8.24	0.331㈢	    18.68	720736256	  0.99	         72.95亿	江苏	8.52	8.39	441196	418288	  1.05	8.24	988	 -0.89	
300058	蓝色光标	1.46	0.00	广告包装	1894	4.83	--  	4.87	696182	4777	          4.19	3.54	5.00	4.87	0.190㈢	    19.31	342274080	  1.28	         80.96亿	北京	4.85	4.92	340535	355647	  0.96	4.86	1836	 -0.91	
002444	巨星科技	1.45	0.00	轻工机械	372	11.07	--  	11.19	161332	1171	          1.59	3.45	11.45	11.18	0.526㈢	    15.93	181731360	  1.22	        113.13亿	浙江	11.07	11.26	70319	91012	  0.77	11.18	100	 -0.91	
300038	数知科技	1.44	0.09	通信设备	1180	11.14	--  	11.28	373234	2685	          5.45	3.78	11.56	11.28	0.473㈢	    17.87	423733728	  1.17	         77.27亿	北京	11.14	11.35	186013	187220	  0.99	11.27	171	 -0.93	
000066	中国长城	1.43	0.00	电脑设备	1672	7.00	--  	7.10	916800	5148	          3.68	5.01	7.35	7.09	0.071㈢	    75.06	655728640	  1.11	        176.59亿	深圳	7.12	7.15	448445	468354	  0.96	7.09	1613	 -0.93	
300418	昆仑万维	1.39	0.07	互联网	1314	15.08	--  	15.29	247194	1409	          3.89	3.85	15.66	15.29	0.650㈢	    17.85	380162432	  1.13	         97.06亿	北京	15.21	15.38	126363	120831	  1.05	15.28	109	 -0.97	
300603	立昂技术	1.37	-0.41	通信设备	288	27.90	--  	28.19	52707	842	         10.92	6.92	29.82	28.12	0.350㈢	    84.48	152187824	  1.13	         13.58亿	新疆	28.63	28.87	26176	26530	  0.99	28.12	8	 -0.99	
000038	深大通	1.09	0.29	广告包装	1417	13.72	--  	13.96	108201	1163	          6.02	3.04	14.14	13.95	0.421㈢	    24.85	151004208	  1.51	         25.09亿	深圳	13.85	13.96	62530	45671	  1.37	13.95	136	 -1.28	
300101	振芯科技	1.06	0.35	通信设备	2374	11.23	--  	11.41	260461	2930	          4.74	3.81	11.66	11.40	0.048㈢	   179.92	297396160	  1.05	         62.66亿	四川	11.38	11.42	136470	123991	  1.10	11.40	199	 -1.30	
002502	骅威文化	0.95	0.24	影视音像	2302	4.20	--  	4.26	338539	5012	          5.45	3.32	4.34	4.26	0.039㈢	    82.16	144501744	  0.97	         26.47亿	广东	4.23	4.27	164951	173587	  0.95	4.25	1813	 -1.42	
002402	和而泰	0.93	-0.22	元器件	962	8.62	--  	8.68	258722	1771	          3.58	3.73	8.94	8.67	0.216㈢	    30.14	227023088	  0.94	         62.66亿	深圳	8.70	8.77	130901	127821	  1.02	8.67	198	 -1.43	
300003	乐普医疗	0.92	0.11	医疗保健	179	25.77	--  	26.20	522635	3550	          3.45	3.20	26.60	26.19	0.642㈢	    30.61	1368483840	  0.90	        396.85亿	北京	26.13	26.18	260363	262271	  0.99	26.19	1590	 -1.44	
000502	绿景控股	0.76	-0.37	医疗保健	188	7.92	--  	7.95	30954	324	          1.69	2.28	8.10	7.94	0.227㈢	    26.21	24844520	  1.07	         14.56亿	广东	7.92	8.03	11008	19946	  0.55	7.94	160	 -1.60	
300053	欧比特	0.66	0.09	半导体	80	10.57	--  	10.69	252967	2620	          5.07	5.66	11.17	10.68	0.140㈢	    61.48	274107616	  1.10	         53.28亿	广东	11.08	10.84	141191	111775	  1.26	10.68	279	 -1.70	
300229	拓尔思	0.58	-0.18	软件服务	891	10.40	--  	10.45	139936	1161	          3.01	3.76	10.79	10.44	0.090㈢	    83.32	148315568	  0.92	         48.60亿	北京	10.53	10.60	70693	69242	  1.02	10.44	120	 -1.79	
601238	广汽集团	0.41	0.25	汽车整车	699	12.05	--  	12.15	196563	938	          0.32	2.89	12.40	12.14	0.970㈢	     9.45	240402304	  1.16	        738.16亿	广东	12.21	12.23	111341	85221	  1.31	12.14	1333	 -0.71	
002261	拓维信息	0.36	-0.35	互联网	2004	5.46	--  	5.52	676091	10127	          7.43	5.64	5.77	5.52	0.046㈢	    90.90	379094112	  0.98	         50.20亿	湖南	5.54	5.61	351571	324519	  1.08	5.51	2487	 -2.00	
300018	中元股份	0.35	0.00	电气设备	1202	5.74	--  	5.79	232951	3562	          6.39	3.64	5.95	5.79	0.006㈢	   680.83	136188048	  0.78	         21.12亿	湖北	5.89	5.85	119372	113578	  1.05	5.78	60	 -2.02	
300044	赛为智能	0.12	-0.11	软件服务	592	8.30	--  	8.35	574597	6269	         10.82	4.56	8.68	8.34	0.141㈢	    44.50	485924064	  1.12	         44.30亿	深圳	8.50	8.46	302486	272111	  1.11	8.34	1375	 -2.24	
600570	恒生电子	0.05	0.24	软件服务	159	86.72	--  	88.32	394514	2250	          6.39	7.91	93.70	88.31	0.584㈢	   113.46	3525929216	  1.21	        545.58亿	浙江	89.90	89.37	204368	190146	  1.07	88.31	1	 -1.08	
300015	爱尔眼科	0.03	-0.23	医疗保健	69	32.60	--  	33.16	254638	1433	          1.34	3.92	33.90	33.15	0.375㈢	    66.22	847330560	  1.45	        631.75亿	湖南	33.40	33.28	142189	112448	  1.26	33.15	106	 -2.33	
603015	弘讯科技	0.00	0.00	电气设备	610	7.29	--  	7.31	52623	702	          1.31	3.29	7.53	7.30	0.130㈢	    42.19	39078216	  0.92	         29.34亿	浙江	7.35	7.43	26624	25999	  1.02	7.30	104	 -1.12	
300512	中亚股份	0.00	-0.05	专用机械	427	15.50	--  	15.61	75510	893	          9.70	2.88	15.95	15.61	0.552㈢	    21.23	118573024	  1.04	         12.15亿	浙江	15.65	15.70	39435	36074	  1.09	15.60	38	 -2.36	
300098	高新兴	0.00	-0.10	通信设备	377	9.09	--  	9.27	650444	5908	          5.00	6.37	9.68	9.26	0.230㈢	    31.16	609903808	  1.17	        120.56亿	广东	9.56	9.38	347242	303201	  1.15	9.26	2209	 -2.36	
002348	高乐股份	0.00	0.49	文教休闲	1106	4.05	--  	4.12	502565	3879	          6.76	5.58	4.28	4.12	0.042㈢	    72.97	208688784	  1.15	         30.62亿	广东	4.06	4.15	271790	230774	  1.18	4.11	5831	 -2.36	
300531	优博讯	-0.05	-0.21	软件服务	896	18.02	--  	18.24	63717	742	          5.22	4.77	18.89	18.23	0.353㈢	    38.70	117737000	  1.43	         22.24亿	深圳	18.28	18.48	31371	32346	  0.97	18.23	76	 -2.42	
600560	金自天正	-0.10	0.00	电气设备	355	9.67	--  	9.68	112563	1857	          5.03	4.23	10.08	9.68	0.077㈢	    94.16	111135632	  0.99	         21.65亿	北京	9.80	9.87	57619	54943	  1.05	9.67	487	 -1.22	
600745	闻泰科技	-0.14	0.66	通信设备	22	28.89	--  	29.14	124536	543	          1.95	7.93	31.20	29.10	-0.266㈢	--  	373633792	  1.50	        185.44亿	湖北	30.01	30.00	73200	51336	  1.43	29.10	20	 -1.26	
600633	浙数文化	-0.36	0.37	互联网	93	10.80	--  	10.96	469420	3127	          3.64	4.45	11.29	10.96	0.307㈢	    26.78	516272960	  1.18	        141.41亿	浙江	11.09	11.00	263268	206152	  1.28	10.95	661	 -1.49	
000821	京山轻机	-1.28	0.00	轻工机械	2264	9.90	--  	10.03	239749	2091	          5.44	6.31	10.54	10.01	0.499㈢	    15.05	242703072	  0.79	         44.13亿	湖北	10.20	10.12	133047	106701	  1.25	10.01	160	 -3.65	
002152	广电运通	-1.64	0.30	电脑设备	1180	6.51	--  	6.60	487043	2315	          2.46	4.63	6.82	6.59	0.184㈢	    26.85	326039264	  1.41	        130.39亿	广东	6.69	6.69	268929	218113	  1.23	6.59	2992	 -4.01	
数据来源:通达信
