代码	名称	涨幅%%	涨速%%	细分行业	买量	最低	未匹配量	卖价	总量	现量	换手%%	振幅%%	最高	现价	每股收益	市盈(动)	总金额	量比	流通市值	地区	今开	均价	内盘	外盘	内外比	买价	卖量	强弱度%%	
300370	安控科技	10.15	0.00	电器仪表	213920	3.58	--  	--  	151726	224	          2.13	0.00	3.58	3.58	-0.009㈢	--  	54317832	  0.25	         25.56亿	北京	3.58	3.58	133406	18319	  7.28	3.58	0	  7.79	
000977	浪潮信息	10.02	0.00	电脑设备	109822	22.27	--  	--  	1503209	1426	         11.66	6.68	23.71	23.71	0.289㈢	    61.60	3495555328	  2.39	        305.68亿	山东	23.40	23.25	833436	669773	  1.24	23.71	0	  7.66	
300017	网宿科技	9.96	0.00	电信运营	267248	11.60	--  	--  	2367446	1731	         12.31	1.96	11.81	11.81	0.252㈢	    35.13	2793327360	  1.97	        227.10亿	上海	11.81	11.80	1814149	553296	  3.28	11.81	0	  7.60	
600100	同方股份	9.28	-0.08	电脑设备	1542	10.52	--  	11.20	613050	3001	          2.07	7.23	11.26	11.19	-0.193㈢	--  	679055552	  3.44	        331.66亿	北京	10.52	11.08	255934	357115	  0.72	11.19	1809	  8.16	
603496	恒为科技	5.88	0.03	电脑设备	68	27.68	--  	29.02	48200	387	          6.34	6.61	29.49	29.01	0.590㈢	    37.40	137664864	  1.99	         22.07亿	上海	27.68	28.56	18162	30038	  0.60	29.01	28	  4.75	
300379	东方通	5.13	-0.13	软件服务	226	20.08	--  	20.91	169304	1290	          8.81	8.05	21.68	20.90	0.081㈢	   193.29	353326464	  1.15	         40.18亿	北京	20.08	20.87	81599	87704	  0.93	20.90	38	  2.77	
300634	彩讯股份	4.40	0.26	软件服务	93	26.26	--  	27.29	86218	1082	         21.55	7.35	28.18	27.29	0.206㈢	    99.48	234845536	  1.47	         10.92亿	深圳	26.26	27.24	40066	46152	  0.87	27.28	38	  2.03	
300479	神思电子	3.86	0.52	软件服务	46	17.25	--  	17.50	139301	1487	          8.71	5.88	18.24	17.50	0.039㈢	   339.99	246892224	  0.97	         28.00亿	山东	17.54	17.72	63393	75907	  0.84	17.49	37	  1.49	
000606	顺利办	3.58	-0.68	互联网	112	6.98	--  	7.24	229596	1844	          4.20	7.02	7.47	7.23	0.411㈢	    13.20	166190960	  1.17	         39.51亿	青海	6.98	7.24	104753	124843	  0.84	7.23	582	  1.22	
600410	华胜天成	3.57	0.83	软件服务	1597	7.07	--  	7.26	584483	3750	          5.32	5.86	7.48	7.25	0.046㈢	   117.09	424425440	  1.48	         79.66亿	北京	7.16	7.26	274834	309649	  0.89	7.25	486	  2.45	
603232	格尔软件	3.56	0.06	软件服务	15	30.70	--  	32.36	24626	42	          4.81	8.66	33.40	32.27	0.132㈢	   183.90	79719224	  1.18	         16.51亿	上海	31.21	32.37	13006	11619	  1.12	32.27	26	  2.44	
000555	神州信息	2.93	0.34	软件服务	1164	11.75	--  	11.96	388912	3686	          4.16	3.88	12.20	11.95	0.308㈢	    29.14	466352032	  1.14	        111.72亿	深圳	11.75	11.99	193337	195574	  0.99	11.95	926	  0.56	
000793	华闻传媒	2.88	0.26	出版业	6053	3.85	--  	3.93	1529312	15184	          7.89	5.50	4.06	3.93	0.011㈢	   256.55	602117184	  0.83	         76.20亿	海南	3.86	3.94	774686	754625	  1.03	3.92	3623	  0.52	
603019	中科曙光	2.66	0.00	电脑设备	556	47.40	--  	47.92	323690	1699	          5.03	4.50	49.50	47.91	0.270㈢	   132.91	1570715008	  1.28	        308.07亿	天津	48.51	48.53	165686	158003	  1.05	47.91	125	  1.54	
002912	中新赛克	2.44	0.38	软件服务	7	102.75	--  	104.91	18168	101	          3.51	6.13	109.03	104.90	1.465㈢	    53.69	193038608	  1.31	         54.36亿	深圳	102.75	106.25	7729	10438	  0.74	104.90	1	  0.08	
002439	启明星辰	2.40	0.08	软件服务	92	25.66	--  	26.47	179831	1067	          2.88	7.12	27.50	26.47	0.132㈢	   150.47	479287808	  1.27	        165.15亿	北京	26.01	26.65	84631	95200	  0.89	26.46	110	  0.03	
300659	中孚信息	2.39	-0.02	软件服务	92	29.00	--  	30.18	29838	341	          4.59	7.37	31.16	30.00	-0.028㈢	--  	89826544	  0.66	         19.49亿	山东	29.24	30.10	18221	11616	  1.57	30.00	5	  0.02	
300324	旋极信息	2.38	0.41	软件服务	523	7.02	--  	7.32	1094544	11821	         10.56	6.71	7.50	7.32	0.206㈢	    26.69	794674560	  0.85	         75.90亿	北京	7.07	7.26	550906	543638	  1.01	7.31	1517	  0.01	
300302	同有科技	2.13	0.00	软件服务	306	8.95	--  	9.10	166574	935	          6.75	5.84	9.47	9.09	0.059㈢	   115.53	153144896	  1.30	         22.42亿	北京	8.98	9.19	81942	84632	  0.97	9.09	336	 -0.23	
002065	东华软件	2.10	0.12	软件服务	1272	8.14	--  	8.29	776443	2755	          2.77	5.30	8.57	8.28	0.210㈢	    29.57	648559424	  1.52	        232.48亿	北京	8.21	8.35	330340	446102	  0.74	8.28	2721	 -0.27	
300352	北信源	2.05	0.18	软件服务	242	5.40	--  	5.49	560100	3684	          5.12	6.33	5.74	5.48	0.023㈢	   177.53	309605344	  1.36	         59.93亿	北京	5.41	5.53	272931	287168	  0.95	5.48	680	 -0.32	
300588	熙菱信息	2.01	-0.06	软件服务	765	14.08	--  	14.20	110124	477	         14.00	4.46	14.70	14.19	0.020㈢	   491.07	158316576	  1.03	         11.16亿	新疆	14.25	14.38	51375	58749	  0.87	14.19	84	 -0.35	
601360	三六零	1.78	0.08	互联网	380	26.09	--  	26.31	175747	1375	          4.42	4.57	27.27	26.30	0.380㈢	    53.03	468111584	  0.88	        104.46亿	江苏	26.50	26.64	87333	88413	  0.99	26.30	92	  0.66	
002474	榕基软件	1.53	0.00	软件服务	567	7.88	--  	7.98	233288	2883	          4.98	4.59	8.24	7.97	0.049㈢	   122.49	188145536	  1.45	         37.36亿	福建	8.00	8.06	109496	123792	  0.88	7.97	969	 -0.84	
300038	数知科技	1.44	0.09	通信设备	1180	11.14	--  	11.28	373234	2685	          5.45	3.78	11.56	11.28	0.473㈢	    17.87	423733728	  1.17	         77.27亿	北京	11.14	11.35	186013	187220	  0.99	11.27	171	 -0.93	
000066	中国长城	1.43	0.00	电脑设备	1672	7.00	--  	7.10	916800	5148	          3.68	5.01	7.35	7.09	0.071㈢	    75.06	655728640	  1.11	        176.59亿	深圳	7.12	7.15	448445	468354	  0.96	7.09	1613	 -0.93	
300454	深信服	1.36	-0.65	软件服务	3	100.00	--  	101.57	18708	109	          4.68	6.00	106.00	101.30	0.820㈢	    97.91	193170960	  0.78	         40.53亿	深圳	100.00	103.25	9613	9095	  1.06	101.30	2	 -1.00	
002298	中电兴发	1.27	0.14	软件服务	87	7.12	--  	7.19	114818	879	          2.21	3.39	7.36	7.18	0.170㈢	    31.62	83069048	  1.16	         37.23亿	安徽	7.12	7.23	55793	59025	  0.95	7.18	146	 -1.10	
300297	蓝盾股份	1.22	0.15	软件服务	907	6.55	--  	6.63	570483	2868	          7.34	5.50	6.91	6.63	0.193㈢	    25.74	382612544	  1.16	         51.55亿	广东	6.59	6.71	298200	272283	  1.10	6.62	527	 -1.14	
300386	飞天诚信	1.06	0.37	软件服务	195	13.27	--  	13.41	134255	1675	          6.25	4.37	13.85	13.41	0.184㈢	    54.56	181470000	  0.86	         28.79亿	北京	13.34	13.52	72522	61732	  1.17	13.40	276	 -1.31	
002268	卫 士 通	0.94	-0.03	软件服务	56	25.58	--  	25.81	114397	666	          1.41	3.29	26.42	25.80	-0.088㈢	--  	298266304	  1.26	        208.95亿	四川	25.72	26.07	56678	57718	  0.98	25.80	39	 -1.43	
300311	任子行	0.83	0.41	软件服务	2445	7.25	--  	7.33	414030	4422	          9.01	5.79	7.67	7.32	0.160㈢	    33.85	307325376	  1.24	         33.63亿	广东	7.35	7.42	210399	203630	  1.03	7.32	292	 -1.54	
300560	中富通	0.78	0.19	通信设备	35	20.45	--  	20.66	55557	614	          8.30	3.47	21.16	20.65	0.220㈢	    70.24	115820752	  1.07	         13.83亿	福建	20.53	20.85	27321	28235	  0.97	20.65	37	 -1.58	
002383	合众思壮	0.73	0.07	通信设备	417	13.83	--  	13.90	230691	1547	          4.75	3.26	14.28	13.89	0.350㈢	    29.63	323674400	  0.98	         67.52亿	北京	13.88	14.03	120818	109872	  1.10	13.89	158	 -1.64	
603029	天鹅股份	0.60	-0.06	农用机械	80	14.97	--  	15.00	13418	20	          3.67	1.54	15.20	14.99	-0.053㈢	--  	20236200	  1.10	          5.48亿	山东	15.04	15.08	6530	6887	  0.95	14.99	67	 -0.52	
300369	绿盟科技	0.60	-0.07	软件服务	38	11.65	--  	11.78	125117	355	          1.75	5.29	12.27	11.78	-0.054㈢	--  	150114480	  1.22	         84.17亿	北京	11.85	12.00	62858	62258	  1.01	11.77	96	 -1.77	
300229	拓尔思	0.58	-0.18	软件服务	891	10.40	--  	10.45	139936	1161	          3.01	3.76	10.79	10.44	0.090㈢	    83.32	148315568	  0.92	         48.60亿	北京	10.53	10.60	70693	69242	  1.02	10.44	120	 -1.79	
603636	南威软件	0.54	-0.35	软件服务	1221	10.99	--  	11.10	200488	1672	          3.82	4.27	11.46	11.07	0.250㈢	    35.76	224757392	  1.27	         58.08亿	福建	11.02	11.21	86025	114462	  0.75	11.07	20	 -0.58	
300333	兆日科技	0.33	0.11	元器件	1809	8.91	--  	9.05	337034	2674	         10.19	5.11	9.37	9.04	0.049㈢	   136.99	307771424	  1.15	         29.91亿	深圳	9.00	9.13	172932	164102	  1.05	9.04	1706	 -2.03	
600498	烽火通信	0.28	0.06	通信设备	66	32.41	--  	32.71	545099	4642	          4.94	4.63	33.92	32.70	0.560㈢	    45.41	1810175232	  1.17	        360.48亿	湖北	33.00	33.21	264780	280318	  0.94	32.70	50	 -0.85	
300077	国民技术	0.23	-0.11	半导体	643	8.49	--  	8.55	577265	7835	         10.67	4.34	8.86	8.54	0.394㈢	    16.27	500209920	  0.99	         46.20亿	深圳	8.61	8.67	310972	266293	  1.17	8.54	49	 -2.13	
600260	凯乐科技	0.05	0.76	通信设备	104	20.90	--  	21.18	425144	3467	          6.77	4.63	21.88	21.18	1.190㈢	    13.47	912305472	  1.17	        133.07亿	湖北	21.60	21.46	230911	194233	  1.19	21.17	1787	 -1.07	
300579	数字认证	0.03	0.15	软件服务	3	33.00	--  	33.15	38195	386	          8.72	5.43	34.80	33.15	0.326㈢	    76.18	130022120	  1.14	         14.52亿	北京	33.80	34.04	19564	18630	  1.05	33.14	152	 -2.33	
600485	信威集团	0.00	0.00	通信设备	0	--  	--  	--  	0	0	          0.00	0.00	--  	14.59	-0.282㈢	--  	0	  0.00	        264.45亿	北京	--  	14.59	0	0	--  	--  	0	 -1.12	
600070	浙江富润	0.00	-0.12	纺织	664	7.76	--  	7.84	159088	1896	          3.96	4.09	8.08	7.83	0.272㈢	    21.59	125712024	  0.78	         31.44亿	浙江	7.92	7.90	81836	77252	  1.06	7.83	293	 -1.12	
300010	立思辰	-0.11	-0.10	软件服务	968	9.10	--  	9.28	357581	1015	          5.08	5.17	9.58	9.28	0.009㈢	   799.22	334338112	  1.34	         65.26亿	北京	9.32	9.35	191233	166347	  1.15	9.27	388	 -2.47	
000158	常山北明	-0.17	0.52	纺织	940	5.77	--  	5.82	277276	862	          1.71	3.95	6.00	5.82	0.024㈢	   181.64	163466800	  1.10	         94.53亿	河北	5.90	5.90	146856	130419	  1.13	5.81	320	 -2.54	
000547	航天发展	-0.19	0.38	通信设备	1604	10.45	--  	10.61	351984	1178	          3.16	3.86	10.86	10.60	0.170㈢	    53.90	375795264	  1.24	        118.12亿	福建	10.65	10.68	184141	167843	  1.10	10.60	169	 -2.55	
002212	南洋股份	-0.20	-0.19	电气设备	63	15.17	--  	15.33	76108	291	          1.18	4.37	15.84	15.31	0.022㈢	   523.55	118375376	  1.34	         98.36亿	广东	15.44	15.55	41001	35106	  1.17	15.30	22	 -2.56	
300306	远方信息	-0.23	0.00	电器仪表	574	8.75	--  	8.81	89047	1021	          6.06	5.67	9.25	8.80	0.004㈢	  1612.82	80046632	  1.14	         12.92亿	浙江	8.86	8.99	53141	35906	  1.48	8.80	189	 -2.59	
600701	*ST工新	-0.38	0.39	综合类	2188	2.56	--  	2.60	279738	461	          3.61	3.45	2.65	2.60	-0.373㈢	--  	72721872	  1.24	         20.17亿	黑龙江	2.60	2.60	149116	130621	  1.14	2.59	2445	 -1.50	
600271	航天信息	-0.42	0.14	电脑设备	83	28.06	--  	28.46	313197	2134	          1.70	5.92	29.75	28.45	0.460㈢	    46.51	909003904	  1.26	        525.42亿	北京	28.85	29.02	168345	144851	  1.16	28.45	86	 -1.54	
300188	美亚柏科	-0.47	0.24	软件服务	898	16.50	--  	16.84	167370	1185	          3.17	6.51	17.60	16.83	0.060㈢	   211.78	288326176	  1.29	         88.86亿	福建	17.06	17.23	87007	80362	  1.08	16.83	109	 -2.84	
002491	通鼎互联	-0.50	0.00	通信设备	787	9.95	--  	10.00	534375	5163	          4.54	3.98	10.35	9.99	0.372㈢	    20.13	541207424	  1.04	        117.46亿	江苏	10.25	10.13	297597	236778	  1.26	9.99	1558	 -2.86	
300546	雄帝科技	-1.51	0.00	元器件	230	29.88	--  	29.91	36494	552	          5.68	3.59	30.97	29.91	0.435㈢	    51.55	110723136	  1.37	         19.23亿	深圳	30.95	30.34	22387	14107	  1.59	29.90	96	 -3.88	
数据来源:通达信
