代码	名称	涨幅%%	涨速%%	细分行业	买量	最低	未匹配量	卖价	总量	现量	换手%%	振幅%%	最高	现价	每股收益	市盈(动)	总金额	量比	流通市值	地区	今开	均价	内盘	外盘	内外比	买价	卖量	强弱度%%	
300491	通合科技	10.02	0.00	电气设备	18745	16.56	--  	--  	69985	67	         12.23	10.02	18.22	18.22	0.022㈢	   611.71	123142280	  1.53	         10.43亿	河北	16.56	17.60	31341	38644	  0.81	18.22	0	  7.66	
002190	成飞集成	9.99	0.00	汽车配件	4364	18.85	--  	--  	240775	1497	          6.98	12.42	21.25	21.25	-0.278㈢	--  	481463296	  2.16	         73.35亿	四川	19.08	20.00	110469	130306	  0.85	21.25	0	  7.63	
002518	科士达	9.98	0.00	电器仪表	7118	10.22	--  	--  	325478	545	          5.83	9.98	11.24	11.24	0.381㈢	    22.12	355087872	  1.60	         62.71亿	深圳	10.42	10.91	153199	172279	  0.89	11.24	0	  7.62	
002519	银河电子	9.93	0.00	通信设备	56737	4.23	--  	--  	789252	522	          9.49	4.96	4.43	4.43	0.117㈢	    28.38	346985280	  2.12	         36.84亿	江苏	4.31	4.40	567976	221275	  2.57	4.43	0	  7.56	
002123	梦网集团	7.83	-0.47	互联网	43	11.63	--  	12.40	564913	5777	          8.75	8.87	12.65	12.40	0.188㈢	    49.49	689967744	  1.28	         80.03亿	深圳	11.70	12.21	284441	280472	  1.01	12.39	2328	  5.46	
002441	众业达	6.99	-0.11	批发业	445	7.91	--  	8.58	254829	2609	          6.49	9.74	8.69	8.57	0.343㈢	    18.74	210175280	  2.06	         33.66亿	广东	7.99	8.25	120786	134043	  0.90	8.57	234	  4.63	
002364	中恒电气	6.13	0.45	电气设备	5	10.63	--  	11.25	214309	2413	          4.16	8.96	11.58	11.25	0.158㈢	    53.40	237290768	  1.36	         57.98亿	浙江	10.66	11.07	101571	112738	  0.90	11.24	477	  3.77	
002357	富临运业	5.99	-0.29	公路	589	6.15	--  	6.56	129129	2718	          4.12	6.96	6.58	6.55	0.156㈢	    31.53	81996216	  1.60	         20.52亿	四川	6.19	6.35	48238	80890	  0.60	6.55	2624	  3.62	
002335	科华恒盛	5.60	0.22	电气设备	243	17.18	--  	18.15	92291	1324	          4.10	7.70	18.50	18.10	0.396㈢	    34.24	164343392	  2.03	         40.77亿	福建	17.18	17.81	38252	54039	  0.71	18.10	32	  3.24	
002276	万马股份	5.38	0.28	电气设备	604	6.80	--  	7.05	521439	3308	          5.04	6.58	7.24	7.05	0.065㈢	    81.78	367656736	  1.50	         72.90亿	浙江	6.80	7.05	275529	245909	  1.12	7.04	1060	  3.02	
002227	奥 特 迅	4.96	0.64	电气设备	599	13.66	--  	14.19	97287	879	          4.42	6.43	14.53	14.19	-0.045㈢	--  	137574576	  1.57	         31.20亿	深圳	13.73	14.14	43655	53631	  0.81	14.18	185	  2.59	
002076	雪 莱 特	4.84	0.82	家用电器	1785	3.51	--  	3.69	421045	9719	          9.45	5.41	3.70	3.68	-0.071㈢	--  	151757472	  1.52	         16.39亿	广东	3.53	3.60	159926	261118	  0.61	3.68	4841	  2.48	
002121	科陆电子	4.47	0.75	电器仪表	1031	5.20	--  	5.37	197683	5183	          2.18	3.50	5.38	5.37	0.014㈢	   286.34	104918840	  1.14	         48.63亿	深圳	5.25	5.31	93226	104457	  0.89	5.36	181	  2.11	
002028	思源电气	4.06	-0.07	电气设备	390	11.56	--  	12.06	312827	2824	          5.39	5.95	12.25	12.06	0.315㈢	    28.69	373443232	  1.72	         69.97亿	上海	11.65	11.94	142462	170364	  0.84	12.05	119	  1.69	
002442	龙星化工	3.98	0.00	化工原料	1036	7.54	--  	7.84	149343	2781	          3.11	4.38	7.87	7.83	0.277㈣	    28.32	115165544	  1.65	         37.55亿	河北	7.58	7.71	69039	80304	  0.86	7.83	471	  1.62	
300376	易事特	3.71	0.17	电气设备	509	5.62	--  	5.87	489475	3343	          2.13	7.95	6.07	5.87	0.239㈢	    18.43	287595904	  1.46	        134.98亿	广东	5.66	5.88	243351	246123	  0.99	5.86	236	  1.35	
300141	和顺电气	3.30	0.64	电气设备	451	9.11	--  	9.39	115806	1044	          7.06	4.07	9.48	9.38	0.001㈢	  5613.49	108080776	  0.94	         15.38亿	江苏	9.22	9.33	56670	59135	  0.96	9.38	137	  0.94	
600406	国电南瑞	3.29	0.00	软件服务	490	18.90	--  	19.17	531743	3514	          2.08	3.99	19.64	19.17	0.520㈢	    28.46	1026720576	  1.40	        489.45亿	江苏	18.90	19.31	299738	232004	  1.29	19.16	177	  2.17	
002706	良信电器	3.14	0.16	电气设备	357	6.07	--  	6.25	138321	795	          2.54	5.45	6.40	6.25	0.280㈢	    16.75	86508272	  1.31	         33.97亿	上海	6.07	6.25	62769	75551	  0.83	6.24	252	  0.77	
300001	特锐德	2.80	-0.23	电气设备	268	24.18	--  	24.57	242963	1899	          2.63	6.49	25.73	24.57	0.144㈢	   127.96	605742912	  1.49	        227.20亿	山东	24.20	24.93	118675	124288	  0.95	24.56	80	  0.44	
300693	盛弘股份	2.74	0.05	电气设备	617	18.51	--  	19.11	92936	859	         13.98	5.11	19.46	19.11	0.326㈢	    44.02	177575904	  1.36	         12.70亿	深圳	18.80	19.11	46720	46216	  1.01	19.10	415	  0.38	
600525	长园集团	2.62	0.14	电气设备	4221	6.91	--  	7.07	1272460	8316	          9.74	4.80	7.24	7.06	0.980㈢	     5.49	900597120	  0.81	         92.19亿	深圳	6.95	7.08	677358	595101	  1.14	7.06	2707	  1.49	
002074	国轩高科	2.57	0.23	电气设备	390	17.10	--  	17.53	409963	3262	          4.07	6.14	18.15	17.53	0.580㈢	    22.68	726047040	  1.46	        176.75亿	江苏	17.16	17.71	180859	229103	  0.79	17.52	1093	  0.21	
300222	科大智能	2.56	0.22	电气设备	1975	17.72	--  	18.01	186940	1540	          5.47	3.99	18.42	18.01	0.320㈢	    44.07	336931040	  1.32	         61.54亿	上海	17.72	18.02	91552	95387	  0.96	18.00	84	  0.20	
600405	动力源	2.28	0.75	电气设备	49	5.29	--  	5.39	205531	3483	          3.71	3.23	5.46	5.39	-0.090㈢	--  	110347776	  1.00	         29.82亿	北京	5.31	5.37	106382	99148	  1.07	5.38	263	  1.16	
300274	阳光电源	2.27	0.26	电气设备	742	11.39	--  	11.71	544826	8550	          5.11	5.41	12.01	11.71	0.420㈢	    21.10	638033984	  0.97	        124.82亿	安徽	11.51	11.71	283710	261115	  1.09	11.70	1632	 -0.09	
000400	许继电气	2.01	0.00	电气设备	154	11.00	--  	11.16	298323	2045	          2.96	3.84	11.42	11.16	0.154㈢	    54.31	335641760	  1.23	        112.51亿	河南	11.00	11.25	153164	145159	  1.06	11.15	1144	 -0.35	
002851	麦格米特	1.96	-0.02	电气设备	18	28.80	--  	29.15	59720	726	          4.71	5.70	30.43	29.15	0.450㈢	    55.83	176590608	  1.64	         36.95亿	深圳	29.05	29.57	31306	28414	  1.10	29.10	11	 -0.41	
002922	伊戈尔	1.85	0.23	电气设备	99	17.23	--  	17.59	35147	1043	          5.08	2.37	17.64	17.59	0.256㈢	    51.46	61336376	  1.20	         12.16亿	广东	17.40	17.45	17499	17647	  0.99	17.58	39	 -0.51	
002256	兆新股份	1.77	0.29	染料涂料	139	3.37	--  	3.46	645667	13003	          5.18	4.42	3.52	3.45	0.045㈢	    57.93	222893168	  1.07	         43.02亿	深圳	3.37	3.45	294699	350968	  0.84	3.45	2841	 -0.59	
000005	世纪星源	1.76	0.58	房产服务	1681	3.40	--  	3.48	321333	2413	          3.04	4.69	3.56	3.47	0.006㈢	   421.76	111408264	  1.07	         36.71亿	深圳	3.41	3.47	150099	171234	  0.88	3.47	163	 -0.60	
002768	国恩股份	1.74	0.00	塑料	43	24.24	--  	24.60	43171	487	          1.80	4.72	25.38	24.59	0.760㈢	    24.77	106878056	  0.83	         59.02亿	山东	24.24	24.76	23201	19969	  1.16	24.59	17	 -0.63	
300644	南京聚隆	1.65	0.13	塑料	50	30.82	--  	31.50	26323	595	          7.85	2.84	31.70	31.50	0.240㈢	   103.18	82441840	  1.12	         10.56亿	江苏	31.11	31.32	12309	14013	  0.88	31.49	85	 -0.72	
002632	道明光学	1.53	0.23	化工原料	1123	8.50	--  	8.64	127516	881	          2.23	3.88	8.83	8.63	0.267㈢	    24.28	110474152	  1.42	         49.34亿	浙江	8.52	8.66	64943	62573	  1.04	8.63	147	 -0.84	
000682	东方电子	1.43	0.24	电气设备	178	4.20	--  	4.26	191726	1889	          1.96	3.10	4.33	4.25	0.080㈢	    47.00	81976600	  1.11	         41.57亿	山东	4.22	4.28	99765	91961	  1.08	4.25	2271	 -0.93	
300478	杭州高新	1.35	0.23	橡胶	10	16.88	--  	17.22	62947	232	          4.97	6.12	17.92	17.22	0.209㈢	    61.83	109799136	  1.69	         21.81亿	浙江	16.99	17.44	35145	27801	  1.26	17.20	6	 -1.01	
002782	可立克	1.28	0.45	电气设备	777	13.38	--  	13.51	133528	907	          3.13	4.20	13.94	13.50	0.180㈢	    56.32	182038384	  1.19	         57.51亿	深圳	13.88	13.63	67890	65638	  1.03	13.50	61	 -1.09	
002334	英威腾	1.27	0.00	电气设备	589	5.47	--  	5.59	194426	1312	          3.36	3.63	5.67	5.58	0.247㈢	    16.94	108384176	  1.11	         32.31亿	深圳	5.54	5.57	100253	94173	  1.06	5.58	821	 -1.09	
002298	中电兴发	1.27	0.14	软件服务	87	7.12	--  	7.19	114818	879	          2.21	3.39	7.36	7.18	0.170㈢	    31.62	83069048	  1.16	         37.23亿	安徽	7.12	7.23	55793	59025	  0.95	7.18	146	 -1.10	
300209	天泽信息	1.23	0.00	软件服务	443	13.03	--  	13.20	68665	289	          2.60	3.45	13.48	13.19	-0.074㈢	--  	91042392	  0.98	         34.79亿	江苏	13.12	13.26	34988	33677	  1.04	13.19	125	 -1.14	
000791	甘肃电投	1.22	0.00	水力发电	143	5.72	--  	5.81	204125	2699	          2.10	3.32	5.91	5.80	0.508㈢	     8.56	118771816	  0.93	         56.32亿	甘肃	5.76	5.82	106436	97688	  1.09	5.80	621	 -1.14	
603016	新宏泰	1.13	0.10	电气设备	127	19.51	--  	19.73	47856	568	          6.79	3.33	20.16	19.72	0.318㈢	    46.50	94938912	  0.98	         13.89亿	江苏	19.69	19.84	23302	24554	  0.95	19.72	45	  0.01	
000601	韶能股份	1.12	0.22	水力发电	546	4.45	--  	4.51	127069	311	          1.18	3.60	4.61	4.50	0.249㈢	    13.57	57682184	  1.19	         48.59亿	广东	4.45	4.54	60260	66809	  0.90	4.50	281	 -1.24	
002927	泰永长征	1.11	-0.02	电气设备	433	36.00	--  	37.20	131226	1208	         25.54	6.47	38.38	37.19	0.400㈢	    72.69	489144960	  1.36	         19.11亿	贵州	37.00	37.27	67531	63695	  1.06	37.19	555	 -1.25	
300048	合康新能	1.06	0.00	电气设备	199	2.83	--  	2.87	280173	2338	          2.78	3.18	2.92	2.86	0.019㈢	   113.90	80522632	  1.04	         28.80亿	北京	2.85	2.87	135781	144391	  0.94	2.86	1506	 -1.30	
002882	金龙羽	1.03	0.28	电气设备	81	10.63	--  	10.77	66106	456	          7.96	2.91	10.94	10.76	0.450㈢	    18.41	71270352	  1.20	          8.93亿	深圳	10.73	10.78	35435	30670	  1.16	10.76	195	 -1.33	
000903	云内动力	1.03	0.34	机械基件	684	2.92	--  	2.96	393417	1570	          2.23	3.08	3.01	2.95	0.097㈢	    22.90	116727376	  1.09	         52.13亿	云南	2.94	2.97	198787	194629	  1.02	2.95	5047	 -1.34	
002885	京泉华	1.00	0.04	元器件	124	23.05	--  	23.34	54809	412	         12.15	3.46	23.85	23.33	0.690㈢	    32.64	128973208	  0.87	         10.53亿	深圳	23.25	23.53	26384	28424	  0.93	23.33	105	 -1.37	
002452	长高集团	0.97	0.00	电气设备	747	4.12	--  	4.18	82887	227	          2.07	2.91	4.24	4.17	-0.063㈢	--  	34695124	  1.03	         16.72亿	湖南	4.13	4.19	38432	44455	  0.86	4.17	1704	 -1.40	
002062	宏润建设	0.94	0.23	建筑施工	467	4.26	--  	4.30	86818	110	          0.91	2.35	4.36	4.30	0.202㈢	    15.94	37421740	  1.19	         41.22亿	浙江	4.26	4.31	35633	51184	  0.70	4.29	966	 -1.43	
300713	英可瑞	0.91	0.05	电气设备	50	22.00	--  	22.08	24780	659	          5.79	2.97	22.65	22.08	0.442㈢	    37.43	55299216	  1.12	          9.45亿	深圳	22.00	22.32	13573	11206	  1.21	22.07	318	 -1.45	
002363	隆基机械	0.85	0.00	汽车配件	134	5.87	--  	5.93	95731	818	          2.30	3.07	6.05	5.92	0.181㈢	    24.57	56824424	  1.28	         24.61亿	山东	5.89	5.94	52532	43199	  1.22	5.92	844	 -1.51	
600487	亨通光电	0.83	0.14	通信设备	2808	21.87	--  	21.99	807769	4202	          4.34	3.58	22.65	21.98	1.107㈢	    14.89	1802769536	  1.15	        408.90亿	江苏	22.43	22.32	413474	394295	  1.05	21.98	561	 -0.30	
600268	国电南自	0.80	0.20	电气设备	219	5.00	--  	5.05	166630	857	          2.62	3.00	5.15	5.04	-0.034㈢	--  	84527616	  0.98	         32.02亿	江苏	5.00	5.07	80784	85846	  0.94	5.04	757	 -0.32	
300062	中能电气	0.68	0.00	电气设备	100	5.82	--  	5.89	117500	636	          6.21	3.60	6.03	5.88	0.061㈢	    72.84	69592032	  1.12	         11.13亿	福建	5.82	5.92	55325	62175	  0.89	5.88	167	 -1.68	
300582	英飞特	0.66	0.46	半导体	205	14.76	--  	15.17	120951	1886	         10.13	5.25	15.55	15.16	0.260㈢	    43.86	184039328	  0.71	         18.10亿	浙江	15.00	15.22	66556	54394	  1.22	15.16	120	 -1.70	
000887	中鼎股份	0.60	0.26	橡胶	20	11.61	--  	11.70	210846	1413	          1.73	3.18	11.98	11.70	0.860㈢	    10.20	249141168	  0.99	        142.57亿	安徽	11.86	11.82	119584	91261	  1.31	11.69	50	 -1.76	
601567	三星医疗	0.60	-0.14	电器仪表	506	6.69	--  	6.73	71035	57	          0.51	2.69	6.87	6.73	0.299㈢	    16.85	48047864	  1.10	         93.32亿	浙江	6.74	6.76	38914	32120	  1.21	6.72	277	 -0.52	
002660	茂硕电源	0.56	0.14	电气设备	152	7.01	--  	7.16	231557	1923	         10.96	8.29	7.60	7.16	0.027㈢	   202.49	167321552	  1.38	         15.13亿	深圳	7.14	7.23	124260	107296	  1.16	7.15	550	 -1.80	
002358	森源电气	0.56	0.12	电气设备	121	16.06	--  	16.16	390100	5094	          4.28	1.43	16.29	16.15	0.449㈢	    26.96	630748160	  0.50	        147.03亿	河南	16.12	16.17	204333	185767	  1.10	16.15	1128	 -1.80	
600884	杉杉股份	0.45	0.19	综合类	1530	15.59	--  	15.77	362991	1665	          3.23	3.63	16.16	15.77	0.939㈢	    12.60	576018432	  1.22	        177.06亿	浙江	15.95	15.87	203310	159681	  1.27	15.76	336	 -0.68	
000421	南京公用	0.39	0.19	供气供热	537	5.16	--  	5.19	75132	112	          1.31	2.13	5.27	5.19	0.208㈢	    18.73	39107452	  1.07	         29.72亿	江苏	5.18	5.21	37194	37937	  0.98	5.18	46	 -1.98	
300040	九洲电气	0.16	0.32	电气设备	7	6.28	--  	6.34	117695	1188	          5.01	3.32	6.49	6.33	0.160㈢	    29.76	75281272	  0.97	         14.86亿	黑龙江	6.30	6.40	63768	53926	  1.18	6.33	141	 -2.21	
300499	高澜股份	0.06	0.00	专用机械	172	15.45	--  	15.46	18896	261	          2.34	2.85	15.89	15.46	0.290㈢	    40.98	29641372	  0.87	         12.48亿	广东	15.53	15.69	9126	9769	  0.93	15.45	571	 -2.30	
300420	五洋停车	0.00	0.16	机械基件	124	6.22	--  	6.37	232285	2247	          4.95	5.81	6.59	6.37	0.125㈢	    38.33	148443760	  0.93	         29.89亿	江苏	6.39	6.39	127677	104608	  1.22	6.36	107	 -2.36	
002533	金杯电工	--  	--  	电气设备	0	--  	--  	--  	0	0	          0.00	0.00	--  	5.25	0.200㈢	    19.70	0	  0.00	         27.19亿	湖南	--  	5.25	0	0	--  	--  	0	 -2.36	
002212	南洋股份	-0.20	-0.19	电气设备	63	15.17	--  	15.33	76108	291	          1.18	4.37	15.84	15.31	0.022㈢	   523.55	118375376	  1.34	         98.36亿	广东	15.44	15.55	41001	35106	  1.17	15.30	22	 -2.56	
600289	*ST信通	-0.36	0.00	软件服务	2489	2.73	--  	2.75	108371	521	          1.91	2.90	2.81	2.75	-0.726㈢	--  	30053516	  0.86	         15.56亿	黑龙江	2.76	2.77	65318	43052	  1.52	2.74	2731	 -1.48	
002837	英维克	-0.69	0.10	专用机械	209	20.00	--  	20.12	72482	713	         10.59	3.80	20.77	20.11	0.420㈢	    38.08	147966880	  1.04	         13.77亿	深圳	20.50	20.41	39820	32661	  1.22	20.11	61	 -3.06	
002090	金智科技	-0.73	0.00	软件服务	327	18.78	--  	19.14	43467	250	          1.88	4.26	19.60	19.12	0.338㈢	    42.38	83391664	  1.57	         44.26亿	江苏	19.31	19.19	25891	17575	  1.47	19.12	3	 -3.09	
603050	科林电气	-0.84	0.21	电气设备	408	14.09	--  	14.24	89733	390	         11.17	4.11	14.68	14.23	0.261㈢	    40.96	128560784	  1.23	         11.43亿	河北	14.34	14.33	49937	39795	  1.25	14.23	92	 -1.96	
600312	平高电气	-0.88	0.00	电气设备	2113	8.98	--  	9.04	328486	2647	          2.42	4.71	9.41	9.04	0.002㈢	  4100.70	302765696	  1.33	        122.67亿	河南	9.19	9.22	164206	164280	  1.00	9.03	468	 -2.00	
300510	金冠股份	-1.38	0.26	电气设备	1598	11.41	--  	11.48	139099	1614	          6.53	4.30	11.91	11.47	0.220㈢	    39.13	161672464	  0.84	         24.45亿	吉林	11.67	11.62	77902	61196	  1.27	11.47	234	 -3.74	
600680	*ST上普	--  	--  	通信设备	0	--  	--  	--  	0	0	          0.00	--  	--  	0.00	-0.290㈢	--  	0	  0.00	          0.00亿	上海	--  	0.00	0	0	--  	--  	0	--  	
数据来源:通达信
