代码	名称	涨幅%%	涨速%%	细分行业	买量	最低	未匹配量	卖价	总量	现量	换手%%	振幅%%	最高	现价	每股收益	市盈(动)	总金额	量比	流通市值	地区	今开	均价	内盘	外盘	内外比	买价	卖量	强弱度%%	
300008	天海防务	10.14	3.83	船舶	49897	3.38	--  	--  	1319724	39753	         21.91	12.17	3.80	3.80	-1.379㈢	--  	468144736	  1.13	         22.89亿	上海	3.40	3.55	636783	682940	  0.93	3.80	0	  7.78	
600839	四川长虹	10.10	0.00	家用电器	319825	3.13	--  	--  	880363	3236	          1.91	1.05	3.16	3.16	0.044㈢	    53.35	277916064	  1.01	        145.81亿	四川	3.13	3.16	753051	127312	  5.92	3.16	0	  8.98	
300353	东土科技	10.04	0.00	通信设备	11286	11.03	--  	--  	535813	609	         15.26	9.40	12.06	12.06	0.088㈢	   102.92	631186752	  1.97	         42.34亿	北京	11.26	11.78	277638	258175	  1.08	12.06	0	  7.67	
300424	航新科技	10.02	0.00	航空	55949	20.59	--  	--  	131694	53	          8.35	9.34	22.50	22.50	0.183㈢	    92.16	285193312	  2.52	         35.49亿	广东	20.59	21.66	66366	65327	  1.02	22.50	0	  7.66	
300491	通合科技	10.02	0.00	电气设备	18745	16.56	--  	--  	69985	67	         12.23	10.02	18.22	18.22	0.022㈢	   611.71	123142280	  1.53	         10.43亿	河北	16.56	17.60	31341	38644	  0.81	18.22	0	  7.66	
600775	南京熊猫	10.01	0.00	通信设备	13948	10.16	--  	--  	743171	599	         11.06	10.30	11.21	11.21	0.089㈢	    94.59	816658688	  1.31	         75.31亿	江苏	10.38	10.99	424959	318211	  1.34	11.21	0	  8.89	
002771	真视通	10.01	0.00	软件服务	23476	14.00	--  	--  	20959	6	          2.29	9.22	15.28	15.28	0.176㈢	    65.02	31622012	  0.58	         13.98亿	北京	14.00	15.09	17234	3725	  4.63	15.28	0	  7.64	
300397	天和防务	9.99	0.00	通信设备	29729	18.16	--  	--  	156301	14	         10.08	6.87	19.37	19.37	-0.306㈢	--  	294694656	  0.93	         30.04亿	陕西	18.16	18.85	75201	81099	  0.93	19.37	0	  7.63	
002564	天沃科技	9.98	0.00	化工机械	84761	5.13	--  	--  	453538	863	          7.54	11.52	5.73	5.73	0.200㈢	    23.48	254045504	  2.41	         34.49亿	江苏	5.20	5.60	212722	240815	  0.88	5.73	0	  7.62	
002519	银河电子	9.93	0.00	通信设备	56737	4.23	--  	--  	789252	522	          9.49	4.96	4.43	4.43	0.117㈢	    28.38	346985280	  2.12	         36.84亿	江苏	4.31	4.40	567976	221275	  2.57	4.43	0	  7.56	
002683	宏大爆破	9.88	0.77	化工原料	25	9.54	--  	10.45	394638	4196	          6.60	9.67	10.46	10.45	0.220㈢	    36.14	397503904	  2.79	         62.48亿	广东	9.61	10.07	165265	229373	  0.72	10.44	753	  7.52	
603859	能科股份	8.12	-0.67	软件服务	38	24.83	--  	26.23	75915	145	         15.22	7.63	26.68	26.22	0.159㈢	   123.65	198681936	  1.69	         13.08亿	北京	25.22	26.17	30532	45383	  0.67	26.22	3	  7.00	
002224	三 力 士	5.66	0.28	橡胶	3169	6.88	--  	7.10	744112	3214	         15.77	7.45	7.38	7.09	0.140㈢	    37.71	530535456	  3.88	         33.45亿	浙江	6.90	7.13	315909	428203	  0.74	7.09	1207	  3.30	
600783	鲁信创投	5.44	0.09	矿物制品	1198	22.30	--  	23.46	640983	6708	          8.61	7.33	23.93	23.46	0.291㈢	    60.38	1484397696	  1.00	        174.63亿	山东	23.11	23.16	327642	313341	  1.05	23.45	267	  4.32	
300379	东方通	5.13	-0.13	软件服务	226	20.08	--  	20.91	169304	1290	          8.81	8.05	21.68	20.90	0.081㈢	   193.29	353326464	  1.15	         40.18亿	北京	20.08	20.87	81599	87704	  0.93	20.90	38	  2.77	
300099	精准信息	5.12	0.75	电器仪表	329	5.10	--  	5.34	276893	5013	          7.07	7.28	5.47	5.34	0.036㈢	   110.36	145772416	  1.51	         20.92亿	山东	5.10	5.26	124006	152887	  0.81	5.33	597	  2.75	
002552	*ST宝鼎	5.06	0.00	机械基件	2487	7.67	--  	--  	60472	103	          3.02	5.45	8.09	8.09	0.094㈣	    86.35	47934668	  1.35	         16.19亿	浙江	7.75	7.93	28930	31542	  0.92	8.09	0	  2.70	
002194	*ST凡谷	5.00	0.00	通信设备	5184	11.15	--  	--  	148303	17	          2.80	1.76	11.34	11.34	-0.094㈢	--  	167617712	  1.24	         60.14亿	湖北	11.16	11.30	83746	64556	  1.30	11.34	0	  2.64	
600614	鹏起科技	4.62	0.99	综合类	860	5.79	--  	6.11	1158927	19342	          7.67	7.53	6.23	6.11	0.091㈢	    50.26	698995264	  0.80	         92.35亿	上海	5.84	6.03	558476	600451	  0.93	6.10	673	  3.50	
300257	开山股份	4.62	-0.14	机械基件	13	13.00	--  	13.58	69742	474	          0.85	8.24	14.07	13.58	0.105㈢	    96.81	95031552	  2.00	        111.02亿	浙江	13.03	13.63	32499	37242	  0.87	13.57	92	  2.26	
300103	达刚路机	4.09	0.00	工程机械	1108	9.98	--  	10.19	382268	3674	         15.21	7.98	10.76	10.18	0.095㈢	    80.29	395561184	  2.97	         25.59亿	陕西	10.00	10.35	169633	212635	  0.80	10.18	682	  1.73	
601606	长城军工	3.95	0.00	专用机械	4075	16.85	--  	17.91	579826	11554	         39.18	8.19	18.26	17.90	0.055㈢	   243.25	1011628352	  1.06	         26.49亿	安徽	16.96	17.45	295338	284488	  1.04	17.90	188	  2.83	
600495	晋西车轴	3.83	0.18	运输设备	1209	5.20	--  	5.43	623494	6936	          5.16	9.20	5.68	5.42	0.033㈢	   123.30	336629728	  1.37	         65.48亿	山西	5.27	5.40	278984	344509	  0.81	5.42	2511	  2.71	
000806	银河生物	3.80	0.00	生物制药	1719	4.35	--  	4.65	913638	9857	         13.08	9.40	4.77	4.64	-0.106㈢	--  	416077760	  1.03	         32.41亿	广西	4.35	4.55	462525	451113	  1.03	4.64	3680	  1.44	
300395	菲利华	3.76	-0.09	玻璃	329	18.21	--  	19.04	78786	660	          2.93	8.45	19.76	19.03	0.400㈢	    36.65	149701648	  1.47	         51.21亿	湖北	18.26	19.00	32078	46707	  0.69	19.03	70	  1.40	
002528	英飞拓	3.71	0.68	电脑设备	18	4.37	--  	4.47	229215	3113	          2.65	4.87	4.58	4.47	0.060㈢	    61.05	102508432	  1.23	         38.63亿	深圳	4.38	4.47	118730	110484	  1.07	4.46	1423	  1.35	
000801	四川九洲	3.70	0.16	通信设备	921	6.06	--  	6.17	512264	7316	          5.01	4.87	6.35	6.17	0.022㈢	   205.72	316357408	  1.13	         63.11亿	四川	6.30	6.18	272260	240003	  1.13	6.16	505	  1.33	
002368	太极股份	3.60	0.04	软件服务	19	27.40	--  	28.21	240588	1413	          6.01	5.80	28.98	28.20	0.167㈢	   126.32	680156224	  1.75	        112.93亿	北京	28.00	28.27	103413	137174	  0.75	28.20	215	  1.24	
603338	浙江鼎力	3.25	0.28	专用机械	3	71.00	--  	72.48	17202	68	          0.69	3.79	73.66	72.48	1.599㈢	    34.00	124228728	  1.14	        179.53亿	浙江	71.00	72.22	7741	9460	  0.82	72.41	19	  2.13	
002611	东方精工	3.24	0.49	轻工机械	1099	4.03	--  	4.15	543784	4114	          4.90	4.24	4.20	4.14	0.188㈢	    16.50	225013920	  0.92	         45.99亿	广东	4.03	4.14	241421	302362	  0.80	4.14	5235	  0.88	
300287	飞利信	3.00	-0.21	软件服务	3344	4.40	--  	4.48	850685	6665	          7.60	5.53	4.64	4.47	0.170㈢	    19.77	382388992	  1.39	         50.01亿	北京	4.41	4.50	401548	449137	  0.89	4.47	636	  0.63	
300213	佳讯飞鸿	2.95	0.00	通信设备	1576	7.53	--  	7.67	353994	2966	          9.18	5.10	7.91	7.67	0.113㈢	    50.77	272161280	  1.14	         29.59亿	北京	7.58	7.69	163487	190506	  0.86	7.66	510	  0.59	
600501	航天晨光	2.95	0.39	汽车配件	658	7.46	--  	7.69	146308	1015	          3.47	4.02	7.76	7.69	-0.156㈢	--  	112055144	  1.13	         32.40亿	江苏	7.48	7.66	68948	77360	  0.89	7.68	1027	  1.82	
300123	亚光科技	2.79	-0.20	船舶	292	13.31	--  	13.98	176549	1529	          5.75	6.84	14.24	13.98	0.157㈢	    66.85	243697488	  0.96	         42.94亿	湖南	13.60	13.80	93543	83005	  1.13	13.97	120	  0.43	
300427	红相股份	2.47	0.69	电气设备	4	13.88	--  	14.50	96873	918	          3.93	6.36	14.78	14.50	0.480㈢	    23.05	138495536	  1.21	         35.74亿	福建	14.21	14.30	50825	46047	  1.10	14.48	1794	  0.11	
002829	星网宇达	2.47	0.21	通信设备	132	19.01	--  	19.48	30496	328	          4.96	3.68	19.71	19.48	0.130㈢	   117.76	59262456	  1.43	         11.98亿	北京	19.01	19.43	13555	16940	  0.80	19.47	23	  0.11	
300722	新余国科	2.46	0.22	专用机械	44	36.36	--  	37.14	29258	470	         14.63	3.97	37.80	37.14	0.443㈢	    62.84	108582752	  1.11	          7.43亿	江西	36.41	37.11	14863	14395	  1.03	37.13	6	  0.09	
002439	启明星辰	2.40	0.08	软件服务	92	25.66	--  	26.47	179831	1067	          2.88	7.12	27.50	26.47	0.132㈢	   150.47	479287808	  1.27	        165.15亿	北京	26.01	26.65	84631	95200	  0.89	26.46	110	  0.03	
300324	旋极信息	2.38	0.41	软件服务	523	7.02	--  	7.32	1094544	11821	         10.56	6.71	7.50	7.32	0.206㈢	    26.69	794674560	  0.85	         75.90亿	北京	7.07	7.26	550906	543638	  1.01	7.31	1517	  0.01	
300696	爱乐达	2.35	0.49	航空	11	24.01	--  	24.84	22718	300	          4.62	4.91	25.20	24.83	0.401㈢	    46.46	55980852	  0.85	         12.21亿	四川	24.25	24.64	11325	11392	  0.99	24.83	161	 -0.01	
300065	海兰信	2.25	1.44	软件服务	284	13.68	--  	14.07	125805	2723	          4.19	3.85	14.21	14.06	0.240㈢	    49.29	175737136	  1.16	         42.20亿	北京	13.68	13.97	61377	64427	  0.95	14.06	15	 -0.11	
300699	光威复材	2.23	0.21	化工原料	146	46.04	--  	47.20	57413	437	          2.50	3.62	47.71	47.19	0.840㈢	    42.19	270132576	  1.13	        108.43亿	山东	46.41	47.05	30930	26483	  1.17	47.19	57	 -0.13	
601208	东材科技	2.19	0.36	化工原料	2174	5.28	--  	5.60	570401	8805	          9.10	7.66	5.70	5.60	0.044㈢	    94.75	313221376	  1.10	         35.09亿	四川	5.50	5.49	278506	291895	  0.95	5.59	3828	  1.07	
601678	滨化股份	2.15	0.38	化工原料	781	5.13	--  	5.22	260177	549	          1.68	3.33	5.30	5.22	0.428㈢	     9.15	136161312	  1.14	         80.62亿	山东	5.13	5.23	124230	135947	  0.91	5.21	1107	  1.03	
002446	盛路通信	2.15	0.21	通信设备	1368	9.35	--  	9.50	653444	5693	         12.09	4.95	9.81	9.50	0.160㈢	    49.86	627678400	  0.93	         51.35亿	广东	9.35	9.61	331028	322416	  1.03	9.49	200	 -0.21	
300302	同有科技	2.13	0.00	软件服务	306	8.95	--  	9.10	166574	935	          6.75	5.84	9.47	9.09	0.059㈢	   115.53	153144896	  1.30	         22.42亿	北京	8.98	9.19	81942	84632	  0.97	9.09	336	 -0.23	
600765	中航重机	2.12	-0.09	机械基件	305	9.92	--  	10.11	218580	2031	          2.81	3.33	10.25	10.11	0.428㈣	    23.61	219805088	  0.85	         78.66亿	贵州	9.92	10.06	114350	104230	  1.10	10.10	1168	  1.00	
002065	东华软件	2.10	0.12	软件服务	1272	8.14	--  	8.29	776443	2755	          2.77	5.30	8.57	8.28	0.210㈢	    29.57	648559424	  1.52	        232.48亿	北京	8.21	8.35	330340	446102	  0.74	8.28	2721	 -0.27	
600151	航天机电	2.07	0.37	半导体	1025	5.32	--  	5.43	546783	5136	          3.94	5.45	5.61	5.43	-0.169㈢	--  	297907008	  0.65	         75.41亿	上海	5.53	5.45	303543	243240	  1.25	5.42	649	  0.95	
600592	龙溪股份	2.04	0.00	机械基件	159	6.86	--  	6.99	148600	1251	          3.72	3.65	7.11	6.99	0.210㈢	    24.92	103768272	  0.99	         27.93亿	福建	6.88	6.98	67714	80886	  0.84	6.98	251	  0.92	
000768	中航飞机	1.97	0.55	航空	1179	16.20	--  	16.56	386173	4456	          1.39	3.26	16.73	16.56	0.084㈢	   148.02	635702144	  1.05	        458.48亿	陕西	16.37	16.46	180011	206161	  0.87	16.55	625	 -0.39	
600150	*ST船舶	1.92	-0.37	船舶	1495	15.50	--  	15.90	260072	3482	          1.89	4.43	16.19	15.89	0.225㈢	    53.03	411588256	  1.46	        218.98亿	上海	15.86	15.83	159174	100897	  1.58	15.89	289	  0.80	
000760	斯太尔	1.89	0.27	汽车配件	6323	3.58	--  	3.79	918321	9122	         14.03	8.63	3.90	3.78	-0.442㈢	--  	342579328	  1.26	         24.74亿	湖北	3.61	3.73	451109	467212	  0.97	3.78	2139	 -0.48	
600363	联创光电	1.88	0.00	元器件	477	9.55	--  	9.74	199184	1797	          4.49	3.25	9.86	9.73	0.395㈢	    18.47	193355056	  1.12	         43.15亿	江西	9.59	9.71	106694	92489	  1.15	9.73	599	  0.76	
600316	洪都航空	1.87	0.37	航空	538	13.28	--  	13.61	303143	2987	          4.23	5.17	13.97	13.60	-0.108㈢	--  	411659040	  1.05	         97.53亿	江西	13.45	13.58	149075	154067	  0.97	13.60	124	  0.75	
300589	江龙船艇	1.87	-0.14	船舶	311	13.15	--  	13.62	126881	2808	         21.14	4.12	13.70	13.61	0.072㈢	   141.83	170304400	  1.10	          8.17亿	广东	13.16	13.42	66265	60616	  1.09	13.61	419	 -0.49	
300456	耐威科技	1.85	0.13	元器件	581	29.60	--  	30.31	92021	855	          6.41	4.30	30.88	30.30	0.300㈢	    93.76	278470464	  0.97	         43.50亿	北京	30.10	30.26	46175	45845	  1.01	30.30	71	 -0.52	
600792	云煤能源	1.84	1.57	焦炭加工	3998	3.73	--  	3.88	377585	6161	          3.81	8.42	4.05	3.87	0.086㈢	    33.93	145254528	  0.94	         38.31亿	云南	3.81	3.85	176626	200958	  0.88	3.87	161	  0.72	
002254	泰和新材	1.83	0.17	化纤	47	11.45	--  	11.69	112039	1709	          1.83	3.48	11.85	11.69	0.231㈢	    37.92	130713488	  1.06	         71.39亿	山东	11.50	11.67	48782	63257	  0.77	11.68	127	 -0.54	
603712	七一二	1.79	0.43	通信设备	606	18.31	--  	18.80	182691	3058	          4.99	3.47	18.95	18.79	0.100㈢	   140.79	340314240	  1.01	         68.85亿	天津	18.37	18.63	82706	99985	  0.83	18.79	744	  0.67	
600698	湖南天雁	1.77	0.00	汽车配件	6046	4.00	--  	4.04	263789	2818	          3.58	2.27	4.09	4.03	-0.002㈢	--  	106536760	  0.93	         29.71亿	湖南	4.01	4.04	120654	143135	  0.84	4.03	2591	  0.65	
600734	实达集团	1.76	0.00	电脑设备	1347	8.46	--  	8.69	502448	4706	         14.17	5.98	8.97	8.68	0.200㈢	    32.61	440360672	  1.06	         30.79亿	福建	8.64	8.76	268996	233452	  1.15	8.68	897	  0.64	
300045	华力创通	1.73	0.21	电脑设备	505	9.27	--  	9.41	132046	1389	          3.24	3.03	9.55	9.41	0.079㈢	    89.85	124221944	  1.15	         38.32亿	北京	9.28	9.41	67129	64916	  1.03	9.40	165	 -0.63	
300600	瑞特股份	1.72	0.16	电气设备	221	23.88	--  	24.32	35930	549	          5.44	5.06	25.09	24.31	0.513㈢	    35.55	88092632	  1.15	         16.05亿	江苏	24.08	24.52	19215	16715	  1.15	24.31	20	 -0.65	
002777	久远银海	1.69	-0.19	软件服务	42	28.98	--  	29.47	22112	114	          1.51	4.76	30.36	29.46	0.360㈢	    64.13	65449172	  1.04	         43.05亿	四川	29.35	29.60	9823	12289	  0.80	29.46	12	 -0.67	
002747	埃斯顿	1.68	-0.18	机械基件	853	10.19	--  	10.31	119332	2568	          1.64	3.75	10.57	10.30	0.084㈢	    91.51	124340712	  1.17	         74.82亿	江苏	10.20	10.42	58839	60492	  0.97	10.30	40	 -0.69	
002296	辉煌科技	1.67	0.00	通信设备	646	6.00	--  	6.09	147389	768	          4.57	4.18	6.25	6.08	0.105㈢	    43.27	89887208	  1.16	         19.63亿	河南	6.03	6.10	70965	76423	  0.93	6.08	467	 -0.69	
300516	久之洋	1.65	0.54	电器仪表	4	33.00	--  	33.33	10796	114	          2.29	2.65	33.87	33.33	0.191㈢	   130.86	36102708	  1.25	         15.70亿	湖北	33.00	33.44	5496	5299	  1.04	33.31	2	 -0.72	
002253	川大智胜	1.57	0.36	软件服务	61	16.68	--  	16.87	101903	1025	          4.93	4.28	17.39	16.86	0.139㈢	    91.16	172915344	  1.02	         34.86亿	四川	16.80	16.97	51416	50487	  1.02	16.86	107	 -0.80	
000687	华讯方舟	1.56	0.13	通信设备	23	7.68	--  	7.82	165542	685	          2.20	4.94	8.06	7.81	0.065㈢	    89.44	129917504	  1.42	         58.80亿	河北	7.75	7.85	81783	83758	  0.98	7.81	588	 -0.80	
300159	新研股份	1.56	0.69	农用机械	1146	5.76	--  	5.87	412139	3465	          3.54	4.15	6.00	5.87	0.218㈢	    20.19	242208768	  0.94	         68.38亿	新疆	5.84	5.88	209003	203135	  1.03	5.86	870	 -0.81	
600893	航发动力	1.55	0.28	航空	187	25.12	--  	25.52	207019	2702	          1.06	3.34	25.96	25.51	0.289㈢	    66.17	529844000	  1.06	        496.87亿	陕西	25.20	25.59	94008	113010	  0.83	25.51	304	  0.43	
300711	广哈通信	1.55	0.10	通信设备	102	19.51	--  	19.69	50576	585	         11.19	2.94	20.08	19.69	0.129㈢	   114.32	100175424	  1.06	          8.90亿	广东	19.51	19.81	22717	27858	  0.82	19.68	112	 -0.82	
002246	北化股份	1.54	0.38	化工原料	498	7.77	--  	7.92	110445	1384	          2.45	3.85	8.07	7.92	0.137㈢	    43.44	87267632	  1.33	         35.63亿	四川	7.83	7.90	52281	58164	  0.90	7.91	93	 -0.83	
002151	北斗星通	1.53	0.20	通信设备	24	25.05	--  	25.28	187115	1528	          6.46	2.93	25.78	25.27	0.105㈢	   181.34	474751200	  0.96	         73.18亿	北京	25.05	25.37	88325	98790	  0.89	25.27	72	 -0.84	
300129	泰胜风能	1.52	0.25	电气设备	2571	3.97	--  	4.01	226450	951	          4.23	3.05	4.09	4.00	0.030㈢	   100.51	91318480	  0.83	         21.42亿	上海	3.98	4.03	99270	127179	  0.78	4.00	1486	 -0.84	
002077	大港股份	1.50	0.21	区域地产	27	4.67	--  	4.74	225757	1753	          4.25	4.71	4.89	4.74	-0.181㈢	--  	107405680	  1.06	         25.20亿	江苏	4.68	4.76	107060	118696	  0.90	4.73	1933	 -0.87	
300719	安达维尔	1.48	0.69	航空	582	11.48	--  	11.69	76965	1470	          9.35	2.61	11.78	11.68	-0.076㈢	--  	89459880	  1.04	          9.62亿	北京	11.60	11.62	39060	37904	  1.03	11.68	36	 -0.89	
600967	内蒙一机	1.45	0.59	运输设备	2838	11.66	--  	11.88	350816	3913	          3.65	3.50	12.07	11.87	0.207㈢	    43.06	416756672	  1.12	        114.01亿	内蒙	11.77	11.88	193684	157132	  1.23	11.87	505	  0.33	
002414	高德红外	1.45	0.68	电器仪表	92	25.94	--  	26.62	107703	1479	          2.26	6.60	27.67	26.61	0.155㈢	   128.69	289018464	  0.98	        126.69亿	湖北	26.23	26.83	53840	53863	  1.00	26.61	39	 -0.92	
600736	苏州高新	1.44	0.16	园区开发	2155	6.29	--  	6.35	331818	1469	          2.88	3.83	6.53	6.35	0.290㈢	    12.85	212064416	  0.93	         73.11亿	江苏	6.38	6.39	174062	157755	  1.10	6.34	1322	  0.32	
000066	中国长城	1.43	0.00	电脑设备	1672	7.00	--  	7.10	916800	5148	          3.68	5.01	7.35	7.09	0.071㈢	    75.06	655728640	  1.11	        176.59亿	深圳	7.12	7.15	448445	468354	  0.96	7.09	1613	 -0.93	
600590	泰豪科技	1.40	0.46	电气设备	3	6.45	--  	6.52	146163	964	          1.78	2.95	6.64	6.52	0.186㈢	    26.30	95499184	  1.08	         53.61亿	江西	6.45	6.53	78386	67776	  1.16	6.51	343	  0.28	
000901	航天科技	1.37	0.40	航空	959	12.40	--  	12.56	309472	3095	          5.46	3.07	12.78	12.55	0.092㈢	   102.13	389102912	  0.95	         71.16亿	黑龙江	12.41	12.57	159565	149907	  1.06	12.55	730	 -0.99	
600705	中航资本	1.33	0.33	多元金融	8398	5.91	--  	6.08	1750008	10832	          1.95	6.67	6.31	6.08	0.245㈢	    18.60	1067667648	  0.87	        545.76亿	黑龙江	6.05	6.10	769755	980252	  0.79	6.07	3384	  0.21	
000009	中国宝安	1.33	0.19	综合类	717	5.31	--  	5.36	676081	3165	          3.19	5.11	5.58	5.35	0.046㈢	    87.46	368026592	  1.39	        113.41亿	深圳	5.45	5.44	349016	327064	  1.07	5.35	2673	 -1.04	
000955	欣龙控股	1.32	0.44	纺织	428	4.51	--  	4.61	254586	3333	          4.73	3.30	4.66	4.61	-0.065㈢	--  	117152056	  0.87	         24.82亿	海南	4.58	4.60	118556	136029	  0.87	4.60	602	 -1.05	
600343	航天动力	1.32	0.60	航空	400	9.85	--  	10.00	213507	3704	          3.35	3.25	10.17	9.99	0.016㈢	   480.60	213127616	  0.91	         63.76亿	陕西	10.00	9.98	108778	104729	  1.04	9.99	453	  0.20	
600118	中国卫星	1.30	-0.17	航空	451	22.29	--  	22.60	216563	2126	          1.83	3.54	23.08	22.59	0.227㈢	    74.50	491127360	  0.93	        267.12亿	北京	22.53	22.68	103963	112600	  0.92	22.59	522	  0.18	
300265	通光线缆	1.28	0.00	电气设备	434	9.45	--  	9.54	141169	1214	          4.19	3.61	9.79	9.53	0.091㈢	    78.46	135824800	  0.89	         32.09亿	江苏	9.55	9.62	70489	70680	  1.00	9.53	10	 -1.09	
600372	中航电子	1.27	0.48	航空	679	16.44	--  	16.77	172587	1509	          0.98	3.38	17.00	16.76	0.140㈢	    89.33	288790048	  1.05	        294.84亿	北京	16.58	16.73	92256	80330	  1.15	16.76	655	  0.15	
300114	中航电测	1.26	0.21	元器件	508	9.53	--  	9.66	103559	446	          1.75	3.77	9.89	9.66	0.225㈢	    32.24	100358200	  0.85	         57.07亿	陕西	9.60	9.69	58621	44938	  1.30	9.65	657	 -1.11	
300297	蓝盾股份	1.22	0.15	软件服务	907	6.55	--  	6.63	570483	2868	          7.34	5.50	6.91	6.63	0.193㈢	    25.74	382612544	  1.16	         51.55亿	广东	6.59	6.71	298200	272283	  1.10	6.62	527	 -1.14	
300467	迅游科技	1.14	-0.07	互联网	327	24.63	--  	24.79	101954	573	          7.73	5.06	25.87	24.78	0.763㈢	    24.37	257349552	  1.16	         32.68亿	四川	24.92	25.24	54028	47925	  1.13	24.78	118	 -1.22	
600360	华微电子	1.13	0.16	半导体	1267	6.20	--  	6.24	333424	1200	          4.49	2.59	6.36	6.24	0.100㈢	    45.00	209167872	  1.18	         46.31亿	吉林	6.21	6.27	161349	172074	  0.94	6.23	852	  0.01	
002783	凯龙股份	1.13	0.25	化工原料	33	7.94	--  	8.08	81807	1007	          3.17	4.01	8.26	8.07	0.302㈢	    20.07	66286888	  1.02	         20.82亿	湖北	8.00	8.10	38849	42957	  0.90	8.07	130	 -1.24	
000519	中兵红箭	1.13	0.25	矿物制品	783	7.92	--  	8.08	496907	8992	          6.76	2.88	8.15	8.07	0.186㈢	    32.46	398621920	  0.95	         59.33亿	湖南	8.00	8.02	258932	237974	  1.09	8.07	2012	 -1.24	
002089	新 海 宜	1.12	0.00	通信设备	2830	5.35	--  	5.42	901417	6831	          9.63	4.10	5.57	5.42	0.078㈢	    52.09	492252096	  0.78	         50.75亿	江苏	5.41	5.46	490545	410871	  1.19	5.41	935	 -1.25	
300342	天银机电	1.09	0.36	元器件	253	8.28	--  	8.37	109477	704	          2.75	2.42	8.48	8.36	0.229㈢	    27.42	91708304	  1.11	         33.28亿	江苏	8.30	8.38	56939	52537	  1.08	8.36	244	 -1.28	
603618	杭电股份	1.07	0.00	电气设备	784	6.50	--  	6.65	227768	1653	          3.32	5.02	6.83	6.64	0.110㈢	    46.19	152086912	  0.85	         45.61亿	浙江	6.51	6.68	105034	122734	  0.86	6.64	1760	 -0.06	
300101	振芯科技	1.06	0.35	通信设备	2374	11.23	--  	11.41	260461	2930	          4.74	3.81	11.66	11.40	0.048㈢	   179.92	297396160	  1.05	         62.66亿	四川	11.38	11.42	136470	123991	  1.10	11.40	199	 -1.30	
600879	航天电子	1.06	0.30	航空	5721	6.62	--  	6.71	685643	5691	          2.84	2.71	6.80	6.70	0.126㈢	    39.89	460128288	  1.07	        161.69亿	湖北	6.68	6.71	351287	334355	  1.05	6.70	1617	 -0.07	
002013	中航机电	1.06	0.39	航空	3098	7.57	--  	7.66	530758	2672	          1.69	2.37	7.75	7.66	0.140㈢	    41.18	406952672	  1.18	        240.72亿	湖北	7.61	7.67	277789	252968	  1.10	7.65	1179	 -1.31	
002300	太阳电缆	1.05	0.30	电气设备	2322	6.68	--  	6.74	141324	933	          2.60	2.40	6.84	6.73	0.144㈢	    35.04	95483136	  0.95	         36.52亿	福建	6.70	6.76	73919	67404	  1.10	6.73	803	 -1.31	
600120	浙江东方	1.05	0.06	商贸代理	120	16.28	--  	16.41	299902	2493	          4.51	4.19	16.96	16.40	0.647㈢	    19.02	497948160	  1.18	        109.08亿	浙江	16.75	16.60	156991	142910	  1.10	16.40	171	 -0.07	
000059	华锦股份	1.04	0.30	石油加工	1077	6.68	--  	6.77	320365	1998	          2.00	2.84	6.87	6.77	0.662㈢	     7.67	217321248	  1.03	        108.28亿	辽宁	6.72	6.78	162992	157373	  1.04	6.76	794	 -1.32	
000561	烽火电子	1.03	0.15	通信设备	810	6.80	--  	6.85	146165	1221	          2.46	2.65	6.98	6.85	0.012㈢	   436.86	100601104	  0.81	         40.69亿	陕西	6.80	6.88	67828	78337	  0.87	6.84	420	 -1.33	
002535	林州重机	1.01	0.50	工程机械	831	3.95	--  	3.99	223794	1679	          3.79	2.03	4.03	3.99	0.092㈢	    32.60	89302904	  0.94	         23.56亿	河南	3.98	3.99	99518	124275	  0.80	3.98	1447	 -1.35	
002497	雅化集团	1.01	0.25	化工原料	1834	7.88	--  	7.99	450466	4365	          5.53	3.79	8.18	7.99	0.184㈢	    32.55	361128544	  0.88	         65.11亿	四川	7.92	8.02	222582	227884	  0.98	7.98	748	 -1.35	
002063	远光软件	0.99	-0.11	软件服务	1741	8.08	--  	8.16	331512	1522	          4.35	3.72	8.38	8.15	0.154㈢	    39.67	273227232	  1.19	         62.06亿	广东	8.16	8.24	164971	166541	  0.99	8.15	239	 -1.37	
002108	沧州明珠	0.98	0.19	塑料	1947	5.05	--  	5.18	639196	4593	          4.51	4.88	5.30	5.17	0.219㈢	    17.73	330228384	  1.28	         73.31亿	河北	5.14	5.17	326497	312699	  1.04	5.17	4735	 -1.39	
600148	长春一东	0.98	0.18	汽车配件	310	16.41	--  	16.57	40980	630	          2.90	3.41	16.97	16.56	0.171㈢	    72.76	68192592	  0.89	         23.44亿	吉林	16.45	16.64	20476	20503	  1.00	16.56	9	 -0.15	
002701	奥瑞金	0.95	-0.18	广告包装	5043	5.27	--  	5.32	322521	620	          1.37	1.90	5.37	5.31	0.298㈢	    13.36	171594240	  1.36	        124.97亿	北京	5.31	5.32	187415	135105	  1.39	5.31	3350	 -1.41	
002268	卫 士 通	0.94	-0.03	软件服务	56	25.58	--  	25.81	114397	666	          1.41	3.29	26.42	25.80	-0.088㈢	--  	298266304	  1.26	        208.95亿	四川	25.72	26.07	56678	57718	  0.98	25.80	39	 -1.43	
300428	四通新材	0.94	0.17	铝	367	11.62	--  	11.83	52749	381	          3.82	3.58	12.04	11.83	0.200㈢	    80.96	62628724	  1.18	         16.33亿	河北	11.72	11.87	24922	27827	  0.90	11.82	43	 -1.43	
600562	国睿科技	0.90	0.13	通信设备	406	15.41	--  	15.65	94052	601	          1.56	3.81	16.00	15.64	0.048㈢	   241.96	148172256	  1.03	         94.08亿	江苏	15.52	15.75	47429	46622	  1.02	15.64	306	 -0.22	
600577	精达股份	0.88	0.29	电气设备	2519	3.40	--  	3.43	465396	2949	          2.42	2.06	3.47	3.43	0.195㈢	    13.16	159616192	  1.21	         65.90亿	安徽	3.41	3.43	268613	196783	  1.37	3.42	5553	 -0.24	
600480	凌云股份	0.87	0.65	汽车配件	135	9.23	--  	9.33	91967	1219	          2.04	2.81	9.49	9.32	0.490㈢	    14.45	86038784	  1.08	         42.03亿	河北	9.28	9.36	49953	42013	  1.19	9.32	119	 -0.26	
002023	海特高新	0.86	0.00	航空	1276	11.66	--  	11.75	403773	4518	          6.12	3.18	12.03	11.74	0.064㈢	   137.09	477488352	  0.91	         77.40亿	四川	11.67	11.83	199085	204688	  0.97	11.74	454	 -1.51	
300345	红宇新材	0.84	0.21	钢加工	4356	4.63	--  	4.80	475309	5075	         12.89	6.74	4.95	4.79	-0.136㈢	--  	226360656	  1.13	         17.66亿	湖南	4.63	4.76	249789	225519	  1.11	4.79	1875	 -1.52	
600068	葛洲坝	0.84	0.28	建筑施工	11045	7.14	--  	7.20	937250	3903	          2.04	3.50	7.39	7.20	0.510㈢	     8.92	681776576	  1.08	        331.54亿	湖北	7.20	7.27	496590	440659	  1.13	7.19	3552	 -0.28	
600877	ST嘉陵	0.83	0.00	摩托车	805	4.71	--  	4.84	113862	1056	          1.66	3.13	4.86	4.84	-0.235㈢	--  	54584824	  1.24	         33.26亿	重庆	4.80	4.79	58654	55207	  1.06	4.83	172	 -0.29	
600482	中国动力	0.83	0.39	电气设备	20	25.01	--  	25.57	66136	932	          0.74	3.43	25.88	25.55	0.580㈢	    33.06	168829472	  1.02	        227.68亿	河北	25.49	25.53	32753	33382	  0.98	25.55	60	 -0.29	
002046	轴研科技	0.80	-0.12	机械基件	7	7.50	--  	7.55	49944	140	          1.26	3.07	7.73	7.54	0.080㈢	    70.76	38036812	  0.83	         29.83亿	河南	7.52	7.62	25459	24485	  1.04	7.54	15	 -1.56	
600855	航天长峰	0.79	-0.20	专用机械	34	13.80	--  	13.97	184244	2108	          5.58	3.90	14.34	13.97	0.028㈢	   369.97	259394736	  0.85	         46.12亿	北京	13.86	14.08	100616	83628	  1.20	13.96	422	 -0.33	
300560	中富通	0.78	0.19	通信设备	35	20.45	--  	20.66	55557	614	          8.30	3.47	21.16	20.65	0.220㈢	    70.24	115820752	  1.07	         13.83亿	福建	20.53	20.85	27321	28235	  0.97	20.65	37	 -1.58	
002406	远东传动	0.76	0.00	汽车配件	764	6.47	--  	6.63	212735	2061	          5.12	7.61	6.97	6.62	0.327㈢	    15.19	141015072	  2.22	         27.52亿	河南	6.55	6.63	108368	104367	  1.04	6.62	653	 -1.60	
600869	智慧能源	0.76	0.00	电气设备	1136	5.28	--  	5.32	225017	2019	          1.01	2.27	5.40	5.32	0.134㈢	    29.72	120244856	  0.90	        118.07亿	青海	5.30	5.34	111829	113188	  0.99	5.31	657	 -0.36	
002383	合众思壮	0.73	0.07	通信设备	417	13.83	--  	13.90	230691	1547	          4.75	3.26	14.28	13.89	0.350㈢	    29.63	323674400	  0.98	         67.52亿	北京	13.88	14.03	120818	109872	  1.10	13.89	158	 -1.64	
002560	通达股份	0.71	0.35	电气设备	1336	5.47	--  	5.67	176419	3344	          6.53	4.09	5.70	5.66	0.060㈢	    67.87	98333344	  1.53	         15.30亿	河南	5.52	5.57	95610	80809	  1.18	5.66	507	 -1.65	
001696	宗申动力	0.69	0.52	摩托车	561	5.76	--  	5.84	247228	3671	          2.77	3.45	5.96	5.83	0.256㈢	    17.08	144723472	  0.92	         51.96亿	重庆	5.83	5.85	130866	116361	  1.12	5.83	706	 -1.67	
002361	神剑股份	0.69	0.00	化工原料	1709	4.32	--  	4.40	232070	1907	          3.76	2.98	4.45	4.39	0.072㈢	    45.54	101737600	  1.12	         27.08亿	安徽	4.37	4.38	131968	100101	  1.32	4.39	1886	 -1.68	
002389	航天彩虹	0.64	0.07	元器件	502	14.06	--  	14.24	165909	925	          2.45	3.46	14.55	14.24	0.088㈢	   121.73	236734544	  0.99	         96.35亿	浙江	14.18	14.27	84720	81188	  1.04	14.23	62	 -1.73	
002520	日发精机	0.63	0.00	机床制造	476	7.88	--  	7.99	60698	302	          2.57	3.78	8.18	7.98	0.110㈢	    72.05	48763368	  1.00	         18.83亿	浙江	7.99	8.03	32405	28292	  1.15	7.98	169	 -1.73	
300215	电科院	0.61	0.31	电气设备	74	6.50	--  	6.57	143351	1593	          2.36	3.22	6.71	6.56	0.121㈢	    40.63	94714160	  1.13	         39.90亿	江苏	6.59	6.61	74518	68833	  1.08	6.56	384	 -1.75	
002097	山河智能	0.60	0.15	工程机械	138	6.64	--  	6.72	249634	1516	          2.97	3.00	6.84	6.71	0.380㈢	    13.75	168317840	  1.32	         56.49亿	湖南	6.68	6.74	129593	120040	  1.08	6.71	296	 -1.76	
600353	旭光股份	0.57	0.00	元器件	2825	5.25	--  	5.28	129148	2405	          2.38	3.82	5.45	5.27	0.098㈢	    40.33	68879704	  1.13	         28.65亿	四川	5.26	5.33	62242	66905	  0.93	5.27	889	 -0.55	
002104	恒宝股份	0.57	0.00	元器件	670	7.00	--  	7.06	286013	2409	          4.74	3.42	7.24	7.06	0.157㈢	    33.78	203584640	  0.80	         42.58亿	江苏	7.08	7.12	147415	138597	  1.06	7.05	272	 -1.79	
600416	湘电股份	0.57	0.85	电气设备	214	6.91	--  	7.11	200722	3150	          2.28	4.81	7.25	7.11	-0.454㈢	--  	141667504	  0.97	         62.67亿	湖南	7.06	7.06	125872	74849	  1.68	7.10	490	 -0.56	
300726	宏达电子	0.55	0.00	元器件	350	20.11	--  	20.22	88187	921	          8.79	2.79	20.67	20.21	0.445㈢	    34.09	180017712	  1.00	         20.27亿	湖南	20.30	20.41	46692	41494	  1.13	20.21	370	 -1.82	
002465	海格通信	0.51	0.10	通信设备	136	9.73	--  	9.83	634058	3688	          3.06	3.28	10.05	9.82	0.111㈢	    66.43	627777664	  1.16	        203.32亿	广东	9.91	9.90	328048	306009	  1.07	9.82	906	 -1.85	
600038	中直股份	0.51	0.00	航空	1379	47.03	--  	47.20	85091	1052	          1.44	3.13	48.50	47.19	0.510㈢	    68.12	406247456	  1.05	        278.17亿	黑龙江	47.13	47.74	38322	46769	  0.82	47.19	51	 -0.61	
601126	四方股份	0.48	0.00	电气设备	685	6.16	--  	6.24	91739	369	          1.13	2.90	6.34	6.23	0.178㈢	    26.31	57369336	  0.96	         50.66亿	北京	6.21	6.25	43231	48507	  0.89	6.23	1363	 -0.64	
300591	万里马	0.48	0.00	服饰	404	6.27	--  	6.29	36914	736	          3.23	2.40	6.42	6.29	0.040㈢	   117.30	23415120	  1.00	          7.20亿	广东	6.30	6.34	17856	19058	  0.94	6.28	496	 -1.89	
300563	神宇股份	0.45	0.00	通信设备	101	26.73	--  	26.93	24293	282	          7.57	3.62	27.70	26.93	0.419㈢	    48.18	66053668	  1.09	          8.64亿	江苏	26.88	27.19	12980	11312	  1.15	26.92	14	 -1.92	
002413	雷科防务	0.44	0.00	通信设备	4092	6.78	--  	6.87	467355	6165	          4.70	4.39	7.08	6.87	0.093㈢	    55.24	321755936	  1.12	         68.38亿	江苏	6.84	6.88	242861	224494	  1.08	6.86	1297	 -1.93	
603167	渤海轮渡	0.43	0.11	水运	73	9.36	--  	9.40	67489	190	          1.40	1.92	9.54	9.40	0.670㈢	    10.74	63687932	  1.60	         45.25亿	山东	9.40	9.44	34426	33063	  1.04	9.39	89	 -0.69	
002510	天汽模	0.43	0.00	汽车配件	5139	4.63	--  	4.72	441074	3425	          5.61	3.41	4.79	4.71	0.110㈢	    31.75	207320224	  0.99	         37.06亿	天津	4.69	4.70	220492	220581	  1.00	4.71	1273	 -1.94	
300354	东华测试	0.40	0.00	电器仪表	136	10.02	--  	10.10	29745	277	          3.94	3.28	10.35	10.09	0.018㈢	   421.80	30197246	  0.99	          7.62亿	江苏	10.07	10.15	15481	14263	  1.09	10.09	177	 -1.97	
300629	新劲刚	0.35	0.10	矿物制品	332	19.76	--  	20.00	30893	364	          7.14	3.97	20.55	19.99	0.121㈢	   124.10	62338340	  0.82	          8.65亿	广东	19.91	20.18	17180	13713	  1.25	19.99	192	 -2.01	
002147	ST新光	0.33	0.00	区域地产	2079	3.01	--  	3.05	452770	8217	          8.43	2.97	3.10	3.04	0.068㈢	    33.63	137901504	  0.97	         16.32亿	安徽	3.04	3.05	250907	201863	  1.24	3.04	9276	 -2.03	
002111	威海广泰	0.32	0.32	航空	1445	12.38	--  	12.52	59504	481	          1.76	3.04	12.76	12.52	0.467㈢	    20.09	75070184	  0.95	         42.31亿	山东	12.59	12.62	32323	27181	  1.19	12.51	12	 -2.04	
600565	迪马股份	0.29	-0.28	全国地产	2117	3.41	--  	3.44	516023	1822	          2.18	3.51	3.53	3.43	0.156㈢	    16.46	179600096	  0.94	         81.25亿	重庆	3.42	3.48	254638	261385	  0.97	3.43	2697	 -0.83	
002342	巨力索具	0.25	-0.24	机械基件	3966	3.91	--  	3.95	333321	2088	          3.78	2.80	4.02	3.94	0.016㈢	   182.11	132116176	  1.04	         34.72亿	河北	3.97	3.96	167677	165643	  1.01	3.94	3194	 -2.11	
002303	美盈森	0.19	0.38	造纸	109	5.22	--  	5.27	128205	774	          0.84	3.05	5.38	5.26	0.191㈢	    20.61	67958504	  0.96	         80.52亿	深圳	5.28	5.30	61579	66626	  0.92	5.26	169	 -2.17	
002324	普利特	0.19	0.19	塑料	107	10.66	--  	10.73	41890	507	          1.78	2.52	10.93	10.73	0.236㈢	    34.10	45108100	  1.00	         25.19亿	上海	10.72	10.77	23260	18630	  1.25	10.72	385	 -2.18	
300281	金明精机	0.15	0.15	专用机械	1920	6.59	--  	6.67	279042	2444	         10.65	3.16	6.80	6.66	0.079㈢	    63.02	186591232	  0.92	         17.46亿	广东	6.66	6.69	138083	140958	  0.98	6.66	1651	 -2.21	
002438	江苏神通	0.15	0.15	机械基件	301	6.69	--  	6.77	79209	162	          2.13	2.37	6.85	6.77	0.127㈢	    40.09	53644892	  1.26	         25.15亿	江苏	6.78	6.77	39791	39418	  1.01	6.76	224	 -2.22	
002328	新朋股份	0.14	0.29	汽车配件	142	6.92	--  	7.02	279396	2514	          8.59	4.28	7.22	7.02	0.163㈢	    32.39	196951136	  1.03	         22.82亿	上海	7.15	7.05	155251	124145	  1.25	7.01	203	 -2.22	
300474	景嘉微	0.14	-0.15	元器件	9	43.22	--  	43.47	42973	266	          6.32	4.63	45.23	43.47	0.370㈢	    99.58	190035984	  1.03	         29.55亿	湖南	44.89	44.22	21875	21097	  1.04	43.46	129	 -2.23	
002309	中利集团	0.11	0.00	电气设备	33	8.80	--  	8.84	203577	2765	          2.90	1.93	8.97	8.83	0.067㈢	    98.93	180849248	  1.01	         61.98亿	江苏	8.93	8.88	105354	98223	  1.07	8.83	736	 -2.25	
600764	中国海防	0.11	0.61	通信设备	78	27.60	--  	27.94	24005	202	          0.73	3.05	28.45	27.91	0.064㈢	   328.53	67140056	  0.85	         91.76亿	北京	27.88	27.97	12941	11063	  1.17	27.91	13	 -1.01	
600260	凯乐科技	0.05	0.76	通信设备	104	20.90	--  	21.18	425144	3467	          6.77	4.63	21.88	21.18	1.190㈢	    13.47	912305472	  1.17	        133.07亿	湖北	21.60	21.46	230911	194233	  1.19	21.17	1787	 -1.07	
600485	信威集团	0.00	0.00	通信设备	0	--  	--  	--  	0	0	          0.00	0.00	--  	14.59	-0.282㈢	--  	0	  0.00	        264.45亿	北京	--  	14.59	0	0	--  	--  	0	 -1.12	
600463	空港股份	0.00	0.00	园区开发	188	7.95	--  	7.99	76978	282	          2.57	2.51	8.15	7.98	-0.015㈢	--  	61819784	  1.13	         23.94亿	北京	8.05	8.03	34927	42050	  0.83	7.98	84	 -1.12	
300185	通裕重工	0.00	0.47	工程机械	16414	2.12	--  	2.17	1817430	25494	          6.63	5.09	2.23	2.16	0.048㈢	    33.87	393855616	  1.03	         59.21亿	山东	2.13	2.17	851174	966256	  0.88	2.16	10804	 -2.36	
002669	康达新材	0.00	0.29	化工原料	1144	13.48	--  	13.70	201282	1079	          8.81	6.36	14.35	13.69	0.250㈢	    41.08	279861376	  1.28	         31.29亿	上海	14.00	13.90	113216	88065	  1.29	13.69	365	 -2.36	
002603	以岭药业	0.00	0.00	中成药	94	12.31	--  	12.46	155622	1001	          1.57	3.29	12.72	12.45	0.466㈢	    20.05	195304976	  1.22	        123.18亿	河北	12.47	12.55	82055	73567	  1.12	12.45	1741	 -2.36	
002179	中航光电	0.00	0.07	元器件	156	41.73	--  	41.78	74253	928	          0.95	4.45	43.59	41.77	0.890㈢	    35.54	316003488	  1.19	        326.84亿	河南	41.86	42.56	32563	41690	  0.78	41.77	693	 -2.36	
002171	楚江新材	0.00	0.00	铜	354	5.68	--  	5.75	215318	1294	          2.04	3.83	5.90	5.74	0.290㈢	    16.56	124902152	  1.14	         60.44亿	安徽	5.85	5.80	124770	90547	  1.38	5.74	247	 -2.36	
002933	新兴装备	-0.02	0.17	航空	179	51.74	--  	52.25	60088	460	         20.47	3.94	53.80	52.24	0.980㈢	    51.40	317089536	  0.85	         15.33亿	北京	52.33	52.77	32046	28041	  1.14	52.24	27	 -2.38	
000547	航天发展	-0.19	0.38	通信设备	1604	10.45	--  	10.61	351984	1178	          3.16	3.86	10.86	10.60	0.170㈢	    53.90	375795264	  1.24	        118.12亿	福建	10.65	10.68	184141	167843	  1.10	10.60	169	 -2.55	
300210	森远股份	-0.22	-0.21	专用机械	637	4.56	--  	4.63	164797	1472	          4.12	4.10	4.75	4.62	0.052㈢	    66.67	76928640	  0.99	         18.49亿	辽宁	4.64	4.67	77890	86907	  0.90	4.62	602	 -2.58	
002576	通达动力	-0.25	0.00	电气设备	506	12.00	--  	12.07	60190	739	          4.16	2.23	12.27	12.06	0.099㈢	    91.52	72998544	  0.84	         17.44亿	江苏	12.10	12.13	34851	25339	  1.38	12.06	71	 -2.61	
603936	博敏电子	-0.28	0.17	元器件	84	17.61	--  	17.73	47323	194	          2.83	3.94	18.31	17.73	0.380㈢	    36.30	84823848	  1.31	         29.67亿	广东	17.75	17.92	24920	22403	  1.11	17.71	412	 -1.40	
002651	利君股份	-0.38	0.00	专用机械	958	5.20	--  	5.29	185832	1464	          4.45	7.17	5.58	5.28	0.098㈢	    40.49	100333208	  1.78	         22.07亿	四川	5.35	5.40	113842	71989	  1.58	5.28	1142	 -2.74	
002427	*ST尤夫	-0.41	0.21	化纤	1282	14.55	--  	14.66	49299	239	          1.28	3.68	15.09	14.63	0.038㈢	   290.42	72886416	  1.17	         56.28亿	浙江	15.00	14.78	26709	22590	  1.18	14.63	54	 -2.77	
300319	麦捷科技	-0.48	0.00	元器件	649	8.20	--  	8.32	353692	1778	          5.54	4.07	8.54	8.31	0.140㈢	    45.30	296754688	  1.04	         53.05亿	深圳	8.40	8.39	184383	169309	  1.09	8.31	651	 -2.84	
002339	积成电子	-0.48	0.00	电气设备	1120	8.24	--  	8.32	132384	2606	          4.01	3.23	8.51	8.31	0.092㈢	    67.42	110718440	  0.92	         27.43亿	山东	8.34	8.36	73608	58776	  1.25	8.31	180	 -2.84	
300263	隆华科技	-0.52	0.53	专用机械	131	5.60	--  	5.72	517051	5593	          9.15	5.05	5.89	5.71	0.100㈢	    43.30	295787232	  0.99	         32.28亿	河南	5.77	5.72	279701	237350	  1.18	5.71	543	 -2.89	
300447	全信股份	-0.65	0.47	电气设备	343	10.51	--  	10.65	88986	579	          5.11	3.36	10.87	10.64	0.399㈢	    20.00	95356312	  1.24	         18.52亿	江苏	10.66	10.72	51018	37968	  1.34	10.64	142	 -3.02	
300091	金通灵	-0.82	-0.20	机械基件	1049	4.79	--  	4.83	751351	9457	          7.12	4.32	5.00	4.82	0.120㈢	    31.06	366669440	  1.10	         50.88亿	江苏	4.97	4.88	393382	357968	  1.10	4.82	3628	 -3.19	
002214	大立科技	-1.27	0.29	电器仪表	681	6.97	--  	7.02	149378	976	          4.18	3.52	7.22	7.01	0.071㈢	    73.91	106234728	  1.28	         25.05亿	浙江	7.18	7.11	90960	58417	  1.56	7.01	268	 -3.63	
002625	光启技术	-1.29	0.09	汽车配件	582	11.43	--  	11.48	201917	1934	          4.73	3.96	11.89	11.47	0.015㈢	   560.91	235516912	  0.95	         48.98亿	浙江	11.65	11.66	116161	85756	  1.35	11.47	151	 -3.66	
300351	永贵电器	-2.17	0.09	元器件	437	11.18	--  	11.26	125145	1309	          5.23	4.87	11.74	11.26	0.303㈢	    27.91	143989232	  1.03	         26.96亿	浙江	11.66	11.51	63042	62103	  1.02	11.25	336	 -4.54	
数据来源:通达信
