代码	名称	涨幅%%	涨速%%	细分行业	买量	最低	未匹配量	卖价	总量	现量	换手%%	振幅%%	最高	现价	每股收益	市盈(动)	总金额	量比	流通市值	地区	今开	均价	内盘	外盘	内外比	买价	卖量	强弱度%%	
002112	三变科技	10.03	0.00	电气设备	46674	7.33	--  	--  	122510	7	          6.67	1.92	7.46	7.46	-0.223㈢	--  	91335696	  2.39	         13.71亿	浙江	7.46	7.46	108318	14191	  7.63	7.46	0	  7.66	
601700	风范股份	10.02	0.00	电气设备	9064	8.15	--  	--  	1574180	11557	         13.89	12.77	9.22	9.22	0.035㈢	   195.94	1384298240	  1.34	        104.48亿	江苏	8.41	8.79	758828	815352	  0.93	9.22	0	  8.90	
000917	电广传媒	10.02	0.00	影视音像	53152	8.69	--  	--  	1586884	806	         12.26	6.32	9.22	9.22	-0.095㈢	--  	1442531328	  1.15	        119.37亿	湖南	8.99	9.09	924136	662748	  1.39	9.22	0	  7.66	
601890	亚星锚链	9.98	0.00	船舶	21464	5.20	--  	--  	1026286	2455	         10.70	12.05	5.84	5.84	-0.005㈢	--  	574517184	  2.17	         56.03亿	江苏	5.40	5.60	479631	546654	  0.88	5.84	0	  8.86	
002276	万马股份	5.38	0.28	电气设备	604	6.80	--  	7.05	521439	3308	          5.04	6.58	7.24	7.05	0.065㈢	    81.78	367656736	  1.50	         72.90亿	浙江	6.80	7.05	275529	245909	  1.12	7.04	1060	  3.02	
300076	GQY视讯	5.33	0.78	电脑设备	160	5.02	--  	5.15	307140	8560	          8.04	3.69	5.20	5.14	0.078㈢	    49.36	156403424	  1.38	         19.63亿	浙江	5.04	5.09	128735	178404	  0.72	5.14	2218	  2.96	
000096	广聚能源	4.97	0.47	石油贸易	30	10.30	--  	10.78	51147	280	          1.00	9.44	11.27	10.78	0.182㈢	    44.42	54498304	  1.79	         55.07亿	深圳	10.30	10.66	21575	29571	  0.73	10.75	144	  2.60	
002012	凯恩股份	3.63	1.68	造纸	55	4.63	--  	4.85	600862	6544	         12.87	5.77	4.90	4.85	0.040㈢	    91.86	286197856	  1.35	         22.65亿	浙江	4.63	4.76	294430	306432	  0.96	4.84	3871	  1.27	
600593	大连圣亚	3.36	1.32	旅游服务	13	29.73	--  	30.80	10144	250	          0.79	3.59	30.80	30.80	0.840㈢	    32.58	30516558	  0.90	         39.67亿	辽宁	29.92	30.08	3444	6700	  0.51	30.77	296	  2.23	
002120	韵达股份	3.08	0.11	仓储物流	2	36.40	--  	37.44	23075	62	          0.74	4.13	37.90	37.43	1.190㈢	    24.27	85953768	  0.67	        116.92亿	浙江	37.28	37.25	10765	12309	  0.87	37.43	5	  0.72	
002699	美盛文化	2.63	0.16	服饰	1060	6.11	--  	6.25	337911	4252	          4.27	4.93	6.41	6.25	0.124㈢	    37.68	212358672	  1.19	         49.41亿	浙江	6.15	6.28	158812	179099	  0.89	6.24	964	  0.26	
002634	棒杰股份	2.43	-0.19	服饰	474	4.91	--  	5.06	60749	1047	          2.25	4.66	5.14	5.06	0.054㈢	    69.89	30778958	  1.04	         13.67亿	浙江	4.91	5.07	30734	30014	  1.02	5.05	767	  0.06	
002418	康盛股份	2.42	0.24	机械基件	1246	4.06	--  	4.25	820812	9075	          8.18	9.18	4.44	4.24	-0.008㈢	--  	347508224	  1.03	         42.55亿	浙江	4.15	4.23	387189	433623	  0.89	4.24	4492	  0.05	
000735	罗 牛 山	2.34	-0.28	农业综合	4914	13.11	--  	13.58	1380111	33212	         13.02	4.68	13.73	13.57	0.338㈢	    30.07	1851764608	  1.05	        143.79亿	海南	13.20	13.42	676054	704056	  0.96	13.57	3383	 -0.03	
002177	御银股份	2.21	-0.23	电脑设备	3834	4.09	--  	4.18	520020	3977	          8.07	6.37	4.35	4.17	0.003㈢	   905.94	218404096	  0.90	         26.88亿	广东	4.19	4.20	264225	255794	  1.03	4.17	2765	 -0.16	
600566	济川药业	1.93	0.06	中成药	236	34.68	--  	35.38	155136	924	          1.90	2.82	35.66	35.38	1.610㈢	    16.52	545762112	  1.30	        288.28亿	湖北	34.97	35.18	81868	73267	  1.12	35.37	256	  0.81	
600864	哈投股份	1.87	0.00	证券	2611	5.77	--  	6.00	920702	9451	          5.83	10.20	6.37	5.99	-0.114㈢	--  	554219392	  1.15	         94.54亿	黑龙江	5.92	6.02	470415	450287	  1.04	5.99	2042	  0.75	
000419	通程控股	1.84	0.40	百货	198	4.90	--  	4.99	79941	1180	          1.47	3.27	5.06	4.99	0.203㈢	    18.46	39851672	  0.90	         27.11亿	湖南	4.90	4.99	36216	43725	  0.83	4.98	112	 -0.53	
000828	东莞控股	1.82	0.00	路桥	120	9.85	--  	10.05	114064	1527	          1.10	3.75	10.22	10.05	0.684㈢	    11.02	114482688	  0.95	        104.47亿	广东	9.98	10.04	65435	48628	  1.35	10.04	1054	 -0.54	
300187	永清环保	1.77	-0.15	环境保护	1009	6.25	--  	6.34	146295	1044	          2.30	3.54	6.47	6.33	0.031㈢	   154.06	93482184	  1.25	         40.21亿	湖南	6.27	6.39	73261	73033	  1.00	6.33	345	 -0.60	
600079	人福医药	1.74	0.36	化学制药	656	10.95	--  	11.13	230474	409	          1.79	3.39	11.32	11.12	0.430㈢	    17.41	257483120	  1.11	        143.01亿	湖北	10.98	11.17	118504	111970	  1.06	11.12	23	  0.62	
300021	大禹节水	1.71	1.36	农业综合	100	5.80	--  	5.96	250278	9929	          3.86	2.73	5.96	5.96	0.072㈢	    62.26	147242288	  1.37	         38.64亿	甘肃	5.88	5.88	117776	132501	  0.89	5.93	775	 -0.66	
002229	鸿博股份	1.39	0.00	广告包装	1891	7.85	--  	8.00	363835	4606	          8.84	4.18	8.18	8.00	-0.011㈢	--  	292515456	  1.03	         32.94亿	福建	7.97	8.04	163980	199854	  0.82	7.99	801	 -0.97	
002437	誉衡药业	1.14	0.57	化学制药	2043	3.50	--  	3.54	518130	3655	          2.39	2.86	3.60	3.54	0.143㈢	    18.58	183268800	  1.11	         76.71亿	黑龙江	3.50	3.54	276201	241929	  1.14	3.53	10180	 -1.22	
002089	新 海 宜	1.12	0.00	通信设备	2830	5.35	--  	5.42	901417	6831	          9.63	4.10	5.57	5.42	0.078㈢	    52.09	492252096	  0.78	         50.75亿	江苏	5.41	5.46	490545	410871	  1.19	5.41	935	 -1.25	
002087	新野纺织	0.95	0.00	纺织	1337	4.20	--  	4.24	275165	2575	          3.37	2.15	4.29	4.23	0.389㈢	     8.16	116687496	  0.78	         34.50亿	河南	4.22	4.24	113284	161881	  0.70	4.23	6509	 -1.41	
603333	尚纬股份	0.88	0.74	电气设备	580	6.73	--  	6.86	59154	1420	          1.16	3.09	6.94	6.85	0.111㈣	    61.44	40389032	  1.17	         34.97亿	四川	6.90	6.83	38407	20747	  1.85	6.85	101	 -0.24	
002010	传化智联	0.86	0.61	仓储物流	816	8.16	--  	8.25	145051	1686	          0.46	2.93	8.40	8.25	0.124㈢	    49.84	120148392	  1.00	        262.57亿	浙江	8.24	8.28	74085	70966	  1.04	8.24	455	 -1.51	
600255	梦舟股份	0.85	0.85	铜	3404	2.32	--  	2.37	1165261	11299	          6.58	3.40	2.40	2.37	0.024㈢	    75.10	274572608	  0.94	         41.94亿	安徽	2.35	2.36	666550	498710	  1.34	2.36	6156	 -0.27	
002277	友阿股份	0.76	0.00	百货	1434	3.92	--  	3.96	311726	4707	          2.20	3.31	4.05	3.96	0.153㈢	    19.45	124330856	  1.19	         56.10亿	湖南	3.95	3.99	170832	140893	  1.21	3.95	4338	 -1.60	
600869	智慧能源	0.76	0.00	电气设备	1136	5.28	--  	5.32	225017	2019	          1.01	2.27	5.40	5.32	0.134㈢	    29.72	120244856	  0.90	        118.07亿	青海	5.30	5.34	111829	113188	  0.99	5.31	657	 -0.36	
600595	中孚实业	0.76	0.38	铝	7567	2.62	--  	2.67	498265	4183	          2.86	4.92	2.75	2.66	-0.220㈢	--  	133704864	  0.97	         46.32亿	河南	2.65	2.68	255583	242682	  1.05	2.66	4525	 -0.36	
002132	恒星科技	0.67	0.00	钢加工	1840	2.98	--  	3.02	403849	3744	          3.22	2.68	3.06	3.01	-0.014㈢	--  	122050696	  1.24	         37.75亿	河南	3.00	3.02	210894	192955	  1.09	3.01	5641	 -1.70	
601999	出版传媒	0.63	0.48	出版业	172	6.26	--  	6.34	62856	753	          1.14	4.60	6.55	6.34	0.220㈢	    21.60	40278388	  0.97	         34.93亿	辽宁	6.30	6.41	31640	31216	  1.01	6.33	174	 -0.49	
600755	厦门国贸	0.62	0.37	商贸代理	1969	8.02	--  	8.07	628678	4646	          3.46	2.74	8.24	8.07	0.700㈢	     6.20	510339392	  1.01	        146.57亿	福建	8.07	8.12	327400	301278	  1.09	8.06	1216	 -0.50	
600586	金晶科技	0.59	0.00	玻璃	2087	3.38	--  	3.41	268510	3248	          1.86	2.95	3.48	3.41	0.171㈢	    14.99	91770176	  1.03	         49.25亿	山东	3.42	3.42	142604	125905	  1.13	3.40	2338	 -0.53	
000998	隆平高科	0.57	0.32	种植业	532	15.63	--  	15.80	200885	754	          2.08	3.18	16.13	15.79	0.060㈢	   201.94	320053568	  1.14	        152.41亿	湖南	15.72	15.93	91314	109571	  0.83	15.79	485	 -1.79	
601199	江南水务	0.49	0.25	水务	309	4.06	--  	4.10	97806	333	          1.05	2.46	4.16	4.09	0.150㈢	    19.87	40237864	  1.16	         38.25亿	江苏	4.07	4.11	48046	49760	  0.97	4.09	395	 -0.63	
002042	华孚时尚	0.46	0.93	纺织	3602	6.39	--  	6.51	215570	4598	          1.42	3.25	6.60	6.50	0.482㈢	    10.12	139750288	  1.25	         98.65亿	安徽	6.47	6.48	104736	110833	  0.94	6.50	719	 -1.90	
002397	梦洁股份	0.41	0.00	纺织	358	4.85	--  	4.89	72587	525	          1.45	1.85	4.94	4.89	0.123㈢	    29.85	35567520	  1.20	         24.54亿	湖南	4.87	4.90	29307	43279	  0.68	4.88	103	 -1.95	
002571	德力股份	0.38	0.38	玻璃	68	5.24	--  	5.29	94222	1567	          3.72	2.85	5.39	5.28	-0.107㈢	--  	50197524	  0.91	         13.37亿	安徽	5.30	5.33	45593	48629	  0.94	5.28	214	 -1.98	
002147	ST新光	0.33	0.00	区域地产	2079	3.01	--  	3.05	452770	8217	          8.43	2.97	3.10	3.04	0.068㈢	    33.63	137901504	  0.97	         16.32亿	安徽	3.04	3.05	250907	201863	  1.24	3.04	9276	 -2.03	
000860	顺鑫农业	0.07	0.02	白酒	286	42.20	--  	43.31	135902	533	          2.38	6.10	44.84	43.30	0.940㈢	    34.55	591651200	  1.44	        247.07亿	北京	43.10	43.54	67542	68359	  0.99	43.30	120	 -2.30	
600692	亚通股份	0.00	-0.12	房产服务	2018	7.88	--  	7.95	161383	1476	          6.33	3.90	8.19	7.95	0.099㈢	    59.94	129087016	  1.10	         20.27亿	上海	8.00	8.00	83509	77873	  1.07	7.94	676	 -1.12	
600872	中炬高新	-0.03	0.72	食品	20	32.99	--  	33.67	129864	449	          1.63	4.37	34.46	33.66	0.610㈢	    41.40	437213504	  1.42	        268.15亿	广东	33.71	33.67	73001	56862	  1.28	33.66	2	 -1.15	
000796	凯撒旅游	-0.25	0.38	旅游服务	503	7.80	--  	7.90	140251	341	          1.75	2.91	8.03	7.89	0.380㈢	    15.24	110696536	  1.49	         63.32亿	陕西	7.86	7.89	67028	73222	  0.92	7.89	399	 -2.62	
002545	东方铁塔	-0.26	-0.51	钢加工	263	7.58	--  	7.69	219533	2343	          2.85	4.03	7.89	7.68	0.173㈢	    33.36	169331824	  0.98	         59.22亿	山东	7.70	7.71	114761	104772	  1.10	7.68	151	 -2.62	
002447	晨鑫科技	-0.32	0.00	互联网	7642	3.12	--  	3.14	621907	8442	          4.68	2.87	3.21	3.13	0.046㈢	    51.15	196679296	  0.91	         41.55亿	辽宁	3.14	3.16	334499	287408	  1.16	3.13	6535	 -2.68	
002661	克明面业	-1.90	-0.06	食品	261	13.81	--  	13.93	87137	1182	          2.66	4.23	14.41	13.93	0.493㈢	    21.19	123040408	  0.99	         45.60亿	湖南	14.21	14.12	50112	37024	  1.35	13.92	265	 -4.27	
数据来源:通达信
