代码	名称	涨幅%%	涨速%%	细分行业	买量	最低	未匹配量	卖价	总量	现量	换手%%	振幅%%	最高	现价	每股收益	市盈(动)	总金额	量比	流通市值	地区	今开	均价	内盘	外盘	内外比	买价	卖量	强弱度%%	
300370	安控科技	10.15	0.00	电器仪表	213920	3.58	--  	--  	151726	224	          2.13	0.00	3.58	3.58	-0.009㈢	--  	54317832	  0.25	         25.56亿	北京	3.58	3.58	133406	18319	  7.28	3.58	0	  7.79	
300008	天海防务	10.14	3.83	船舶	49897	3.38	--  	--  	1319724	39753	         21.91	12.17	3.80	3.80	-1.379㈢	--  	468144736	  1.13	         22.89亿	上海	3.40	3.55	636783	682940	  0.93	3.80	0	  7.78	
002175	东方网络	10.13	0.00	电器仪表	115483	4.20	--  	--  	429152	697	          7.16	3.80	4.35	4.35	-0.140㈢	--  	186371984	  0.82	         26.07亿	广西	4.35	4.34	357139	72012	  4.96	4.35	0	  7.76	
600839	四川长虹	10.10	0.00	家用电器	319825	3.13	--  	--  	880363	3236	          1.91	1.05	3.16	3.16	0.044㈢	    53.35	277916064	  1.01	        145.81亿	四川	3.13	3.16	753051	127312	  5.92	3.16	0	  8.98	
002181	粤 传 媒	10.10	0.00	出版业	59210	5.10	--  	--  	478221	1108	          4.22	9.11	5.56	5.56	0.023㈢	   178.61	256679568	  0.99	         63.07亿	广东	5.25	5.37	254705	223516	  1.14	5.56	0	  7.73	
300264	佳创视讯	10.08	0.00	通信设备	12621	6.52	--  	--  	300130	95	          9.42	2.31	6.66	6.66	-0.003㈢	--  	199547824	  2.35	         21.22亿	深圳	6.66	6.65	238209	61920	  3.85	6.66	0	  7.72	
000917	电广传媒	10.02	0.00	影视音像	53152	8.69	--  	--  	1586884	806	         12.26	6.32	9.22	9.22	-0.095㈢	--  	1442531328	  1.15	        119.37亿	湖南	8.99	9.09	924136	662748	  1.39	9.22	0	  7.66	
600776	东方通信	10.02	0.00	通信设备	68051	27.30	--  	--  	1151946	970	         12.05	11.28	30.42	30.42	0.061㈢	   373.60	3360540928	  0.89	        290.82亿	浙江	27.82	29.17	552184	599762	  0.92	30.42	0	  8.90	
601212	白银有色	10.00	0.00	铜	67047	3.66	--  	--  	520258	2723	          2.65	8.33	3.96	3.96	-0.035㈢	--  	201867216	  1.17	         77.80亿	甘肃	3.68	3.88	314098	206160	  1.52	3.96	0	  8.88	
002825	纳尔股份	10.00	0.00	化工原料	6714	15.50	--  	--  	63763	726	         15.69	10.00	17.05	17.05	0.442㈣	    38.59	105285264	  2.35	          6.93亿	上海	15.50	16.51	35936	27827	  1.29	17.05	0	  7.64	
600536	中国软件	10.00	0.00	软件服务	22073	29.40	--  	--  	572197	848	         11.57	7.59	31.58	31.58	-0.485㈢	--  	1770019840	  1.44	        156.18亿	北京	29.66	30.93	282173	290023	  0.97	31.58	0	  8.87	
603000	人民网	9.99	0.00	互联网	73193	19.93	--  	--  	326039	116	          2.95	6.25	21.13	21.13	0.061㈢	   258.60	676864768	  0.53	        233.63亿	北京	20.20	20.76	179864	146174	  1.23	21.13	0	  8.87	
002243	通产丽星	9.99	0.00	塑料	8950	19.20	--  	--  	534670	1427	         14.65	10.05	21.13	21.13	0.149㈢	   106.52	1082723584	  0.99	         77.11亿	深圳	19.90	20.25	241365	293305	  0.82	21.13	0	  7.63	
000711	京蓝科技	9.98	0.00	软件服务	74008	6.05	--  	--  	237667	845	          5.85	9.32	6.61	6.61	0.170㈢	    33.25	154655232	  1.04	         26.86亿	黑龙江	6.05	6.51	170765	66901	  2.55	6.61	0	  7.62	
600604	市北高新	9.98	0.00	园区开发	50851	11.88	--  	--  	2454147	472	         18.39	9.48	13.00	13.00	0.031㈢	   318.89	3099451392	  1.42	        173.44亿	上海	12.34	12.63	1308396	1145751	  1.14	13.00	0	  8.86	
300070	碧水源	9.97	0.10	环境保护	1543	9.61	--  	10.48	1258299	8844	          6.24	9.13	10.48	10.48	0.182㈢	    43.19	1291084160	  1.90	        211.22亿	北京	9.62	10.26	614239	644060	  0.95	10.47	12904	  7.60	
002488	金固股份	9.96	0.00	汽车配件	104402	8.50	--  	--  	309618	63	          4.03	1.40	8.61	8.61	0.125㈢	    51.62	266358416	  1.13	         66.19亿	浙江	8.61	8.60	171676	137941	  1.24	8.61	0	  7.60	
601929	吉视传媒	9.84	0.00	影视音像	42908	2.64	--  	--  	1617891	1146	          5.20	5.91	2.79	2.79	0.060㈢	    36.39	445395392	  2.86	         86.79亿	吉林	2.71	2.75	892326	725564	  1.23	2.79	0	  8.72	
002148	北纬科技	9.83	-0.12	互联网	332	6.93	--  	7.61	791893	4579	         17.83	9.83	7.61	7.60	0.068㈢	    83.66	584241024	  2.39	         33.75亿	北京	6.95	7.38	377055	414837	  0.91	7.60	1051	  7.46	
600728	佳都科技	9.63	1.35	软件服务	5714	10.81	--  	11.27	1894057	17753	         11.81	4.86	11.31	11.27	0.070㈢	   121.49	2108389760	  2.24	        180.79亿	广东	11.31	11.13	1041367	852690	  1.22	11.26	1122	  8.51	
600100	同方股份	9.28	-0.08	电脑设备	1542	10.52	--  	11.20	613050	3001	          2.07	7.23	11.26	11.19	-0.193㈢	--  	679055552	  3.44	        331.66亿	北京	10.52	11.08	255934	357115	  0.72	11.19	1809	  8.16	
002605	姚记扑克	9.14	0.73	文教休闲	1110	9.97	--  	11.11	234164	4347	          8.76	11.11	11.10	11.10	0.193㈢	    43.10	246330960	  1.70	         29.68亿	上海	10.22	10.52	108235	125928	  0.86	11.10	213	  6.78	
000722	湖南发展	8.64	-0.12	水力发电	234	7.32	--  	7.92	313570	1389	          6.76	9.60	8.02	7.92	0.169㈢	    35.14	245619120	  1.67	         36.76亿	湖南	7.34	7.83	142819	170750	  0.84	7.91	792	  6.28	
000068	华控赛格	8.43	0.74	元器件	5013	6.22	--  	6.83	1111996	16922	         11.05	10.49	6.88	6.82	-0.048㈢	--  	730340800	  1.08	         68.65亿	深圳	6.42	6.57	506082	605914	  0.84	6.82	7032	  6.06	
300685	艾德生物	8.36	0.33	生物制药	41	50.16	--  	54.35	26018	180	          2.86	9.25	54.80	54.33	0.666㈢	    61.20	136256960	  1.23	         49.50亿	福建	50.60	52.37	12431	13587	  0.91	54.33	2	  5.99	
002441	众业达	6.99	-0.11	批发业	445	7.91	--  	8.58	254829	2609	          6.49	9.74	8.69	8.57	0.343㈢	    18.74	210175280	  2.06	         33.66亿	广东	7.99	8.25	120786	134043	  0.90	8.57	234	  4.63	
002573	清新环境	6.87	0.00	环境保护	3379	8.71	--  	9.33	483336	4388	          4.48	9.85	9.57	9.33	0.458㈢	    15.28	444100640	  1.65	        100.64亿	北京	8.80	9.19	232727	250608	  0.93	9.32	120	  4.51	
002030	达安基因	6.75	0.00	生物制药	992	11.86	--  	12.50	357802	1950	          4.68	8.71	12.88	12.50	0.098㈢	    95.28	441462112	  1.61	         95.48亿	广东	11.86	12.34	165426	192376	  0.86	12.49	1455	  4.38	
000812	陕西金叶	6.60	0.20	广告包装	250	4.56	--  	5.02	1083860	7378	         16.20	12.98	5.17	5.01	0.033㈢	   115.51	534288032	  1.65	         33.53亿	陕西	4.65	4.93	568482	515377	  1.10	5.01	787	  4.23	
300020	银江股份	6.58	0.72	软件服务	263	7.96	--  	8.42	353750	4387	          5.63	6.71	8.49	8.42	0.019㈢	   335.03	291571008	  1.46	         52.88亿	浙江	8.10	8.24	164225	189524	  0.87	8.41	1292	  4.22	
600892	大晟文化	6.57	1.72	影视音像	1076	6.06	--  	6.49	500078	29295	          9.27	7.22	6.50	6.49	0.014㈢	   351.62	312378624	  1.50	         35.02亿	深圳	6.11	6.25	218446	281631	  0.78	6.48	4136	  5.45	
000070	特发信息	6.47	-0.11	通信设备	475	15.66	--  	16.28	1081736	11568	         18.02	7.26	16.77	16.28	0.262㈢	    46.60	1752128256	  1.12	         97.73亿	深圳	16.00	16.20	552691	529044	  1.04	16.27	3132	  4.11	
002146	荣盛发展	5.83	0.29	全国地产	601	9.85	--  	10.35	980565	6693	          2.52	6.55	10.49	10.34	0.860㈢	     9.02	1003048064	  1.84	        402.59亿	河北	9.86	10.23	443615	536949	  0.83	10.34	1867	  3.47	
300074	华平股份	5.63	0.67	通信设备	1737	4.32	--  	4.50	383877	3513	          7.87	6.34	4.59	4.50	-0.008㈢	--  	170651088	  1.40	         21.96亿	上海	4.35	4.45	169403	214474	  0.79	4.49	1346	  3.27	
600635	大众公用	5.49	-0.15	供气供热	4381	5.95	--  	6.16	2438849	22164	         10.08	7.03	6.36	6.15	0.113㈢	    40.69	1494905344	  1.03	        148.76亿	上海	6.18	6.13	1150296	1288552	  0.89	6.15	6551	  4.37	
600783	鲁信创投	5.44	0.09	矿物制品	1198	22.30	--  	23.46	640983	6708	          8.61	7.33	23.93	23.46	0.291㈢	    60.38	1484397696	  1.00	        174.63亿	山东	23.11	23.16	327642	313341	  1.05	23.45	267	  4.32	
603499	翔港科技	5.12	-0.03	广告包装	56	22.20	--  	23.19	58503	550	         23.40	6.12	23.55	23.19	0.376㈢	    46.25	134495264	  1.73	          5.80亿	上海	22.22	22.99	26231	32272	  0.81	23.18	436	  4.00	
600226	瀚叶股份	5.04	-0.26	农药化肥	5607	3.53	--  	3.76	2276107	25203	         11.42	11.20	3.93	3.75	0.068㈢	    41.45	842652160	  0.96	         74.73亿	浙江	3.60	3.70	1090396	1185710	  0.92	3.75	10588	  3.92	
002008	大族激光	4.97	0.65	电器仪表	7	40.23	--  	42.00	388593	1994	          3.91	5.92	42.60	42.00	1.550㈢	    20.29	1618060672	  1.38	        417.19亿	深圳	40.25	41.64	208377	180215	  1.16	41.99	1023	  2.61	
002076	雪 莱 特	4.84	0.82	家用电器	1785	3.51	--  	3.69	421045	9719	          9.45	5.41	3.70	3.68	-0.071㈢	--  	151757472	  1.52	         16.39亿	广东	3.53	3.60	159926	261118	  0.61	3.68	4841	  2.48	
300451	创业慧康	4.49	0.47	软件服务	208	20.28	--  	21.19	224759	3257	          6.48	6.41	21.58	21.19	0.230㈢	    68.99	470591648	  1.50	         73.46亿	浙江	20.48	20.94	107000	117759	  0.91	21.18	80	  2.12	
000681	视觉中国	4.46	-0.03	互联网	238	26.42	--  	27.90	157343	715	          5.07	8.16	28.60	27.89	0.314㈢	    66.59	438462336	  1.50	         86.59亿	江苏	26.99	27.87	70048	87294	  0.80	27.89	426	  2.09	
000671	阳 光 城	4.30	0.00	区域地产	744	7.02	--  	7.28	587811	3472	          1.48	7.02	7.51	7.28	0.390㈢	    13.99	429126752	  1.10	        289.15亿	福建	7.02	7.30	283770	304040	  0.93	7.27	1466	  1.93	
300356	光一科技	4.24	0.38	电气设备	1537	7.55	--  	7.87	393070	4362	         10.66	7.69	8.13	7.86	0.055㈢	   107.70	307573984	  0.85	         28.99亿	江苏	7.66	7.82	185013	208056	  0.89	7.86	522	  1.88	
600718	东软集团	4.22	0.08	软件服务	301	12.17	--  	12.60	451298	1377	          3.63	6.53	12.96	12.60	0.100㈢	    94.27	569866368	  1.48	        156.54亿	辽宁	12.51	12.63	213783	237514	  0.90	12.59	952	  3.10	
002558	巨人网络	4.21	0.00	互联网	387	21.43	--  	22.50	167750	2574	          3.93	6.99	22.94	22.50	0.491㈢	    34.40	372557408	  1.10	         96.10亿	重庆	21.80	22.21	78140	89609	  0.87	22.49	5121	  1.85	
603555	贵人鸟	4.14	0.89	服饰	22	6.54	--  	6.79	135724	2706	          2.16	5.52	6.90	6.79	0.026㈢	   199.34	91171160	  1.38	         42.68亿	福建	6.54	6.72	58894	76829	  0.77	6.77	182	  3.02	
002658	雪迪龙	4.02	0.24	环境保护	125	8.00	--  	8.30	87913	522	          2.89	4.89	8.39	8.29	0.230㈢	    26.95	72502032	  1.70	         25.26亿	北京	8.06	8.25	41694	46219	  0.90	8.29	1289	  1.65	
600128	弘业股份	4.01	0.40	商贸代理	645	9.61	--  	10.13	524933	7914	         21.27	7.91	10.38	10.12	-0.164㈢	--  	522261824	  0.91	         24.97亿	江苏	9.82	9.95	268569	256364	  1.05	10.12	553	  2.89	
000670	盈方微	3.91	0.00	元器件	756	3.91	--  	4.00	768200	6036	         12.81	5.21	4.11	3.99	-0.070㈢	--  	308547168	  1.33	         23.92亿	湖北	3.93	4.02	317689	450511	  0.71	3.99	8829	  1.54	
603366	日出东方	3.84	0.21	家用电器	913	4.70	--  	4.88	216460	3978	          2.71	5.33	4.95	4.87	-0.053㈢	--  	104811328	  0.84	         38.96亿	江苏	4.75	4.84	100062	116398	  0.86	4.87	4852	  2.72	
300674	宇信科技	3.81	-0.05	软件服务	401	34.10	--  	35.66	152492	1589	         38.11	7.77	36.77	35.66	0.205㈢	   130.28	539333568	  0.97	         14.27亿	北京	34.99	35.37	75141	77351	  0.97	35.65	94	  1.45	
000806	银河生物	3.80	0.00	生物制药	1719	4.35	--  	4.65	913638	9857	         13.08	9.40	4.77	4.64	-0.106㈢	--  	416077760	  1.03	         32.41亿	广西	4.35	4.55	462525	451113	  1.03	4.64	3680	  1.44	
002423	中原特钢	3.69	0.37	特种钢	676	12.18	--  	13.49	498299	2745	          9.91	13.23	13.90	13.48	-0.130㈢	--  	648349824	  2.29	         67.80亿	河南	12.40	13.01	249973	248326	  1.01	13.48	148	  1.33	
002184	海得控制	3.64	-0.35	软件服务	652	10.76	--  	11.10	147232	1948	         10.84	8.68	11.69	11.10	-0.203㈢	--  	164658560	  1.45	         15.08亿	上海	10.76	11.18	67397	79834	  0.84	11.09	37	  1.28	
000606	顺利办	3.58	-0.68	互联网	112	6.98	--  	7.24	229596	1844	          4.20	7.02	7.47	7.23	0.411㈢	    13.20	166190960	  1.17	         39.51亿	青海	6.98	7.24	104753	124843	  0.84	7.23	582	  1.22	
300448	浩云科技	3.57	0.68	软件服务	12	11.47	--  	11.88	99037	1104	          4.08	6.71	12.24	11.88	0.061㈢	   147.08	117526512	  1.96	         28.83亿	广东	11.50	11.87	47858	51179	  0.94	11.81	1829	  1.21	
600410	华胜天成	3.57	0.83	软件服务	1597	7.07	--  	7.26	584483	3750	          5.32	5.86	7.48	7.25	0.046㈢	   117.09	424425440	  1.48	         79.66亿	北京	7.16	7.26	274834	309649	  0.89	7.25	486	  2.45	
600895	张江高科	3.51	0.05	园区开发	2126	18.72	--  	19.16	838006	6227	          5.41	5.30	19.70	19.15	0.296㈢	    48.60	1608378496	  0.82	        296.57亿	上海	19.09	19.19	422177	415828	  1.02	19.15	1152	  2.39	
002312	三泰控股	3.42	0.26	电脑设备	2329	3.89	--  	3.94	726473	10088	          7.16	5.00	4.08	3.93	-0.110㈢	--  	288601888	  1.09	         39.87亿	四川	3.98	3.97	382913	343560	  1.11	3.93	2141	  1.06	
300380	安硕信息	3.42	-0.17	软件服务	519	21.50	--  	22.71	107189	1022	          8.69	11.12	23.94	22.70	0.098㈢	   173.85	245415696	  1.48	         27.99亿	上海	22.07	22.90	50997	56191	  0.91	22.70	13	  1.05	
300295	三六五网	3.41	-0.12	互联网	361	14.44	--  	14.86	132820	1719	          7.47	8.91	15.72	14.86	0.434㈢	    25.70	199409200	  1.38	         26.40亿	江苏	14.45	15.01	66452	66368	  1.00	14.85	92	  1.05	
300043	星辉娱乐	3.41	0.00	文教休闲	584	4.21	--  	4.26	402339	1859	          4.46	6.81	4.49	4.25	0.171㈢	    18.66	175920304	  1.87	         38.36亿	广东	4.35	4.37	190860	211478	  0.90	4.25	2090	  1.04	
000826	启迪桑德	3.40	0.16	环境保护	41	11.76	--  	12.15	364504	4428	          3.07	6.21	12.49	12.15	0.540㈢	    15.37	443699264	  1.65	        144.30亿	湖北	11.90	12.17	184912	179592	  1.03	12.14	273	  1.04	
600649	城投控股	3.36	0.47	区域地产	977	6.28	--  	6.46	400277	2951	          1.65	4.64	6.57	6.46	0.346㈢	    13.99	257788096	  1.20	        156.38亿	上海	6.28	6.44	197478	202799	  0.97	6.45	379	  2.24	
000607	华媒控股	3.32	0.20	广告包装	46	4.85	--  	4.98	133054	1185	          1.50	6.02	5.14	4.98	0.060㈢	    62.23	66524316	  1.35	         44.07亿	浙江	4.86	5.00	57847	75207	  0.77	4.97	84	  0.95	
603888	新华网	3.31	0.54	互联网	1105	21.20	--  	22.47	268137	2787	         15.19	10.31	23.44	22.45	0.336㈢	    50.10	602565504	  0.98	         39.62亿	北京	21.50	22.47	129971	138165	  0.94	22.45	106	  2.19	
002045	国光电器	3.30	0.85	元器件	2294	5.73	--  	5.95	302825	7065	          7.28	4.35	5.98	5.94	-0.150㈢	--  	177221968	  1.23	         24.69亿	广东	5.89	5.85	153106	149718	  1.02	5.94	1637	  0.94	
002054	德美化工	3.12	-0.42	化工原料	408	6.77	--  	6.95	353228	7293	         11.31	4.15	7.05	6.95	0.088㈢	    59.16	242769184	  0.92	         21.70亿	广东	6.83	6.87	164917	188311	  0.88	6.94	540	  0.75	
002154	报 喜 鸟	3.06	0.00	服饰	1079	3.60	--  	3.71	233680	1971	          2.11	4.74	3.77	3.70	0.058㈢	    47.85	86586504	  1.18	         40.97亿	浙江	3.60	3.71	111960	121720	  0.92	3.70	1609	  0.70	
600235	民丰特纸	2.91	-1.26	造纸	2137	7.52	--  	7.79	718091	7098	         20.44	7.54	8.09	7.78	0.054㈢	   108.46	557229696	  0.89	         27.33亿	浙江	7.59	7.76	366216	351874	  1.04	7.78	761	  1.79	
600053	九鼎投资	2.90	-0.21	多元金融	7	26.88	--  	27.34	123865	923	          2.86	4.89	28.18	27.33	0.389㈢	    52.64	340557920	  0.86	        118.49亿	江西	27.52	27.49	61648	62217	  0.99	27.33	34	  1.78	
600831	广电网络	2.89	-0.21	影视音像	133	8.83	--  	8.90	734135	9960	         13.03	7.98	9.52	8.90	0.196㈢	    34.05	669223104	  1.75	         50.15亿	陕西	9.52	9.12	332255	401879	  0.83	8.89	1761	  1.77	
000793	华闻传媒	2.88	0.26	出版业	6053	3.85	--  	3.93	1529312	15184	          7.89	5.50	4.06	3.93	0.011㈢	   256.55	602117184	  0.83	         76.20亿	海南	3.86	3.94	774686	754625	  1.03	3.92	3623	  0.52	
600201	生物股份	2.86	0.37	生物制药	187	15.67	--  	16.16	453087	3318	          4.02	4.39	16.36	16.16	0.710㈢	    20.64	727221248	  1.23	        182.00亿	内蒙	15.84	16.05	234242	218844	  1.07	16.15	2395	  1.74	
600082	海泰发展	2.73	0.00	园区开发	1028	4.83	--  	4.89	252629	2197	          3.99	3.15	4.98	4.89	0.002㈢	  2199.40	123925008	  0.72	         31.00亿	天津	4.83	4.91	104760	147869	  0.71	4.88	2004	  1.61	
002495	佳隆股份	2.52	0.27	食品	2055	3.55	--  	3.67	274806	2334	          4.03	7.00	3.80	3.66	0.033㈢	    82.38	100171880	  0.90	         24.96亿	广东	3.62	3.65	125238	149568	  0.84	3.66	2129	  0.16	
000969	安泰科技	2.50	-0.15	钢加工	120	6.01	--  	6.17	192745	955	          2.13	3.66	6.23	6.16	-0.078㈢	--  	118624928	  0.83	         55.74亿	北京	6.01	6.15	91710	101035	  0.91	6.16	241	  0.13	
600490	鹏欣资源	2.48	0.70	铜	6587	5.62	--  	5.79	712271	9125	          4.78	4.96	5.90	5.78	0.150㈢	    30.71	409313440	  0.95	         86.20亿	上海	5.65	5.75	322529	389741	  0.83	5.78	2924	  1.36	
600210	紫江企业	2.44	0.00	广告包装	5834	4.17	--  	4.20	664242	5637	          4.38	2.68	4.28	4.20	0.258㈢	    12.22	281140608	  0.87	         63.70亿	上海	4.24	4.23	321031	343211	  0.94	4.19	1315	  1.32	
002439	启明星辰	2.40	0.08	软件服务	92	25.66	--  	26.47	179831	1067	          2.88	7.12	27.50	26.47	0.132㈢	   150.47	479287808	  1.27	        165.15亿	北京	26.01	26.65	84631	95200	  0.89	26.46	110	  0.03	
002292	奥飞娱乐	2.37	0.29	影视音像	1118	6.75	--  	6.92	434983	2371	          5.35	4.88	7.08	6.92	0.053㈢	    97.02	300290368	  1.46	         56.29亿	广东	6.88	6.90	192963	242019	  0.80	6.91	721	  0.00	
600266	北京城建	2.37	0.00	区域地产	135	9.42	--  	9.52	324967	2160	          2.07	4.09	9.80	9.52	0.370㈢	    16.68	311364576	  1.26	        149.18亿	北京	9.42	9.58	173077	151890	  1.14	9.51	732	  1.24	
002515	金字火腿	2.36	0.19	食品	219	5.05	--  	5.22	197450	2149	          2.32	5.89	5.35	5.21	0.012㈢	   335.09	102737320	  0.85	         44.26亿	浙江	5.14	5.20	92708	104741	  0.89	5.21	636	 -0.01	
600624	复旦复华	2.36	0.00	综合类	1641	6.87	--  	6.96	397601	3750	          5.81	3.68	7.12	6.95	0.048㈢	   108.06	277699936	  0.71	         47.59亿	上海	6.94	6.98	207839	189762	  1.10	6.95	1195	  1.23	
600645	中源协和	2.34	0.59	生物制药	114	20.24	--  	20.58	185067	1287	          4.82	4.53	21.15	20.57	0.840㈢	    20.30	383939968	  1.03	         78.94亿	天津	20.42	20.75	92232	92834	  0.99	20.57	520	  1.22	
000938	紫光股份	2.34	-0.07	软件服务	402	39.49	--  	39.88	142723	909	          4.95	3.93	41.02	39.86	0.796㈢	    37.53	574379136	  1.33	        115.00亿	北京	39.76	40.24	67854	74869	  0.91	39.86	530	 -0.03	
002575	群兴玩具	2.29	0.00	文教休闲	2606	9.41	--  	9.84	462333	4891	          7.85	8.01	10.18	9.83	0.012㈣	   836.08	452322304	  0.68	         57.87亿	广东	9.76	9.78	246284	216049	  1.14	9.83	1273	 -0.08	
002367	康力电梯	2.27	0.00	运输设备	2035	8.01	--  	8.11	310706	4159	          5.93	5.93	8.48	8.11	0.078㈢	    78.03	255277056	  0.91	         42.52亿	江苏	8.35	8.22	157105	153600	  1.02	8.10	242	 -0.09	
002164	宁波东力	2.22	0.55	电气设备	2596	3.57	--  	3.68	287511	6300	          6.54	3.61	3.70	3.68	-4.564㈢	--  	104778976	  0.99	         16.19亿	浙江	3.62	3.64	133109	154401	  0.86	3.67	1021	 -0.14	
300007	汉威科技	2.21	0.00	电器仪表	252	11.50	--  	11.58	187856	1398	          8.28	7.33	12.33	11.58	0.309㈢	    28.10	222564176	  1.35	         26.28亿	河南	11.85	11.85	98756	89099	  1.11	11.57	170	 -0.16	
002177	御银股份	2.21	-0.23	电脑设备	3834	4.09	--  	4.18	520020	3977	          8.07	6.37	4.35	4.17	0.003㈢	   905.94	218404096	  0.90	         26.88亿	广东	4.19	4.20	264225	255794	  1.03	4.17	2765	 -0.16	
300688	创业黑马	2.17	0.37	综合类	287	42.81	--  	43.30	37227	674	         10.19	3.73	44.39	43.29	0.337㈢	    96.45	162627648	  0.91	         15.82亿	北京	43.09	43.69	17708	19519	  0.91	43.29	12	 -0.19	
300118	东方日升	2.15	0.53	半导体	129	9.40	--  	9.51	218332	903	          3.20	4.51	9.82	9.51	0.233㈢	    30.56	209426544	  0.81	         64.91亿	浙江	9.40	9.59	117996	100335	  1.18	9.50	3598	 -0.22	
002326	永太科技	2.13	0.00	化工原料	1601	8.91	--  	9.10	262612	2784	          4.88	4.71	9.33	9.10	0.485㈢	    14.06	239407840	  1.18	         49.00亿	浙江	9.03	9.12	121691	140921	  0.86	9.09	818	 -0.23	
300340	科恒股份	2.12	-0.16	元器件	1994	17.13	--  	17.34	177103	1520	         11.57	6.54	18.24	17.33	0.240㈢	    54.17	312690528	  1.33	         26.52亿	广东	18.20	17.66	95360	81743	  1.17	17.33	92	 -0.24	
600202	*ST哈空	2.12	0.23	电气设备	1091	4.27	--  	4.34	81034	418	          2.11	2.82	4.39	4.34	0.028㈢	   115.59	35194280	  1.33	         16.64亿	黑龙江	4.32	4.34	39084	41950	  0.93	4.33	148	  1.00	
002534	杭锅股份	2.07	0.00	专用机械	169	6.29	--  	6.42	106296	776	          1.46	4.46	6.57	6.41	0.259㈢	    18.53	68225928	  1.23	         46.60亿	浙江	6.31	6.42	51591	54705	  0.94	6.41	678	 -0.29	
300367	东方网力	2.01	0.18	电脑设备	1325	11.06	--  	11.17	458900	2763	          7.67	4.47	11.55	11.17	0.225㈢	    37.29	516372096	  1.30	         66.87亿	北京	11.26	11.25	244538	214362	  1.14	11.16	344	 -0.36	
300543	朗科智能	2.00	0.22	电气设备	146	18.09	--  	18.39	43967	718	         10.32	4.22	18.85	18.39	0.268㈢	    51.48	81371864	  1.09	          7.83亿	深圳	18.09	18.51	20731	23235	  0.89	18.38	24	 -0.37	
002107	沃华医药	1.97	-0.11	中成药	50	8.10	--  	8.27	40775	1379	          1.17	3.33	8.37	8.27	0.127㈣	    65.35	33560576	  0.93	         28.80亿	山东	8.11	8.23	20558	20216	  1.02	8.26	740	 -0.39	
000010	美丽生态	1.97	0.00	建筑施工	2167	3.56	--  	3.62	113350	2579	          2.17	3.94	3.70	3.62	-0.234㈢	--  	41385668	  0.97	         18.90亿	深圳	3.57	3.65	54552	58797	  0.93	3.61	1785	 -0.39	
300183	东软载波	1.95	0.07	软件服务	219	14.00	--  	14.11	112540	544	          4.20	3.54	14.49	14.10	0.250㈢	    42.35	159893152	  1.39	         37.82亿	山东	14.33	14.21	57707	54833	  1.05	14.10	25	 -0.41	
600605	汇通能源	1.94	-0.35	商贸代理	2775	10.79	--  	11.05	29501	40	          2.00	3.33	11.15	11.01	0.121㈣	    91.21	32466164	  1.21	         16.22亿	上海	10.81	11.01	15432	14068	  1.10	11.01	193	  0.82	
600679	上海凤凰	1.94	0.52	文教休闲	734	11.33	--  	11.56	43540	587	          1.89	2.91	11.66	11.55	0.066㈢	   130.55	50153800	  0.87	         26.63亿	上海	11.38	11.52	20351	23189	  0.88	11.55	263	  0.82	
600290	华仪电气	1.94	0.38	电气设备	4412	5.17	--  	5.25	562815	7485	          7.41	4.08	5.38	5.25	0.023㈢	   173.62	297070976	  0.98	         39.89亿	浙江	5.19	5.28	262492	300323	  0.87	5.24	1214	  0.82	
000610	西安旅游	1.94	-0.11	旅游服务	66	8.33	--  	8.41	256511	1942	         10.90	2.91	8.57	8.40	-0.045㈢	--  	216251152	  0.88	         19.76亿	陕西	8.44	8.43	120520	135990	  0.89	8.40	1167	 -0.42	
600689	上海三毛	1.91	0.27	纺织	277	11.04	--  	11.19	129679	2558	          8.52	3.10	11.38	11.18	0.012㈢	   707.82	145016672	  0.68	         17.02亿	上海	11.23	11.18	62596	67082	  0.93	11.18	221	  0.79	
000532	华金资本	1.90	-0.16	元器件	696	11.80	--  	11.81	183264	1571	          5.34	3.36	12.19	11.81	0.060㈢	   148.27	219115664	  0.81	         40.57亿	广东	12.06	11.96	91158	92106	  0.99	11.80	227	 -0.47	
600105	永鼎股份	1.89	-0.36	通信设备	5694	5.33	--  	5.39	405104	3760	          3.27	3.98	5.54	5.38	0.085㈢	    47.37	220371808	  0.90	         66.62亿	江苏	5.33	5.44	206237	198867	  1.04	5.38	737	  0.77	
000157	中联重科	1.89	-0.22	工程机械	5505	4.23	--  	4.32	809602	4652	          1.29	4.26	4.41	4.31	0.170㈢	    19.37	351305440	  1.69	        271.17亿	湖南	4.24	4.34	342897	466705	  0.73	4.31	1844	 -0.47	
000760	斯太尔	1.89	0.27	汽车配件	6323	3.58	--  	3.79	918321	9122	         14.03	8.63	3.90	3.78	-0.442㈢	--  	342579328	  1.26	         24.74亿	湖北	3.61	3.73	451109	467212	  0.97	3.78	2139	 -0.48	
002141	贤丰控股	1.87	0.20	元器件	443	4.87	--  	4.91	315984	4648	          4.96	3.95	5.06	4.90	0.007㈢	   547.54	156134576	  0.72	         31.19亿	广东	4.90	4.94	175473	140511	  1.25	4.90	1647	 -0.49	
600212	江泉实业	1.85	-0.22	综合类	350	4.30	--  	4.40	351581	1332	          6.87	5.56	4.54	4.40	-0.053㈢	--  	155120896	  1.58	         22.51亿	山东	4.32	4.41	145519	206062	  0.71	4.39	1003	  0.73	
000301	东方盛虹	1.85	0.18	综合类	2531	5.42	--  	5.50	178995	614	          1.47	2.96	5.58	5.50	0.220㈢	    25.56	98757168	  1.18	         67.00亿	江苏	5.43	5.52	90418	88576	  1.02	5.49	2492	 -0.51	
300456	耐威科技	1.85	0.13	元器件	581	29.60	--  	30.31	92021	855	          6.41	4.30	30.88	30.30	0.300㈢	    93.76	278470464	  0.97	         43.50亿	北京	30.10	30.26	46175	45845	  1.01	30.30	71	 -0.52	
600695	绿庭投资	1.84	0.00	多元金融	203	5.99	--  	6.11	401355	6434	         10.95	5.18	6.30	6.10	0.007㈢	   668.04	245935808	  0.78	         22.35亿	上海	6.12	6.13	189234	212120	  0.89	6.10	1039	  0.71	
600630	龙头股份	1.83	-0.12	纺织	1056	7.68	--  	7.80	147724	832	          3.48	3.39	7.94	7.80	0.125㈢	    46.71	115150192	  1.26	         33.14亿	上海	7.69	7.79	66220	81504	  0.81	7.79	321	  0.71	
603708	家家悦	1.83	0.04	超市连锁	26	23.01	--  	23.43	39786	167	          2.53	3.13	23.73	23.42	0.643㈢	    27.30	93550480	  1.24	         36.76亿	山东	23.20	23.51	23516	16270	  1.45	23.42	21	  0.70	
300494	盛天网络	1.82	0.27	互联网	315	10.80	--  	11.18	90564	720	          6.32	7.03	11.57	11.16	0.218㈢	    38.42	101453272	  1.52	         16.00亿	湖北	10.90	11.20	41108	49456	  0.83	11.16	146	 -0.54	
002453	华软科技	1.82	0.00	化工原料	4350	6.06	--  	6.14	202030	1743	          3.64	3.48	6.27	6.14	0.040㈢	   116.34	124657952	  0.88	         34.06亿	江苏	6.11	6.17	102690	99340	  1.03	6.13	599	 -0.54	
300152	科融环境	1.81	1.44	环境保护	6280	2.66	--  	2.82	1080780	11363	         15.16	7.94	2.88	2.82	-0.367㈢	--  	303016800	  1.10	         20.10亿	江苏	2.66	2.80	545920	534859	  1.02	2.81	3049	 -0.56	
002156	通富微电	1.80	0.44	半导体	1091	8.92	--  	9.05	385503	2456	          3.34	4.05	9.28	9.05	0.140㈢	    48.65	350935168	  1.22	        104.39亿	江苏	9.03	9.10	186508	198995	  0.94	9.04	427	 -0.56	
002079	苏州固锝	1.78	0.15	半导体	1062	6.77	--  	6.88	382784	4580	          5.27	3.70	7.02	6.88	0.095㈢	    54.06	264600576	  1.02	         49.98亿	江苏	6.88	6.91	177047	205737	  0.86	6.87	835	 -0.59	
600647	同达创业	1.76	0.84	综合类	180	13.93	--  	14.43	20096	261	          1.44	5.08	14.65	14.43	-0.237㈢	--  	28884424	  0.97	         20.08亿	上海	14.21	14.37	7019	13077	  0.54	14.38	224	  0.64	
600734	实达集团	1.76	0.00	电脑设备	1347	8.46	--  	8.69	502448	4706	         14.17	5.98	8.97	8.68	0.200㈢	    32.61	440360672	  1.06	         30.79亿	福建	8.64	8.76	268996	233452	  1.15	8.68	897	  0.64	
600079	人福医药	1.74	0.36	化学制药	656	10.95	--  	11.13	230474	409	          1.79	3.39	11.32	11.12	0.430㈢	    17.41	257483120	  1.11	        143.01亿	湖北	10.98	11.17	118504	111970	  1.06	11.12	23	  0.62	
000007	全新好	1.74	0.43	酒店餐饮	499	6.90	--  	7.03	226306	1968	          7.33	3.91	7.17	7.03	-0.025㈢	--  	159302832	  0.94	         21.72亿	深圳	6.98	7.04	103649	122656	  0.85	7.02	1121	 -0.63	
002472	双环传动	1.72	0.14	机械基件	561	6.96	--  	7.10	192877	2121	          3.51	4.01	7.24	7.10	0.280㈢	    19.22	137111936	  0.90	         39.06亿	浙江	7.06	7.11	89791	103085	  0.87	7.09	2917	 -0.65	
600770	综艺股份	1.66	0.33	综合类	1283	6.06	--  	6.14	410517	2550	          3.16	4.31	6.32	6.13	0.065㈢	    70.21	253153984	  1.18	         79.69亿	江苏	6.13	6.17	202891	207626	  0.98	6.13	2542	  0.54	
600283	钱江水利	1.60	-0.23	水务	282	12.69	--  	12.74	100103	746	          2.84	2.47	13.00	12.73	0.255㈢	    37.48	128476552	  0.91	         44.94亿	浙江	12.89	12.83	50055	50048	  1.00	12.73	305	  0.47	
000962	东方钽业	1.59	0.13	小金属	587	7.55	--  	7.66	158152	984	          3.59	5.70	7.98	7.66	0.008㈢	   764.97	122075104	  1.11	         33.77亿	宁夏	7.60	7.72	75828	82324	  0.92	7.65	102	 -0.77	
000948	南天信息	1.58	0.30	软件服务	702	13.38	--  	13.47	152946	933	          6.20	6.26	14.21	13.46	0.081㈢	   124.73	209250096	  1.09	         33.18亿	云南	13.48	13.68	75678	77267	  0.98	13.46	67	 -0.78	
000931	中 关 村	1.57	0.00	生物制药	1100	8.28	--  	8.40	268977	2653	          3.83	3.87	8.60	8.40	0.130㈢	    48.29	226741712	  0.79	         58.98亿	北京	8.50	8.43	133665	135312	  0.99	8.39	669	 -0.79	
002543	万和电气	1.57	0.14	家用电器	7	14.10	--  	14.26	30570	358	          0.63	2.85	14.50	14.25	0.644㈢	    16.59	43835160	  1.08	         69.15亿	广东	14.23	14.34	17316	13253	  1.31	14.25	8	 -0.80	
002029	七 匹 狼	1.56	0.14	服饰	591	7.07	--  	7.15	164043	989	          2.17	3.55	7.32	7.15	0.284㈢	    18.88	118136272	  1.16	         54.02亿	福建	7.08	7.20	85930	78113	  1.10	7.14	510	 -0.80	
000863	三湘印象	1.56	0.00	区域地产	79	4.50	--  	4.57	61629	683	          0.67	2.90	4.63	4.56	0.081㈢	    42.37	28177996	  0.73	         41.80亿	上海	4.52	4.57	30426	31202	  0.98	4.56	538	 -0.81	
300051	三五互联	1.55	0.77	互联网	65	6.48	--  	6.55	124607	806	          4.90	3.72	6.72	6.55	0.056㈢	    87.49	82068720	  1.12	         16.64亿	福建	6.49	6.59	52070	72537	  0.72	6.53	211	 -0.81	
600824	益民集团	1.54	0.00	百货	255	3.92	--  	3.96	109152	660	          1.04	2.56	4.02	3.96	0.115㈢	    25.77	43338276	  1.03	         41.74亿	上海	3.92	3.97	57496	51656	  1.11	3.95	754	  0.42	
600820	隧道股份	1.52	0.27	建筑施工	2582	7.21	--  	7.33	426604	5022	          1.36	3.05	7.43	7.33	0.407㈢	    13.51	312973216	  1.38	        230.46亿	上海	7.26	7.34	237375	189229	  1.25	7.32	1062	  0.40	
600143	金发科技	1.52	0.37	塑料	247	5.26	--  	5.37	344101	4262	          1.34	5.11	5.53	5.36	0.241㈢	    16.69	186452512	  1.23	        137.22亿	广东	5.30	5.42	184681	159420	  1.16	5.36	179	  0.39	
603367	辰欣药业	1.49	-0.34	化学制药	74	16.71	--  	17.05	132648	681	          4.61	4.35	17.44	17.04	0.829㈢	    15.42	226788672	  1.55	         49.02亿	山东	16.75	17.10	70801	61847	  1.14	17.04	600	  0.37	
000936	华西股份	1.48	0.24	化纤	1717	8.18	--  	8.25	859485	6909	          9.71	5.05	8.59	8.24	0.331㈢	    18.68	720736256	  0.99	         72.95亿	江苏	8.52	8.39	441196	418288	  1.05	8.24	988	 -0.89	
300288	朗玛信息	1.46	0.00	软件服务	429	15.03	--  	15.26	128735	1047	          6.35	3.99	15.63	15.25	0.230㈢	    49.72	197562544	  1.03	         30.94亿	贵州	15.15	15.35	65130	63605	  1.02	15.25	167	 -0.90	
600021	上海电力	1.45	0.22	火力发电	60	8.93	--  	9.08	128106	1449	          1.50	2.68	9.17	9.08	0.290㈢	    24.97	116214408	  1.21	         77.71亿	上海	8.93	9.07	70554	57552	  1.23	9.07	211	  0.33	
600020	中原高速	1.45	0.00	路桥	10606	4.87	--  	4.91	849894	5326	          3.78	3.93	5.06	4.90	0.290㈢	     8.44	421637408	  0.88	        110.12亿	河南	5.01	4.96	427679	422215	  1.01	4.90	267	  0.33	
000423	东阿阿胶	1.45	-0.10	中成药	9	46.51	--  	46.90	101471	664	          1.55	3.09	47.94	46.90	1.873㈢	    18.78	479262336	  1.28	        306.66亿	山东	46.51	47.23	50919	50551	  1.01	46.89	552	 -0.92	
002195	二三四五	1.45	0.00	软件服务	21461	4.83	--  	4.92	3447748	25561	          7.96	6.40	5.14	4.91	0.250㈢	    15.14	1700538880	  1.02	        212.56亿	上海	4.88	4.93	1717158	1730590	  0.99	4.91	5029	 -0.92	
600846	同济科技	1.44	0.24	综合类	899	8.38	--  	8.47	310271	2734	          4.97	3.36	8.66	8.46	0.235㈢	    26.98	263508752	  0.88	         52.85亿	上海	8.40	8.49	152402	157868	  0.97	8.46	557	  0.32	
300038	数知科技	1.44	0.09	通信设备	1180	11.14	--  	11.28	373234	2685	          5.45	3.78	11.56	11.28	0.473㈢	    17.87	423733728	  1.17	         77.27亿	北京	11.14	11.35	186013	187220	  0.99	11.27	171	 -0.93	
600736	苏州高新	1.44	0.16	园区开发	2155	6.29	--  	6.35	331818	1469	          2.88	3.83	6.53	6.35	0.290㈢	    12.85	212064416	  0.93	         73.11亿	江苏	6.38	6.39	174062	157755	  1.10	6.34	1322	  0.32	
002527	新时达	1.43	-0.30	电器仪表	670	6.30	--  	6.38	142044	874	          3.38	3.18	6.50	6.38	0.080㈢	    57.06	91074104	  1.00	         26.85亿	上海	6.35	6.41	77442	64602	  1.20	6.37	18	 -0.93	
002168	惠程科技	1.42	0.47	电气设备	248	10.52	--  	10.72	203596	4319	          2.58	3.31	10.87	10.72	0.420㈢	    20.09	218167888	  1.21	         84.70亿	深圳	10.57	10.72	95430	108166	  0.88	10.71	812	 -0.95	
600796	钱江生化	1.41	0.00	农药化肥	749	5.71	--  	5.78	88108	322	          2.92	2.46	5.85	5.77	-0.062㈢	--  	50825612	  1.11	         17.39亿	浙江	5.71	5.77	40439	47668	  0.85	5.77	482	  0.28	
600590	泰豪科技	1.40	0.46	电气设备	3	6.45	--  	6.52	146163	964	          1.78	2.95	6.64	6.52	0.186㈢	    26.30	95499184	  1.08	         53.61亿	江西	6.45	6.53	78386	67776	  1.16	6.51	343	  0.28	
300418	昆仑万维	1.39	0.07	互联网	1314	15.08	--  	15.29	247194	1409	          3.89	3.85	15.66	15.29	0.650㈢	    17.85	380162432	  1.13	         97.06亿	北京	15.21	15.38	126363	120831	  1.05	15.28	109	 -0.97	
002731	萃华珠宝	1.38	0.00	服饰	107	19.53	--  	19.79	14912	126	          1.16	1.64	19.85	19.78	0.205㈢	    72.36	29371678	  0.91	         25.44亿	辽宁	19.58	19.70	8110	6801	  1.19	19.78	101	 -0.98	
002740	爱迪尔	1.37	0.15	服饰	549	6.54	--  	6.64	77802	600	          4.75	2.75	6.72	6.64	0.119㈢	    41.68	51579184	  0.92	         10.88亿	深圳	6.55	6.63	38734	39068	  0.99	6.63	155	 -0.99	
600823	世茂股份	1.36	-0.21	全国地产	13959	4.40	--  	4.47	328475	770	          0.88	3.18	4.54	4.46	0.393㈢	     8.50	147079088	  1.38	        167.30亿	上海	4.40	4.48	173631	154844	  1.12	4.46	1635	  0.24	
600355	精伦电子	1.36	0.22	元器件	1185	4.43	--  	4.48	436308	3157	          8.87	4.30	4.62	4.48	0.008㈢	   398.49	196689920	  0.96	         22.05亿	湖北	4.55	4.51	239276	197032	  1.21	4.47	3415	  0.24	
300148	天舟文化	1.35	0.45	出版业	1502	4.44	--  	4.50	456370	4110	          5.70	3.39	4.59	4.49	0.216㈢	    15.61	206060016	  0.79	         35.96亿	湖南	4.49	4.52	229390	226980	  1.01	4.49	4064	 -1.01	
600743	华远地产	1.34	0.33	区域地产	1221	2.95	--  	3.04	399306	4471	          1.70	4.35	3.08	3.03	0.124㈢	    18.27	120508008	  0.97	         71.09亿	北京	3.00	3.02	217273	182032	  1.19	3.03	2109	  0.22	
000836	富通鑫茂	1.33	0.22	通信设备	2337	4.49	--  	4.57	515996	3809	          4.27	4.88	4.71	4.57	0.066㈢	    51.97	237602224	  1.08	         55.23亿	天津	4.51	4.60	267460	248536	  1.08	4.56	402	 -1.03	
000009	中国宝安	1.33	0.19	综合类	717	5.31	--  	5.36	676081	3165	          3.19	5.11	5.58	5.35	0.046㈢	    87.46	368026592	  1.39	        113.41亿	深圳	5.45	5.44	349016	327064	  1.07	5.35	2673	 -1.04	
600064	南京高科	1.32	0.22	园区开发	595	9.12	--  	9.19	453362	2244	          3.67	3.64	9.45	9.19	0.645㈢	    10.69	421196288	  1.01	        113.58亿	江苏	9.26	9.29	229764	223598	  1.03	9.18	636	  0.20	
002209	达 意 隆	1.32	0.13	轻工机械	347	7.60	--  	7.67	93937	606	          6.11	3.04	7.83	7.66	-0.003㈢	--  	72344736	  1.26	         11.78亿	广东	7.71	7.70	49253	44683	  1.10	7.66	141	 -1.04	
002425	凯撒文化	1.32	0.14	互联网	863	6.77	--  	6.91	211038	2336	          2.62	2.64	6.95	6.91	0.229㈢	    22.67	144482160	  1.16	         55.58亿	广东	6.87	6.85	113893	97144	  1.17	6.90	477	 -1.04	
002492	恒基达鑫	1.31	0.00	仓储物流	1236	6.10	--  	6.20	215567	1225	          5.41	2.95	6.28	6.19	0.128㈢	    36.16	133238464	  1.16	         24.64亿	广东	6.12	6.18	102210	113356	  0.90	6.19	855	 -1.06	
300731	科创新源	1.28	0.08	橡胶	129	25.99	--  	26.14	32243	769	          5.49	2.75	26.70	26.14	0.460㈢	    43.13	84920512	  0.97	         15.35亿	深圳	26.00	26.34	14983	17259	  0.87	26.13	13	 -1.09	
002346	柘中股份	1.28	0.15	电气设备	96	13.30	--  	13.50	81063	805	          2.07	3.08	13.71	13.49	0.118㈢	    85.54	109403360	  1.03	         52.92亿	上海	13.56	13.50	40586	40477	  1.00	13.49	404	 -1.09	
600400	红豆股份	1.25	0.00	服饰	1	4.04	--  	4.07	162322	3842	          0.65	1.50	4.10	4.06	0.068㈢	    44.46	66051112	  1.14	        101.35亿	江苏	4.07	4.07	84185	78137	  1.08	4.06	2891	  0.13	
000883	湖北能源	1.21	0.48	火力发电	576	4.11	--  	4.17	196711	1212	          0.30	2.67	4.22	4.17	0.267㈢	    11.70	82140512	  1.05	        271.24亿	湖北	4.12	4.18	94887	101823	  0.93	4.16	422	 -1.15	
000709	河钢股份	1.17	0.00	普钢	6257	3.42	--  	3.45	1263892	4803	          1.19	2.05	3.49	3.45	0.317㈢	     8.15	436637632	  1.09	        366.28亿	河北	3.44	3.45	636585	627306	  1.01	3.44	15672	 -1.19	
600177	雅戈尔	1.17	0.00	服饰	422	8.54	--  	8.65	348163	1854	          0.97	3.27	8.82	8.65	0.654㈢	     9.92	302194464	  1.35	        309.80亿	浙江	8.57	8.68	170723	177439	  0.96	8.64	1046	  0.05	
000533	顺钠股份	1.17	0.00	电气设备	3531	3.40	--  	3.47	513641	5404	          7.50	3.80	3.53	3.46	-0.032㈢	--  	178008432	  0.81	         23.70亿	广东	3.42	3.47	253901	259739	  0.98	3.46	1233	 -1.19	
300467	迅游科技	1.14	-0.07	互联网	327	24.63	--  	24.79	101954	573	          7.73	5.06	25.87	24.78	0.763㈢	    24.37	257349552	  1.16	         32.68亿	四川	24.92	25.24	54028	47925	  1.13	24.78	118	 -1.22	
002089	新 海 宜	1.12	0.00	通信设备	2830	5.35	--  	5.42	901417	6831	          9.63	4.10	5.57	5.42	0.078㈢	    52.09	492252096	  0.78	         50.75亿	江苏	5.41	5.46	490545	410871	  1.19	5.41	935	 -1.25	
002591	恒大高新	1.06	0.13	化工原料	1699	7.55	--  	7.62	74818	501	          4.11	3.19	7.79	7.61	0.076㈢	    74.93	57377092	  0.63	         13.84亿	江西	7.63	7.67	33297	41520	  0.80	7.61	841	 -1.30	
600120	浙江东方	1.05	0.06	商贸代理	120	16.28	--  	16.41	299902	2493	          4.51	4.19	16.96	16.40	0.647㈢	    19.02	497948160	  1.18	        109.08亿	浙江	16.75	16.60	156991	142910	  1.10	16.40	171	 -0.07	
600133	东湖高新	1.04	0.15	园区开发	1048	6.75	--  	6.79	291023	2232	          4.88	2.98	6.95	6.79	0.240㈢	    19.78	199278480	  0.76	         40.53亿	湖北	6.81	6.85	145895	145128	  1.01	6.78	2457	 -0.08	
601828	美凯龙	1.04	0.16	其他商业	600	12.48	--  	12.64	162061	969	          4.09	3.04	12.86	12.64	1.090㈢	     8.09	205046832	  1.10	         50.03亿	上海	12.55	12.65	81620	80440	  1.01	12.63	332	 -0.08	
300477	合纵科技	1.03	0.72	电气设备	18	9.65	--  	9.81	152075	3657	          4.80	3.61	10.00	9.80	0.139㈢	    52.71	149477616	  0.97	         31.07亿	北京	9.70	9.83	80284	71790	  1.12	9.80	130	 -1.33	
000061	农 产 品	1.02	0.00	农业综合	242	5.85	--  	5.92	211972	3160	          1.25	3.75	6.07	5.92	0.028㈢	   159.51	126540936	  1.43	        100.34亿	深圳	5.85	5.97	100814	111157	  0.91	5.91	406	 -1.34	
600530	交大昂立	1.01	0.20	医疗保健	982	4.94	--  	4.99	106906	1134	          1.37	2.43	5.06	4.99	0.106㈢	    35.20	53516992	  1.12	         38.92亿	上海	4.97	5.01	52375	54530	  0.96	4.98	352	 -0.11	
002063	远光软件	0.99	-0.11	软件服务	1741	8.08	--  	8.16	331512	1522	          4.35	3.72	8.38	8.15	0.154㈢	    39.67	273227232	  1.19	         62.06亿	广东	8.16	8.24	164971	166541	  0.99	8.15	239	 -1.37	
300086	康芝药业	0.99	-0.15	化学制药	633	6.06	--  	6.15	132559	1666	          3.04	2.96	6.24	6.14	0.101㈢	    45.58	81700040	  1.18	         26.75亿	海南	6.08	6.16	61829	70730	  0.87	6.14	1626	 -1.38	
600257	大湖股份	0.97	0.19	渔业	1109	5.14	--  	5.19	183964	1803	          4.31	2.72	5.28	5.19	0.046㈢	    84.81	95804728	  1.23	         22.16亿	湖南	5.16	5.21	87051	96912	  0.90	5.18	809	 -0.15	
002524	光正集团	0.97	0.39	供气供热	1058	5.06	--  	5.19	192857	1001	          3.85	5.84	5.36	5.19	-0.021㈢	--  	100455752	  1.32	         26.00亿	新疆	5.15	5.21	105346	87510	  1.20	5.18	520	 -1.39	
603596	伯特利	0.97	0.00	汽车配件	859	21.60	--  	21.86	57965	617	         14.19	2.87	22.22	21.85	0.580㈢	    29.70	126922016	  0.80	          8.93亿	安徽	21.86	21.90	29250	28714	  1.02	21.85	297	 -0.15	
002489	浙江永强	0.96	0.32	家居用品	577	3.12	--  	3.17	216111	2496	          1.16	3.19	3.22	3.16	-0.052㈢	--  	68500400	  0.99	         59.11亿	浙江	3.17	3.17	108095	108015	  1.00	3.16	1096	 -1.41	
603906	龙蟠科技	0.94	0.10	化工原料	256	9.56	--  	9.63	40593	337	          4.35	2.41	9.79	9.63	0.250㈢	    32.95	39368272	  0.93	          8.99亿	江苏	9.56	9.70	24169	16424	  1.47	9.62	2	 -0.18	
600171	上海贝岭	0.93	0.67	半导体	795	11.83	--  	11.95	386606	2164	          5.74	3.55	12.25	11.94	0.126㈢	    70.85	465697664	  1.14	         80.45亿	上海	12.12	12.05	195211	191395	  1.02	11.94	1011	 -0.19	
002613	北玻股份	0.92	-0.29	专用机械	924	3.26	--  	3.31	134324	1027	          2.13	2.75	3.35	3.30	0.083㈢	    29.75	44419368	  0.86	         20.78亿	河南	3.28	3.31	72345	61979	  1.17	3.30	538	 -1.45	
600730	中国高科	0.91	0.00	综合类	879	5.48	--  	5.54	230964	852	          3.94	5.47	5.78	5.53	0.006㈢	   715.95	129845008	  1.58	         32.44亿	北京	5.48	5.62	110725	120239	  0.92	5.53	353	 -0.21	
300359	全通教育	0.90	0.15	文教休闲	2734	6.66	--  	6.70	241981	1681	          4.79	3.32	6.88	6.69	0.009㈢	   533.71	163843664	  0.87	         33.77亿	广东	6.69	6.77	116348	125633	  0.93	6.69	1266	 -1.46	
002559	亚威股份	0.90	0.13	机床制造	162	7.80	--  	7.87	84645	373	          2.76	2.56	8.00	7.87	0.233㈢	    25.33	66981536	  0.96	         24.12亿	江苏	7.80	7.91	46958	37687	  1.25	7.86	10	 -1.47	
002125	湘潭电化	0.86	0.00	化工原料	334	8.12	--  	8.18	54834	565	          1.59	2.84	8.35	8.17	0.180㈢	    34.06	45106480	  0.89	         28.24亿	湖南	8.18	8.23	28436	26398	  1.08	8.17	428	 -1.50	
600648	外高桥	0.84	0.13	园区开发	155	15.45	--  	15.58	70029	559	          0.75	2.65	15.86	15.58	0.585㈢	    19.99	109783648	  1.24	        145.64亿	上海	15.52	15.68	36861	33167	  1.11	15.55	805	 -0.28	
002058	威 尔 泰	0.84	-0.07	电器仪表	57	13.07	--  	13.20	35745	421	          2.49	2.67	13.42	13.20	0.008㈢	  1189.89	47362128	  0.80	         18.94亿	上海	13.18	13.25	16571	19173	  0.86	13.19	3	 -1.52	
300311	任子行	0.83	0.41	软件服务	2445	7.25	--  	7.33	414030	4422	          9.01	5.79	7.67	7.32	0.160㈢	    33.85	307325376	  1.24	         33.63亿	广东	7.35	7.42	210399	203630	  1.03	7.32	292	 -1.54	
600487	亨通光电	0.83	0.14	通信设备	2808	21.87	--  	21.99	807769	4202	          4.34	3.58	22.65	21.98	1.107㈢	    14.89	1802769536	  1.15	        408.90亿	江苏	22.43	22.32	413474	394295	  1.05	21.98	561	 -0.30	
600198	*ST大唐	0.81	-0.10	通信设备	498	8.60	--  	8.71	181759	1548	          2.08	4.28	8.97	8.71	0.286㈢	    22.84	160583088	  1.03	         76.24亿	北京	8.65	8.83	94227	87532	  1.08	8.70	23	 -0.31	
000429	粤高速Ａ	0.80	0.11	路桥	351	8.77	--  	8.86	100454	697	          2.14	1.37	8.89	8.86	0.584㈢	    11.39	88678880	  0.93	         41.54亿	广东	8.78	8.83	46951	53503	  0.88	8.85	1739	 -1.57	
600373	中文传媒	0.78	0.35	出版业	138	14.00	--  	14.19	141083	638	          1.02	3.91	14.55	14.18	0.876㈢	    12.14	201401552	  1.22	        195.39亿	江西	14.18	14.28	74092	66990	  1.11	14.18	251	 -0.34	
600160	巨化股份	0.77	-0.12	化工原料	530	7.79	--  	7.86	415374	1107	          1.56	2.70	8.00	7.85	0.602㈢	     9.78	328142976	  1.14	        208.69亿	浙江	7.83	7.90	195830	219543	  0.89	7.85	1239	 -0.35	
600330	天通股份	0.77	-0.12	元器件	570	7.74	--  	7.88	407684	2634	          4.09	4.23	8.07	7.87	0.234㈢	    25.22	322621120	  0.81	         78.43亿	浙江	7.87	7.91	210251	197433	  1.06	7.87	3177	 -0.35	
600175	美都能源	0.77	0.38	综合类	15993	2.56	--  	2.63	1840492	18720	          7.51	5.36	2.70	2.63	0.041㈢	    48.50	485301888	  0.86	         64.46亿	浙江	2.57	2.64	918419	922072	  1.00	2.62	21011	 -0.36	
000018	神州长城	0.74	0.00	装修装饰	1831	2.67	--  	2.74	636963	6821	          6.40	5.17	2.81	2.73	0.015㈢	   136.45	174520528	  0.76	         27.18亿	深圳	2.70	2.74	335489	301473	  1.11	2.73	4195	 -1.63	
002383	合众思壮	0.73	0.07	通信设备	417	13.83	--  	13.90	230691	1547	          4.75	3.26	14.28	13.89	0.350㈢	    29.63	323674400	  0.98	         67.52亿	北京	13.88	14.03	120818	109872	  1.10	13.89	158	 -1.64	
002619	艾格拉斯	0.72	0.48	互联网	1081	4.12	--  	4.19	531825	2865	          3.81	5.54	4.35	4.18	0.190㈢	    16.51	224424464	  1.24	         58.38亿	浙江	4.17	4.22	269388	262437	  1.03	4.18	1092	 -1.64	
002011	盾安环境	0.72	0.00	工程机械	1288	5.54	--  	5.60	419197	3251	          4.98	4.86	5.81	5.59	0.045㈢	    92.94	237375024	  0.79	         47.02亿	浙江	5.60	5.66	213516	205680	  1.04	5.59	3358	 -1.64	
300521	爱司凯	0.71	0.62	专用机械	35	11.18	--  	11.37	52136	778	          5.50	3.28	11.55	11.36	0.127㈢	    67.22	59194800	  0.80	         10.78亿	广东	11.31	11.35	28080	24055	  1.17	11.36	75	 -1.66	
600336	澳柯玛	0.70	0.00	家用电器	51	4.28	--  	4.32	116420	1122	          1.59	3.74	4.44	4.31	0.060㈢	    52.47	50537164	  0.90	         31.56亿	山东	4.28	4.34	59292	57127	  1.04	4.31	604	 -0.42	
600747	ST大控	0.69	-0.67	多元金融	4264	1.45	--  	1.47	199598	1664	          1.88	3.45	1.50	1.46	-0.002㈢	--  	29410610	  1.00	         15.54亿	辽宁	1.45	1.47	95867	103730	  0.92	1.46	3633	 -0.43	
000913	钱江摩托	0.69	0.39	摩托车	407	10.04	--  	10.25	50299	726	          1.11	3.24	10.37	10.25	0.162㈢	    47.42	51564036	  1.29	         46.49亿	浙江	10.04	10.25	23217	27082	  0.86	10.24	214	 -1.68	
600461	洪城水业	0.68	0.00	水务	7648	5.87	--  	5.93	109686	3622	          1.85	2.04	5.99	5.92	0.301㈢	    14.73	65106104	  1.37	         35.16亿	江西	5.90	5.94	52234	57452	  0.91	5.92	481	 -0.44	
600898	国美通讯	0.67	0.00	通信设备	365	8.90	--  	8.95	54374	956	          2.15	2.59	9.13	8.95	-0.406㈢	--  	49065744	  0.92	         22.60亿	山东	8.96	9.02	27244	27129	  1.00	8.94	66	 -0.45	
002038	双鹭药业	0.67	0.00	生物制药	85	27.01	--  	27.24	178282	1257	          3.14	2.62	27.72	27.23	0.777㈢	    26.29	488532000	  1.06	        154.38亿	北京	27.28	27.40	95167	83115	  1.15	27.23	78	 -1.70	
603389	亚振家居	0.66	0.38	家居用品	415	10.45	--  	10.69	127522	2496	         20.25	4.81	10.96	10.68	-0.096㈢	--  	136828992	  0.84	          6.72亿	江苏	10.70	10.73	63338	64183	  0.99	10.68	1268	 -0.46	
600310	桂东电力	0.64	-0.41	水力发电	1028	4.72	--  	4.74	206330	1248	          2.49	4.46	4.93	4.74	0.012㈢	   306.87	99416456	  0.96	         39.24亿	广西	4.75	4.82	108834	97495	  1.12	4.73	3012	 -0.48	
601999	出版传媒	0.63	0.48	出版业	172	6.26	--  	6.34	62856	753	          1.14	4.60	6.55	6.34	0.220㈢	    21.60	40278388	  0.97	         34.93亿	辽宁	6.30	6.41	31640	31216	  1.01	6.33	174	 -0.49	
600755	厦门国贸	0.62	0.37	商贸代理	1969	8.02	--  	8.07	628678	4646	          3.46	2.74	8.24	8.07	0.700㈢	     6.20	510339392	  1.01	        146.57亿	福建	8.07	8.12	327400	301278	  1.09	8.06	1216	 -0.50	
002103	广博股份	0.62	0.00	文教休闲	1778	4.80	--  	4.85	288476	3577	          7.71	3.53	4.97	4.85	0.098㈢	    37.13	140973328	  0.82	         18.15亿	浙江	4.81	4.89	129103	159373	  0.81	4.84	3290	 -1.74	
600300	维维股份	0.62	0.00	软饮料	5782	3.21	--  	3.24	362493	2455	          2.17	2.80	3.30	3.24	0.059㈢	    41.35	118111904	  1.04	         54.17亿	江苏	3.21	3.26	166943	195550	  0.85	3.23	12	 -0.50	
000887	中鼎股份	0.60	0.26	橡胶	20	11.61	--  	11.70	210846	1413	          1.73	3.18	11.98	11.70	0.860㈢	    10.20	249141168	  0.99	        142.57亿	安徽	11.86	11.82	119584	91261	  1.31	11.69	50	 -1.76	
002602	世纪华通	0.59	0.05	汽车配件	144	20.20	--  	20.34	182329	1700	          1.11	1.98	20.60	20.33	0.377㈢	    40.46	370616704	  1.33	        333.43亿	浙江	20.27	20.33	104931	77397	  1.36	20.33	99	 -1.77	
600227	圣济堂	0.57	0.29	农药化肥	3132	3.46	--  	3.51	553608	3880	          4.45	3.74	3.59	3.50	0.112㈢	    23.44	194624544	  1.04	         43.59亿	贵州	3.50	3.52	291298	262309	  1.11	3.50	4125	 -0.55	
000998	隆平高科	0.57	0.32	种植业	532	15.63	--  	15.80	200885	754	          2.08	3.18	16.13	15.79	0.060㈢	   201.94	320053568	  1.14	        152.41亿	湖南	15.72	15.93	91314	109571	  0.83	15.79	485	 -1.79	
300438	鹏辉能源	0.57	0.28	电气设备	155	21.09	--  	21.25	72625	323	          3.41	4.31	22.00	21.21	0.958㈢	    16.60	156800576	  0.95	         45.24亿	广东	21.36	21.59	36035	36589	  0.98	21.21	75	 -1.80	
002708	光洋股份	0.54	0.22	汽车配件	284	9.21	--  	9.26	296177	5419	          7.96	4.89	9.66	9.25	0.047㈢	   146.16	278601824	  0.81	         34.44亿	江苏	9.46	9.41	148633	147543	  1.01	9.25	1955	 -1.82	
600784	鲁银投资	0.54	0.18	普钢	433	5.59	--  	5.64	109542	814	          1.93	2.68	5.74	5.63	0.114㈢	    36.89	61990244	  0.87	         31.99亿	山东	5.63	5.66	54948	54594	  1.01	5.63	130	 -0.59	
601333	广深铁路	0.52	0.00	铁路	10982	3.81	--  	3.85	784313	7100	          1.39	3.40	3.94	3.84	0.136㈢	    21.17	302513440	  1.39	        217.05亿	深圳	3.84	3.86	347667	436646	  0.80	3.84	10790	 -0.60	
002735	王子新材	0.52	-0.03	塑料	85	23.29	--  	23.43	10944	161	          2.57	2.02	23.76	23.42	0.373㈢	    47.10	25720912	  0.71	          9.96亿	深圳	23.29	23.50	6420	4524	  1.42	23.42	55	 -1.85	
600843	上工申贝	0.51	0.38	纺织机械	10	7.87	--  	7.94	62725	329	          2.06	2.28	8.05	7.94	0.246㈢	    24.20	49897092	  1.12	         24.19亿	上海	7.98	7.95	34079	28646	  1.19	7.93	271	 -0.62	
600366	宁波韵升	0.49	0.33	电器仪表	1656	6.06	--  	6.12	314809	1169	          3.18	3.45	6.27	6.11	0.066㈢	    69.45	193889600	  1.03	         60.43亿	浙江	6.14	6.16	166468	148341	  1.12	6.11	1410	 -0.63	
600880	博瑞传播	0.49	0.00	广告包装	1941	4.08	--  	4.11	182776	749	          1.67	2.45	4.18	4.10	0.021㈢	   143.69	75710880	  1.12	         44.81亿	四川	4.08	4.14	89551	93225	  0.96	4.10	1722	 -0.63	
000881	中广核技	0.48	-0.11	综合类	86	8.34	--  	8.38	91732	1007	          2.98	2.76	8.57	8.37	0.184㈢	    34.12	77465352	  1.05	         25.78亿	辽宁	8.34	8.44	46924	44808	  1.05	8.37	11	 -1.88	
603039	泛微网络	0.48	-0.71	软件服务	1	88.46	--  	89.28	4296	36	          1.08	2.88	91.00	88.63	0.600㈢	   115.10	38524344	  0.60	         35.36亿	上海	88.50	89.67	2822	1474	  1.91	88.63	2	 -0.65	
000657	中钨高新	0.47	-0.15	小金属	33	6.34	--  	6.38	139929	741	          3.08	3.15	6.54	6.37	0.150㈢	    40.65	89880672	  1.03	         28.90亿	海南	6.39	6.42	74950	64978	  1.15	6.37	30	 -1.89	
002721	金一文化	0.47	0.15	服饰	1895	6.40	--  	6.47	238934	2767	          3.98	3.88	6.65	6.47	0.013㈢	   384.62	155427696	  0.88	         38.82亿	北京	6.42	6.51	114541	124392	  0.92	6.46	88	 -1.90	
002286	保龄宝	0.46	0.00	食品	242	6.53	--  	6.56	56730	181	          1.73	2.76	6.71	6.56	0.119㈢	    41.45	37479900	  0.92	         21.56亿	山东	6.57	6.61	29034	27695	  1.05	6.55	313	 -1.91	
600884	杉杉股份	0.45	0.19	综合类	1530	15.59	--  	15.77	362991	1665	          3.23	3.63	16.16	15.77	0.939㈢	    12.60	576018432	  1.22	        177.06亿	浙江	15.95	15.87	203310	159681	  1.27	15.76	336	 -0.68	
600462	ST九有	0.43	0.00	元器件	532	2.30	--  	2.34	294465	3598	          5.52	3.02	2.37	2.33	-0.023㈢	--  	68686656	  0.91	         12.44亿	深圳	2.33	2.33	168985	125479	  1.35	2.33	2020	 -0.69	
300695	兆丰股份	0.43	-0.12	汽车配件	4	62.90	--  	63.29	8951	80	          5.37	2.54	64.50	63.28	2.026㈢	    23.42	56839632	  1.04	         10.55亿	浙江	64.50	63.50	4846	4104	  1.18	63.28	1	 -1.94	
002510	天汽模	0.43	0.00	汽车配件	5139	4.63	--  	4.72	441074	3425	          5.61	3.41	4.79	4.71	0.110㈢	    31.75	207320224	  0.99	         37.06亿	天津	4.69	4.70	220492	220581	  1.00	4.71	1273	 -1.94	
300617	安靠智电	0.41	0.21	电气设备	92	24.00	--  	24.21	19139	368	          5.21	2.70	24.65	24.20	0.753㈣	    32.15	46524672	  0.84	          8.88亿	江苏	24.01	24.31	10468	8671	  1.21	24.19	100	 -1.95	
600596	新安股份	0.40	0.24	农药化肥	2671	12.56	--  	12.70	556471	3779	          8.10	3.16	12.96	12.69	1.651㈢	     5.76	709149120	  1.14	         87.18亿	浙江	12.68	12.74	278393	278078	  1.00	12.69	1883	 -0.73	
002571	德力股份	0.38	0.38	玻璃	68	5.24	--  	5.29	94222	1567	          3.72	2.85	5.39	5.28	-0.107㈢	--  	50197524	  0.91	         13.37亿	安徽	5.30	5.33	45593	48629	  0.94	5.28	214	 -1.98	
000039	中集集团	0.37	0.22	轻工机械	425	13.42	--  	13.50	266106	1674	          2.10	3.49	13.89	13.50	0.760㈢	    13.04	363051840	  1.23	        171.17亿	深圳	13.62	13.64	136662	129443	  1.06	13.49	2784	 -1.99	
300119	瑞普生物	0.37	0.18	生物制药	239	10.65	--  	10.87	129285	1046	          6.31	4.90	11.18	10.86	0.262㈢	    31.10	141118064	  1.48	         22.24亿	天津	10.86	10.92	70838	58446	  1.21	10.86	127	 -1.99	
002261	拓维信息	0.36	-0.35	互联网	2004	5.46	--  	5.52	676091	10127	          7.43	5.64	5.77	5.52	0.046㈢	    90.90	379094112	  0.98	         50.20亿	湖南	5.54	5.61	351571	324519	  1.08	5.51	2487	 -2.00	
600352	浙江龙盛	0.36	0.00	染料涂料	1800	10.92	--  	11.07	703132	5334	          2.16	2.99	11.25	11.06	0.977㈢	     8.49	779510720	  1.21	        359.82亿	浙江	11.09	11.09	365635	337496	  1.08	11.06	1331	 -0.76	
300067	安诺其	0.35	0.18	染料涂料	144	5.62	--  	5.68	122570	672	          2.45	3.18	5.80	5.68	0.177㈢	    24.11	69880272	  0.83	         28.38亿	上海	5.66	5.70	67321	55249	  1.22	5.67	430	 -2.01	
300018	中元股份	0.35	0.00	电气设备	1202	5.74	--  	5.79	232951	3562	          6.39	3.64	5.95	5.79	0.006㈢	   680.83	136188048	  0.78	         21.12亿	湖北	5.89	5.85	119372	113578	  1.05	5.78	60	 -2.02	
600387	海越能源	0.34	0.00	石油贸易	393	8.75	--  	8.81	176593	809	          4.58	2.74	8.99	8.80	0.616㈢	    10.71	156599568	  1.22	         33.94亿	浙江	8.82	8.87	85755	90837	  0.94	8.80	1035	 -0.78	
300251	光线传媒	0.34	0.00	影视音像	3839	8.87	--  	8.94	680627	5199	          2.47	3.15	9.15	8.93	0.779㈢	     8.60	613313408	  1.00	        245.76亿	北京	9.00	9.01	340271	340355	  1.00	8.93	1963	 -2.03	
002647	仁东控股	0.34	0.20	多元金融	60	14.74	--  	14.97	50455	639	          0.90	3.89	15.32	14.96	0.053㈢	   211.28	75472592	  0.71	         83.77亿	浙江	14.93	14.96	26828	23626	  1.14	14.96	4	 -2.03	
002026	山东威达	0.32	-0.30	机械基件	1496	6.29	--  	6.35	105302	985	          2.85	3.48	6.51	6.34	0.351㈢	    13.56	67312704	  1.21	         23.43亿	山东	6.32	6.39	51460	53841	  0.96	6.34	210	 -2.05	
300243	瑞丰高材	0.31	0.00	化工原料	359	9.60	--  	9.64	34601	356	          2.06	2.08	9.80	9.64	0.390㈢	    18.86	33544040	  1.07	         16.21亿	山东	9.61	9.69	17983	16618	  1.08	9.63	425	 -2.05	
002663	普邦股份	0.30	0.30	建筑施工	3319	3.28	--  	3.35	736550	7877	          5.89	5.69	3.47	3.35	0.077㈢	    32.46	248223264	  0.88	         41.87亿	广东	3.38	3.37	396590	339959	  1.17	3.34	1349	 -2.07	
603103	横店影视	0.29	-0.07	影视音像	78	23.90	--  	24.07	46146	399	          8.71	2.29	24.45	24.07	0.713㈢	    25.31	111598232	  1.06	         12.76亿	浙江	23.90	24.18	23134	23011	  1.01	24.06	170	 -0.83	
601599	鹿港文化	0.28	-0.27	影视音像	2356	3.58	--  	3.60	208878	3547	          2.34	3.34	3.70	3.60	0.073㈢	    37.19	75784168	  1.23	         32.14亿	江苏	3.58	3.63	103622	105255	  0.98	3.59	4337	 -0.84	
000058	深 赛 格	0.25	0.00	元器件	3212	7.90	--  	8.01	321888	4159	          5.98	5.39	8.33	8.00	0.112㈢	    53.70	259519600	  0.78	         43.04亿	深圳	8.10	8.06	151509	170379	  0.89	8.00	2097	 -2.11	
600862	中航高科	0.25	0.25	航空	469	7.95	--  	8.04	210033	1671	          1.51	3.12	8.20	8.03	0.167㈢	    36.13	169655936	  1.00	        111.86亿	江苏	8.02	8.08	117955	92078	  1.28	8.03	107	 -0.87	
300256	星星科技	0.25	0.00	元器件	5101	3.98	--  	4.03	690180	7461	          8.90	3.48	4.12	4.03	0.074㈢	    40.59	278842112	  1.28	         31.24亿	浙江	4.08	4.04	355914	334265	  1.06	4.02	179	 -2.12	
000850	华茂股份	0.25	0.25	纺织	34	4.00	--  	4.04	175443	1344	          1.86	3.48	4.14	4.03	0.142㈢	    21.31	71361120	  0.92	         38.02亿	安徽	4.08	4.07	92561	82882	  1.12	4.03	205	 -2.12	
600641	万业企业	0.19	0.09	区域地产	615	10.63	--  	10.70	122431	1454	          1.52	1.97	10.84	10.69	1.141㈢	     7.02	131320344	  1.58	         86.18亿	上海	10.76	10.73	65146	57285	  1.14	10.69	246	 -0.93	
603058	永吉股份	0.18	0.09	广告包装	512	11.00	--  	11.14	111326	751	          4.88	3.24	11.36	11.13	0.210㈢	    39.36	124151296	  1.89	         25.38亿	贵州	11.12	11.15	60921	50405	  1.21	11.13	46	 -0.94	
000729	燕京啤酒	0.15	0.15	啤酒	837	6.39	--  	6.48	253798	2460	          1.01	3.25	6.60	6.47	0.217㈢	    22.39	164904960	  1.75	        162.36亿	北京	6.47	6.50	134574	119223	  1.13	6.47	358	 -2.21	
002687	乔治白	0.15	0.31	服饰	563	6.42	--  	6.49	195039	1708	          6.11	2.78	6.60	6.49	0.166㈢	    29.27	126927640	  1.25	         20.73亿	浙江	6.54	6.51	102023	93016	  1.10	6.48	688	 -2.21	
002438	江苏神通	0.15	0.15	机械基件	301	6.69	--  	6.77	79209	162	          2.13	2.37	6.85	6.77	0.127㈢	    40.09	53644892	  1.26	         25.15亿	江苏	6.78	6.77	39791	39418	  1.01	6.76	224	 -2.22	
002328	新朋股份	0.14	0.29	汽车配件	142	6.92	--  	7.02	279396	2514	          8.59	4.28	7.22	7.02	0.163㈢	    32.39	196951136	  1.03	         22.82亿	上海	7.15	7.05	155251	124145	  1.25	7.01	203	 -2.22	
002722	金轮股份	0.12	0.18	纺织机械	86	16.40	--  	16.64	57410	656	          3.33	4.27	17.11	16.64	0.555㈢	    22.48	96081456	  1.21	         28.66亿	江苏	16.75	16.74	30427	26983	  1.13	16.63	139	 -2.24	
002407	多氟多	0.07	-0.12	化工原料	959	14.61	--  	14.80	344628	3901	          6.34	3.99	15.20	14.80	0.260㈢	    45.05	516213056	  0.86	         80.44亿	河南	14.92	14.98	180896	163731	  1.10	14.79	935	 -2.30	
600981	汇鸿集团	0.00	-0.20	商贸代理	1212	4.67	--  	4.70	213597	2076	          2.92	2.99	4.81	4.69	0.437㈢	     8.05	101100904	  0.91	         34.28亿	江苏	4.74	4.73	116226	97370	  1.19	4.69	870	 -1.12	
600870	*ST厦华	0.00	0.00	家用电器	303	3.36	--  	3.39	37175	351	          0.71	2.65	3.45	3.39	-0.016㈢	--  	12569746	  0.94	         17.74亿	福建	3.40	3.38	20849	16326	  1.28	3.38	38	 -1.12	
600781	辅仁药业	0.00	0.00	中成药	233	14.00	--  	14.23	118720	1018	          3.17	3.37	14.48	14.23	1.166㈢	     9.16	169518368	  1.49	         53.26亿	河南	14.23	14.28	69483	49237	  1.41	14.22	15	 -1.12	
600463	空港股份	0.00	0.00	园区开发	188	7.95	--  	7.99	76978	282	          2.57	2.51	8.15	7.98	-0.015㈢	--  	61819784	  1.13	         23.94亿	北京	8.05	8.03	34927	42050	  0.83	7.98	84	 -1.12	
600321	*ST正源	0.00	0.44	其他建材	4044	2.27	--  	2.29	148115	357	          0.98	3.06	2.34	2.29	0.012㈢	   141.87	34132168	  1.16	         34.59亿	四川	2.30	2.30	90351	57763	  1.56	2.28	98	 -1.12	
600250	南纺股份	0.00	-0.23	商贸代理	349	8.34	--  	8.41	74747	992	          2.89	3.10	8.60	8.40	0.068㈢	    92.44	63102456	  0.95	         21.73亿	江苏	8.53	8.44	38864	35883	  1.08	8.40	92	 -1.12	
600145	*ST新亿	0.00	0.00	陶瓷	0	--  	--  	--  	0	0	          0.00	0.00	--  	1.87	0.028㈢	    49.79	0	  0.00	         27.88亿	新疆	--  	1.87	0	0	--  	--  	0	 -1.12	
600070	浙江富润	0.00	-0.12	纺织	664	7.76	--  	7.84	159088	1896	          3.96	4.09	8.08	7.83	0.272㈢	    21.59	125712024	  0.78	         31.44亿	浙江	7.92	7.90	81836	77252	  1.06	7.83	293	 -1.12	
300512	中亚股份	0.00	-0.05	专用机械	427	15.50	--  	15.61	75510	893	          9.70	2.88	15.95	15.61	0.552㈢	    21.23	118573024	  1.04	         12.15亿	浙江	15.65	15.70	39435	36074	  1.09	15.60	38	 -2.36	
002666	德联集团	0.00	0.40	化工原料	1943	4.92	--  	4.98	234533	2138	          5.30	3.01	5.07	4.98	0.126㈢	    29.63	117232064	  0.81	         22.05亿	广东	5.00	5.00	125313	109220	  1.15	4.97	357	 -2.36	
002301	齐心集团	0.00	0.20	文教休闲	215	9.79	--  	9.92	88527	357	          1.38	6.16	10.40	9.91	0.218㈢	    34.07	89489448	  1.49	         63.47亿	深圳	10.04	10.11	55154	33372	  1.65	9.91	68	 -2.36	
002245	澳洋顺昌	0.00	0.00	仓储物流	3110	4.81	--  	4.83	301195	1573	          3.29	2.70	4.94	4.82	0.229㈣	    21.08	146634544	  0.81	         44.07亿	江苏	4.84	4.87	151044	150151	  1.01	4.82	1448	 -2.36	
002122	*ST天马	0.00	0.49	机械基件	4534	2.01	--  	2.04	262698	1067	          2.22	2.94	2.07	2.04	-0.173㈢	--  	53630044	  1.07	         24.16亿	浙江	2.05	2.04	148839	113858	  1.31	2.03	318	 -2.36	
000811	冰轮环境	0.00	0.00	工程机械	1905	6.26	--  	6.28	281952	10714	          4.32	4.94	6.57	6.28	0.300㈢	    15.71	180962336	  1.37	         41.01亿	山东	6.30	6.42	141125	140827	  1.00	6.27	20577	 -2.36	
000753	漳州发展	0.00	0.00	汽车服务	2440	3.51	--  	3.54	326553	2958	          3.69	3.12	3.62	3.53	0.056㈢	    47.56	116500872	  0.66	         31.21亿	福建	3.53	3.57	176251	150302	  1.17	3.53	3326	 -2.36	
002001	新 和 成	-0.06	-0.05	化学制药	397	17.52	--  	17.66	515653	7197	          2.43	3.96	18.22	17.65	1.181㈢	    11.21	922551744	  1.28	        374.44亿	浙江	17.77	17.89	275050	240602	  1.14	17.65	179	 -2.42	
000628	高新发展	-0.09	0.00	园区开发	473	10.73	--  	10.81	111317	1338	          5.92	3.33	11.09	10.81	0.044㈢	   184.67	121575200	  0.87	         20.32亿	四川	10.95	10.92	60988	50329	  1.21	10.80	36	 -2.46	
000851	高鸿股份	-0.17	0.00	软件服务	6507	5.88	--  	5.96	788235	6700	          9.20	7.87	6.35	5.96	0.039㈢	   113.54	480487264	  1.38	         51.07亿	贵州	6.08	6.10	443538	344697	  1.29	5.95	1518	 -2.53	
000158	常山北明	-0.17	0.52	纺织	940	5.77	--  	5.82	277276	862	          1.71	3.95	6.00	5.82	0.024㈢	   181.64	163466800	  1.10	         94.53亿	河北	5.90	5.90	146856	130419	  1.13	5.81	320	 -2.54	
300210	森远股份	-0.22	-0.21	专用机械	637	4.56	--  	4.63	164797	1472	          4.12	4.10	4.75	4.62	0.052㈢	    66.67	76928640	  0.99	         18.49亿	辽宁	4.64	4.67	77890	86907	  0.90	4.62	602	 -2.58	
000966	长源电力	-0.24	0.24	火力发电	1281	4.11	--  	4.16	256357	4084	          2.31	3.60	4.26	4.16	0.153㈢	    20.38	107591608	  0.88	         46.10亿	湖北	4.19	4.20	152516	103841	  1.47	4.15	2879	 -2.60	
300032	金龙机电	-0.27	0.54	元器件	3236	3.67	--  	3.71	595525	3557	          7.54	5.91	3.89	3.71	-1.935㈢	--  	223560160	  1.23	         29.29亿	浙江	3.71	3.75	320438	275087	  1.16	3.70	2589	 -2.63	
000997	新 大 陆	-0.28	0.00	软件服务	2191	17.45	--  	17.55	207602	741	          2.07	3.87	18.13	17.54	0.470㈢	    28.66	369630432	  1.09	        176.18亿	福建	17.76	17.80	106760	100841	  1.06	17.54	41	 -2.65	
002451	摩恩电气	-0.29	-0.28	电气设备	1391	13.80	--  	13.96	355916	5981	          8.55	3.57	14.30	13.95	0.014㈢	   768.56	500649344	  0.76	         58.09亿	上海	14.20	14.07	185791	170125	  1.09	13.95	1274	 -2.65	
000566	海南海药	-0.29	0.15	化学制药	554	6.78	--  	6.86	336839	3930	          2.80	4.08	7.06	6.85	0.171㈢	    29.97	234170240	  0.87	         82.44亿	海南	7.00	6.95	183050	153788	  1.19	6.85	881	 -2.66	
600633	浙数文化	-0.36	0.37	互联网	93	10.80	--  	10.96	469420	3127	          3.64	4.45	11.29	10.96	0.307㈢	    26.78	516272960	  1.18	        141.41亿	浙江	11.09	11.00	263268	206152	  1.28	10.95	661	 -1.49	
000988	华工科技	-0.40	0.13	电器仪表	594	14.80	--  	14.95	464977	2017	          4.63	3.33	15.30	14.94	0.255㈢	    43.93	700768960	  1.19	        150.19亿	湖北	15.25	15.07	262369	202607	  1.29	14.94	784	 -2.76	
002546	新联电子	-0.44	-0.43	电气设备	707	4.51	--  	4.56	184338	4426	          2.36	3.72	4.68	4.55	0.124㈢	    27.41	84609256	  1.10	         35.50亿	江苏	4.56	4.59	97644	86694	  1.13	4.54	42	 -2.80	
000609	中迪投资	-0.49	0.67	区域地产	382	5.98	--  	6.05	147999	2317	          5.07	4.28	6.24	6.05	-0.021㈢	--  	90258328	  0.90	         17.67亿	北京	6.11	6.10	86505	61493	  1.41	6.04	269	 -2.86	
002491	通鼎互联	-0.50	0.00	通信设备	787	9.95	--  	10.00	534375	5163	          4.54	3.98	10.35	9.99	0.372㈢	    20.13	541207424	  1.04	        117.46亿	江苏	10.25	10.13	297597	236778	  1.26	9.99	1558	 -2.86	
601900	南方传媒	-0.52	-0.09	出版业	287	9.50	--  	9.54	58653	306	          0.66	2.50	9.74	9.54	0.540㈢	    13.26	56450504	  1.42	         84.85亿	广东	9.59	9.62	40138	18514	  2.17	9.53	9	 -1.64	
600231	凌钢股份	-0.58	0.29	普钢	3992	3.29	--  	3.44	1057857	4561	          3.82	7.25	3.54	3.43	0.432㈣	     7.94	359741728	  1.46	         95.05亿	辽宁	3.33	3.40	468679	589177	  0.80	3.43	11554	 -1.70	
002638	勤上股份	-0.66	0.33	半导体	7146	2.95	--  	3.02	714985	4672	          7.30	4.93	3.10	3.02	0.048㈢	    47.63	216574352	  1.05	         29.58亿	广东	3.03	3.03	384252	330732	  1.16	3.01	726	 -3.02	
002090	金智科技	-0.73	0.00	软件服务	327	18.78	--  	19.14	43467	250	          1.88	4.26	19.60	19.12	0.338㈢	    42.38	83391664	  1.57	         44.26亿	江苏	19.31	19.19	25891	17575	  1.47	19.12	3	 -3.09	
000027	深圳能源	-0.93	0.16	火力发电	2018	6.32	--  	6.39	323144	2443	          0.82	3.11	6.52	6.38	0.152㈢	    31.41	207138576	  1.03	        252.93亿	深圳	6.44	6.41	188209	134934	  1.39	6.38	884	 -3.30	
002174	游族网络	-0.98	0.65	互联网	20	19.77	--  	20.14	180006	815	          2.80	5.70	20.93	20.14	0.780㈢	    19.65	366301216	  1.16	        129.35亿	福建	20.53	20.35	91787	88218	  1.04	20.13	433	 -3.35	
000011	深物业A	-1.00	0.18	区域地产	789	10.79	--  	10.92	181338	2378	         10.31	3.45	11.17	10.92	0.242㈢	    33.85	198786080	  1.46	         19.20亿	深圳	11.03	10.96	101200	80137	  1.26	10.91	441	 -3.36	
002152	广电运通	-1.64	0.30	电脑设备	1180	6.51	--  	6.60	487043	2315	          2.46	4.63	6.82	6.59	0.184㈢	    26.85	326039264	  1.41	        130.39亿	广东	6.69	6.69	268929	218113	  1.23	6.59	2992	 -4.01	
数据来源:通达信
