代码	名称	涨幅%%	涨速%%	细分行业	买量	最低	未匹配量	卖价	总量	现量	换手%%	振幅%%	最高	现价	每股收益	市盈(动)	总金额	量比	流通市值	地区	今开	均价	内盘	外盘	内外比	买价	卖量	强弱度%%	
000917	电广传媒	10.02	0.00	影视音像	53152	8.69	--  	--  	1586884	806	         12.26	6.32	9.22	9.22	-0.095㈢	--  	1442531328	  1.15	        119.37亿	湖南	8.99	9.09	924136	662748	  1.39	9.22	0	  7.66	
300366	创意信息	10.01	0.00	软件服务	21700	8.47	--  	--  	152515	333	          4.74	4.01	8.79	8.79	0.158㈢	    41.71	133606128	  0.91	         28.31亿	四川	8.51	8.76	120353	32161	  3.74	8.79	0	  7.65	
300538	同益股份	10.01	0.00	批发业	42837	30.11	--  	--  	11181	101	          4.66	0.00	30.11	30.11	0.300㈢	    73.28	33667316	  0.64	          7.23亿	深圳	30.11	30.11	10531	650	 16.20	30.11	0	  7.65	
300679	电连技术	9.50	1.16	元器件	114	33.73	--  	36.79	105838	2341	         10.48	9.59	36.95	36.78	0.932㈢	    29.59	379696640	  1.41	         37.16亿	深圳	33.73	35.88	45707	60131	  0.76	36.78	237	  7.13	
002547	春兴精工	8.14	1.01	通信设备	2455	8.40	--  	9.03	1364683	21232	         17.11	8.98	9.15	9.03	0.039㈢	   173.01	1207545728	  0.95	         72.03亿	江苏	8.40	8.85	614212	750470	  0.82	9.02	996	  5.78	
300687	赛意信息	5.96	1.12	软件服务	194	25.55	--  	26.16	88662	538	         14.16	6.45	27.14	26.14	0.480㈢	    41.54	234810192	  1.82	         16.37亿	广东	25.55	26.48	48362	40299	  1.20	26.14	149	  3.59	
300379	东方通	5.13	-0.13	软件服务	226	20.08	--  	20.91	169304	1290	          8.81	8.05	21.68	20.90	0.081㈢	   193.29	353326464	  1.15	         40.18亿	北京	20.08	20.87	81599	87704	  0.93	20.90	38	  2.77	
002194	*ST凡谷	5.00	0.00	通信设备	5184	11.15	--  	--  	148303	17	          2.80	1.76	11.34	11.34	-0.094㈢	--  	167617712	  1.24	         60.14亿	湖北	11.16	11.30	83746	64556	  1.30	11.34	0	  2.64	
300310	宜通世纪	4.95	0.16	通信设备	689	6.00	--  	6.36	952505	11806	         15.16	9.08	6.55	6.36	-0.645㈢	--  	595671232	  1.20	         39.96亿	广东	6.17	6.25	448972	503533	  0.89	6.35	745	  2.59	
300548	博创科技	4.64	-0.01	元器件	49	40.31	--  	42.38	28398	108	          8.33	9.38	44.11	42.38	0.540㈢	    59.12	121485560	  1.25	         14.46亿	浙江	40.53	42.78	13580	14818	  0.92	42.34	50	  2.28	
300598	诚迈科技	4.12	0.29	软件服务	377	23.66	--  	24.51	46227	743	          9.56	3.61	24.51	24.51	0.123㈢	   149.90	111793960	  1.21	         11.85亿	江苏	23.70	24.18	22048	24178	  0.91	24.50	10	  1.76	
300433	蓝思科技	3.44	0.00	元器件	1535	8.80	--  	9.03	778535	5255	          1.99	6.88	9.40	9.02	0.270㈢	    24.95	708454144	  1.44	        352.71亿	湖南	8.80	9.10	376921	401614	  0.94	9.02	2324	  1.08	
600189	吉林森工	3.39	0.00	林业	744	4.41	--  	4.57	104773	2087	          2.46	3.85	4.58	4.57	0.049㈢	    69.37	47171604	  1.24	         19.45亿	吉林	4.44	4.50	40657	64115	  0.63	4.56	5	  2.27	
002706	良信电器	3.14	0.16	电气设备	357	6.07	--  	6.25	138321	795	          2.54	5.45	6.40	6.25	0.280㈢	    16.75	86508272	  1.31	         33.97亿	上海	6.07	6.25	62769	75551	  0.83	6.24	252	  0.77	
300735	光弘科技	3.02	0.14	通信设备	384	21.12	--  	21.49	116558	642	         10.68	5.08	22.18	21.49	0.500㈢	    32.25	252901728	  1.45	         23.46亿	广东	21.18	21.70	51283	65275	  0.79	21.48	106	  0.66	
300496	中科创达	2.93	-0.22	软件服务	46	34.11	--  	34.81	152275	1364	          6.38	5.03	35.81	34.81	0.260㈢	   102.16	531343136	  1.20	         83.14亿	北京	35.50	34.89	69590	82685	  0.84	34.80	982	  0.56	
000034	神州数码	2.61	0.22	综合类	401	13.33	--  	13.77	176092	1284	          4.92	6.04	14.14	13.76	0.527㈢	    19.60	243390208	  1.21	         49.26亿	深圳	13.50	13.82	79289	96803	  0.82	13.76	56	  0.25	
002241	歌尔股份	2.26	0.11	元器件	1258	8.96	--  	9.06	614745	4357	          2.26	3.28	9.25	9.05	0.264㈢	    25.73	558526336	  1.05	        246.56亿	山东	8.98	9.09	304523	310222	  0.98	9.05	1078	 -0.10	
300736	百邦科技	2.18	0.38	通信设备	112	20.67	--  	21.10	39794	408	          8.21	4.02	21.50	21.09	0.270㈢	    60.24	83955608	  1.14	         10.23亿	北京	20.68	21.10	19358	20435	  0.95	21.09	114	 -0.18	
002436	兴森科技	1.90	0.19	元器件	1247	5.28	--  	5.35	455780	3430	          3.80	4.57	5.52	5.35	0.118㈢	    33.86	246877808	  0.94	         64.14亿	深圳	5.43	5.42	255272	200508	  1.27	5.34	5	 -0.46	
002922	伊戈尔	1.85	0.23	电气设备	99	17.23	--  	17.59	35147	1043	          5.08	2.37	17.64	17.59	0.256㈢	    51.46	61336376	  1.20	         12.16亿	广东	17.40	17.45	17499	17647	  0.99	17.58	39	 -0.51	
300456	耐威科技	1.85	0.13	元器件	581	29.60	--  	30.31	92021	855	          6.41	4.30	30.88	30.30	0.300㈢	    93.76	278470464	  0.97	         43.50亿	北京	30.10	30.26	46175	45845	  1.01	30.30	71	 -0.52	
002369	卓翼科技	1.84	0.23	通信设备	635	8.75	--  	8.87	602885	3464	         14.37	4.60	9.15	8.86	0.078㈢	    85.61	538794048	  1.40	         37.18亿	深圳	8.80	8.94	292325	310559	  0.94	8.86	81	 -0.53	
002256	兆新股份	1.77	0.29	染料涂料	139	3.37	--  	3.46	645667	13003	          5.18	4.42	3.52	3.45	0.045㈢	    57.93	222893168	  1.07	         43.02亿	深圳	3.37	3.45	294699	350968	  0.84	3.45	2841	 -0.59	
300134	大富科技	1.76	0.35	通信设备	1329	13.90	--  	14.46	460497	3837	          6.46	7.46	14.96	14.45	-0.091㈢	--  	667980992	  1.04	        102.94亿	深圳	14.15	14.51	217907	242590	  0.90	14.45	74	 -0.60	
600734	实达集团	1.76	0.00	电脑设备	1347	8.46	--  	8.69	502448	4706	         14.17	5.98	8.97	8.68	0.200㈢	    32.61	440360672	  1.06	         30.79亿	福建	8.64	8.76	268996	233452	  1.15	8.68	897	  0.64	
300207	欣旺达	1.75	-0.50	元器件	313	11.40	--  	11.60	167267	713	          1.47	4.82	11.95	11.60	0.300㈢	    31.38	196348608	  1.16	        132.14亿	深圳	11.60	11.74	75403	91864	  0.82	11.59	525	 -0.61	
300153	科泰电源	1.67	0.59	电气设备	380	8.33	--  	8.52	159385	1262	          4.99	5.02	8.75	8.51	0.055㈢	   116.03	135150784	  1.26	         27.20亿	上海	8.43	8.48	83087	76298	  1.09	8.51	724	 -0.69	
002388	新亚制程	1.64	0.18	元器件	378	5.49	--  	5.57	96245	456	          2.41	3.28	5.67	5.57	0.045㈢	    92.68	53933588	  0.84	         22.26亿	深圳	5.51	5.60	44702	51543	  0.87	5.56	564	 -0.72	
600183	生益科技	1.44	0.00	元器件	3383	11.88	--  	12.00	503352	1690	          2.38	3.30	12.27	11.99	0.383㈢	    23.50	609164800	  1.17	        253.89亿	广东	11.94	12.10	264990	238361	  1.11	11.99	2255	  0.32	
002635	安洁科技	1.31	0.07	电脑设备	2232	14.50	--  	14.71	259443	1570	          7.09	3.99	15.08	14.71	0.570㈢	    19.11	383059104	  1.06	         53.82亿	江苏	14.52	14.76	130104	129338	  1.01	14.70	53	 -1.06	
002897	意华股份	1.29	7.90	元器件	1	22.20	--  	24.30	240306	1842	         35.68	15.34	25.88	24.30	0.369㈢	    49.36	569493888	  1.73	         16.37亿	浙江	23.99	23.70	121632	118674	  1.02	24.26	651	 -1.07	
002463	沪电股份	1.19	0.18	元器件	1695	10.81	--  	11.04	1132564	7476	          6.77	7.06	11.58	11.03	0.230㈢	    37.24	1268296960	  1.22	        184.61亿	江苏	10.97	11.20	579771	552792	  1.05	11.03	521	 -1.17	
300259	新天科技	1.15	0.00	电器仪表	4213	3.46	--  	3.52	326082	1256	          4.50	4.02	3.60	3.52	0.092㈢	    28.60	115505168	  0.96	         25.50亿	河南	3.51	3.54	152164	173918	  0.87	3.51	2394	 -1.22	
002927	泰永长征	1.11	-0.02	电气设备	433	36.00	--  	37.20	131226	1208	         25.54	6.47	38.38	37.19	0.400㈢	    72.69	489144960	  1.36	         19.11亿	贵州	37.00	37.27	67531	63695	  1.06	37.19	555	 -1.25	
002885	京泉华	1.00	0.04	元器件	124	23.05	--  	23.34	54809	412	         12.15	3.46	23.85	23.33	0.690㈢	    32.64	128973208	  0.87	         10.53亿	深圳	23.25	23.53	26384	28424	  0.93	23.33	105	 -1.37	
000021	深科技	0.94	0.00	电脑设备	655	7.48	--  	7.53	216660	804	          1.47	3.22	7.72	7.52	0.300㈢	    18.82	164730912	  1.08	        110.49亿	深圳	7.49	7.60	106033	110626	  0.96	7.52	1294	 -1.42	
300545	联得装备	0.87	0.25	专用机械	474	31.11	--  	32.46	148075	1283	         30.77	8.05	33.70	32.45	0.600㈣	    54.84	480640544	  0.86	         15.62亿	深圳	31.90	32.46	73639	74435	  0.99	32.45	40	 -1.49	
002792	通宇通讯	0.86	-0.10	通信设备	139	35.06	--  	35.31	69801	518	          9.87	2.54	35.95	35.30	0.260㈢	    98.71	248177696	  0.90	         24.96亿	广东	35.70	35.55	37098	32703	  1.13	35.30	142	 -1.51	
600487	亨通光电	0.83	0.14	通信设备	2808	21.87	--  	21.99	807769	4202	          4.34	3.58	22.65	21.98	1.107㈢	    14.89	1802769536	  1.15	        408.90亿	江苏	22.43	22.32	413474	394295	  1.05	21.98	561	 -0.30	
300602	飞荣达	0.78	0.02	元器件	80	39.91	--  	40.21	52172	338	          8.41	4.61	41.75	40.21	0.796㈣	    50.54	212764400	  1.00	         24.93亿	深圳	39.91	40.78	27723	24448	  1.13	40.20	23	 -1.59	
002878	元隆雅图	0.75	0.00	文教休闲	31	28.00	--  	28.18	27414	150	          7.51	4.59	29.28	28.12	0.530㈢	    40.72	78767952	  1.23	         10.26亿	北京	28.20	28.73	13873	13540	  1.02	28.12	40	 -1.61	
002579	中京电子	0.73	0.18	元器件	225	10.91	--  	11.02	167125	1362	          4.82	3.48	11.29	11.01	0.159㈢	    52.01	185878032	  0.97	         38.19亿	广东	11.05	11.12	86910	80214	  1.08	11.01	919	 -1.63	
002889	东方嘉盛	0.72	0.19	仓储物流	75	26.46	--  	26.67	40102	232	         10.78	2.46	27.11	26.66	0.742㈢	    26.95	107536736	  1.30	          9.92亿	深圳	26.75	26.82	21529	18573	  1.16	26.66	13	 -1.65	
300136	信维通信	0.63	-0.15	通信设备	70	30.00	--  	30.40	823701	4900	         10.17	4.97	31.50	30.39	0.880㈢	    25.79	2533530112	  1.10	        246.17亿	深圳	30.78	30.76	398881	424820	  0.94	30.39	2202	 -1.74	
002213	特 尔 佳	0.60	0.10	汽车配件	259	10.06	--  	10.14	76628	675	          3.89	2.48	10.31	10.13	0.011㈢	   668.38	78232128	  0.94	         19.95亿	深圳	10.20	10.21	36722	39906	  0.92	10.13	415	 -1.77	
002935	天奥电子	0.43	0.39	元器件	68	48.76	--  	49.14	54382	545	         20.39	3.82	50.63	49.13	0.390㈢	   122.20	269385504	  0.92	         13.10亿	四川	49.16	49.54	27153	27228	  1.00	49.13	9	 -1.94	
002261	拓维信息	0.36	-0.35	互联网	2004	5.46	--  	5.52	676091	10127	          7.43	5.64	5.77	5.52	0.046㈢	    90.90	379094112	  0.98	         50.20亿	湖南	5.54	5.61	351571	324519	  1.08	5.51	2487	 -2.00	
002281	光迅科技	0.34	0.06	通信设备	686	31.77	--  	32.02	301061	1992	          4.83	4.33	33.15	32.01	0.410㈢	    59.12	979701056	  1.06	        199.35亿	湖北	32.24	32.54	155882	145178	  1.07	32.01	64	 -2.02	
002751	易尚展示	0.32	-0.03	家居用品	71	24.85	--  	24.87	69135	553	          7.91	4.12	25.87	24.86	0.380㈢	    50.51	174985408	  1.08	         21.74亿	深圳	25.35	25.31	36875	32260	  1.14	24.86	65	 -2.04	
002475	立讯精密	0.29	0.10	元器件	378	20.73	--  	20.95	656119	4118	          1.60	5.51	21.88	20.95	0.403㈢	    39.02	1397666560	  1.34	        861.15亿	深圳	21.12	21.30	343211	312908	  1.10	20.94	105	 -2.08	
300256	星星科技	0.25	0.00	元器件	5101	3.98	--  	4.03	690180	7461	          8.90	3.48	4.12	4.03	0.074㈢	    40.59	278842112	  1.28	         31.24亿	浙江	4.08	4.04	355914	334265	  1.06	4.02	179	 -2.12	
002916	深南电路	0.12	-0.11	元器件	322	115.33	--  	116.67	60060	343	          7.31	5.63	121.89	116.66	1.690㈢	    52.32	711096640	  1.26	         95.86亿	深圳	116.52	118.40	30032	30028	  1.00	116.66	11	 -2.24	
002309	中利集团	0.11	0.00	电气设备	33	8.80	--  	8.84	203577	2765	          2.90	1.93	8.97	8.83	0.067㈢	    98.93	180849248	  1.01	         61.98亿	江苏	8.93	8.88	105354	98223	  1.07	8.83	736	 -2.25	
002384	东山精密	0.06	0.12	通信设备	1045	15.81	--  	16.05	743370	7633	          6.39	6.80	16.90	16.04	0.422㈢	    28.53	1212141696	  1.13	        186.55亿	江苏	16.15	16.31	386455	356914	  1.08	16.04	550	 -2.30	
002179	中航光电	0.00	0.07	元器件	156	41.73	--  	41.78	74253	928	          0.95	4.45	43.59	41.77	0.890㈢	    35.54	316003488	  1.19	        326.84亿	河南	41.86	42.56	32563	41690	  0.78	41.77	693	 -2.36	
002845	同兴达	-0.29	0.10	元器件	117	19.88	--  	20.32	144259	1603	         19.54	4.61	20.82	20.32	0.430㈢	    35.46	293738432	  1.29	         15.00亿	深圳	20.30	20.36	79858	64400	  1.24	20.31	204	 -2.66	
300322	硕贝德	-0.34	-0.19	通信设备	324	14.65	--  	14.86	360743	4349	          9.82	4.70	15.35	14.85	0.129㈢	    86.33	542047680	  0.99	         54.58亿	广东	14.79	15.03	192173	168569	  1.14	14.85	749	 -2.70	
300328	宜安科技	-0.39	0.30	铝	227	9.98	--  	10.11	208183	2557	          5.07	4.24	10.41	10.10	0.111㈢	    68.20	211887152	  0.76	         41.44亿	广东	10.04	10.18	114512	93670	  1.22	10.10	206	 -2.76	
000988	华工科技	-0.40	0.13	电器仪表	594	14.80	--  	14.95	464977	2017	          4.63	3.33	15.30	14.94	0.255㈢	    43.93	700768960	  1.19	        150.19亿	湖北	15.25	15.07	262369	202607	  1.29	14.94	784	 -2.76	
300263	隆华科技	-0.52	0.53	专用机械	131	5.60	--  	5.72	517051	5593	          9.15	5.05	5.89	5.71	0.100㈢	    43.30	295787232	  0.99	         32.28亿	河南	5.77	5.72	279701	237350	  1.18	5.71	543	 -2.89	
002938	鹏鼎控股	-0.65	0.04	元器件	1023	24.26	--  	24.54	260108	1707	         11.25	4.21	25.30	24.53	0.750㈢	    27.22	643216640	  0.91	         56.70亿	深圳	24.80	24.73	132896	127212	  1.04	24.53	380	 -3.01	
数据来源:通达信
