代码	名称	涨幅%%	涨速%%	细分行业	买量	最低	未匹配量	卖价	总量	现量	换手%%	振幅%%	最高	现价	每股收益	市盈(动)	总金额	量比	流通市值	地区	今开	均价	内盘	外盘	内外比	买价	卖量	强弱度%%	
600775	南京熊猫	10.01	0.00	通信设备	13948	10.16	--  	--  	743171	599	         11.06	10.30	11.21	11.21	0.089㈢	    94.59	816658688	  1.31	         75.31亿	江苏	10.38	10.99	424959	318211	  1.34	11.21	0	  8.89	
002512	达华智能	8.54	1.42	元器件	264	5.25	--  	5.73	761013	11084	          8.62	10.44	5.80	5.72	-0.368㈢	--  	423397440	  1.57	         50.52亿	福建	5.25	5.56	329153	431859	  0.76	5.72	785	  6.17	
002052	同洲电子	4.86	-0.20	通信设备	3154	4.51	--  	4.76	652022	4996	          8.74	10.38	4.98	4.75	-0.092㈢	--  	318067616	  2.06	         35.43亿	深圳	4.95	4.88	338606	313415	  1.08	4.75	2734	  2.49	
600614	鹏起科技	4.62	0.99	综合类	860	5.79	--  	6.11	1158927	19342	          7.67	7.53	6.23	6.11	0.091㈢	    50.26	698995264	  0.80	         92.35亿	上海	5.84	6.03	558476	600451	  0.93	6.10	673	  3.50	
000670	盈方微	3.91	0.00	元器件	756	3.91	--  	4.00	768200	6036	         12.81	5.21	4.11	3.99	-0.070㈢	--  	308547168	  1.33	         23.92亿	湖北	3.93	4.02	317689	450511	  0.71	3.99	8829	  1.54	
600501	航天晨光	2.95	0.39	汽车配件	658	7.46	--  	7.69	146308	1015	          3.47	4.02	7.76	7.69	-0.156㈢	--  	112055144	  1.13	         32.40亿	江苏	7.48	7.66	68948	77360	  0.89	7.68	1027	  1.82	
300324	旋极信息	2.38	0.41	软件服务	523	7.02	--  	7.32	1094544	11821	         10.56	6.71	7.50	7.32	0.206㈢	    26.69	794674560	  0.85	         75.90亿	北京	7.07	7.26	550906	543638	  1.01	7.31	1517	  0.01	
300456	耐威科技	1.85	0.13	元器件	581	29.60	--  	30.31	92021	855	          6.41	4.30	30.88	30.30	0.300㈢	    93.76	278470464	  0.97	         43.50亿	北京	30.10	30.26	46175	45845	  1.01	30.30	71	 -0.52	
300075	数字政通	1.79	0.34	软件服务	745	11.76	--  	11.92	164011	1672	          5.45	4.27	12.26	11.91	0.210㈢	    42.40	196431792	  1.21	         35.85亿	北京	11.82	11.98	80216	83794	  0.96	11.91	97	 -0.57	
300045	华力创通	1.73	0.21	电脑设备	505	9.27	--  	9.41	132046	1389	          3.24	3.03	9.55	9.41	0.079㈢	    89.85	124221944	  1.15	         38.32亿	北京	9.28	9.41	67129	64916	  1.03	9.40	165	 -0.63	
600435	北方导航	1.72	0.64	专用机械	3629	9.25	--  	9.47	568731	7782	          3.82	4.19	9.64	9.46	0.003㈢	  2623.64	536396320	  1.05	        140.89亿	北京	9.32	9.43	292945	275785	  1.06	9.46	372	  0.60	
300036	超图软件	1.72	0.00	软件服务	983	16.91	--  	17.17	194638	1008	          5.86	4.33	17.64	17.16	0.236㈢	    54.54	336554368	  1.07	         57.02亿	北京	16.91	17.29	97693	96944	  1.01	17.16	371	 -0.65	
600990	四创电子	1.71	0.02	通信设备	43	42.61	--  	43.33	25162	128	          1.84	3.52	44.11	43.32	-0.030㈢	--  	109372512	  1.03	         59.22亿	安徽	42.61	43.47	11780	13382	  0.88	43.32	3	  0.59	
002151	北斗星通	1.53	0.20	通信设备	24	25.05	--  	25.28	187115	1528	          6.46	2.93	25.78	25.27	0.105㈢	   181.34	474751200	  0.96	         73.18亿	北京	25.05	25.37	88325	98790	  0.89	25.27	72	 -0.84	
300627	华测导航	1.52	0.00	通信设备	120	19.14	--  	19.36	42842	336	          4.16	2.83	19.68	19.35	0.280㈢	    54.57	83285384	  1.03	         19.95亿	上海	19.14	19.44	20928	21914	  0.96	19.35	14	 -0.84	
002003	伟星股份	1.48	0.00	服饰	2047	7.43	--  	7.55	127315	716	          2.02	3.09	7.66	7.55	0.399㈢	    14.19	95893760	  1.96	         47.55亿	浙江	7.44	7.53	57021	70294	  0.81	7.54	613	 -0.89	
600118	中国卫星	1.30	-0.17	航空	451	22.29	--  	22.60	216563	2126	          1.83	3.54	23.08	22.59	0.227㈢	    74.50	491127360	  0.93	        267.12亿	北京	22.53	22.68	103963	112600	  0.92	22.59	522	  0.18	
300342	天银机电	1.09	0.36	元器件	253	8.28	--  	8.37	109477	704	          2.75	2.42	8.48	8.36	0.229㈢	    27.42	91708304	  1.11	         33.28亿	江苏	8.30	8.38	56939	52537	  1.08	8.36	244	 -1.28	
300101	振芯科技	1.06	0.35	通信设备	2374	11.23	--  	11.41	260461	2930	          4.74	3.81	11.66	11.40	0.048㈢	   179.92	297396160	  1.05	         62.66亿	四川	11.38	11.42	136470	123991	  1.10	11.40	199	 -1.30	
300102	乾照光电	1.06	0.15	半导体	675	6.63	--  	6.69	209316	3504	          2.96	2.87	6.82	6.68	0.220㈢	    23.66	141021712	  0.87	         47.26亿	福建	6.67	6.74	109703	99612	  1.10	6.68	685	 -1.31	
600879	航天电子	1.06	0.30	航空	5721	6.62	--  	6.71	685643	5691	          2.84	2.71	6.80	6.70	0.126㈢	    39.89	460128288	  1.07	        161.69亿	湖北	6.68	6.71	351287	334355	  1.05	6.70	1617	 -0.07	
603528	多伦科技	0.87	0.43	软件服务	153	6.87	--  	6.94	92210	678	          4.92	2.62	7.05	6.93	0.171㈢	    30.39	64240460	  0.94	         13.00亿	江苏	6.92	6.97	44401	47809	  0.93	6.93	239	 -0.25	
603131	上海沪工	0.73	0.05	专用机械	72	20.62	--  	20.77	30691	474	          6.14	2.77	21.19	20.72	0.230㈢	    76.00	64179956	  0.89	         10.36亿	上海	20.65	20.91	13827	16864	  0.82	20.72	2	 -0.39	
002383	合众思壮	0.73	0.07	通信设备	417	13.83	--  	13.90	230691	1547	          4.75	3.26	14.28	13.89	0.350㈢	    29.63	323674400	  0.98	         67.52亿	北京	13.88	14.03	120818	109872	  1.10	13.89	158	 -1.64	
300053	欧比特	0.66	0.09	半导体	80	10.57	--  	10.69	252967	2620	          5.07	5.66	11.17	10.68	0.140㈢	    61.48	274107616	  1.10	         53.28亿	广东	11.08	10.84	141191	111775	  1.26	10.68	279	 -1.70	
300581	晨曦航空	0.59	0.06	航空	124	15.26	--  	15.48	50895	296	          8.53	2.86	15.70	15.47	0.187㈢	    62.08	78978592	  0.86	          9.23亿	陕西	15.35	15.52	29848	21047	  1.42	15.47	175	 -1.78	
002465	海格通信	0.51	0.10	通信设备	136	9.73	--  	9.83	634058	3688	          3.06	3.28	10.05	9.82	0.111㈢	    66.43	627777664	  1.16	        203.32亿	广东	9.91	9.90	328048	306009	  1.07	9.82	906	 -1.85	
002232	启明信息	0.48	0.12	软件服务	233	8.32	--  	8.36	100939	739	          2.50	3.13	8.58	8.36	0.098㈢	    63.80	85096344	  1.08	         33.75亿	吉林	8.32	8.43	46156	54783	  0.84	8.35	189	 -1.88	
002413	雷科防务	0.44	0.00	通信设备	4092	6.78	--  	6.87	467355	6165	          4.70	4.39	7.08	6.87	0.093㈢	    55.24	321755936	  1.12	         68.38亿	江苏	6.84	6.88	242861	224494	  1.08	6.86	1297	 -1.93	
300177	中海达	0.43	0.36	通信设备	174	13.73	--  	13.92	227260	2237	          6.91	4.33	14.33	13.92	0.166㈢	    62.87	318082272	  0.74	         45.81亿	广东	14.00	14.00	113540	113720	  1.00	13.91	7	 -1.93	
002935	天奥电子	0.43	0.39	元器件	68	48.76	--  	49.14	54382	545	         20.39	3.82	50.63	49.13	0.390㈢	   122.20	269385504	  0.92	         13.10亿	四川	49.16	49.54	27153	27228	  1.00	49.13	9	 -1.94	
600568	中珠医疗	0.37	0.00	区域地产	3854	2.71	--  	2.75	1196579	12536	          7.65	4.03	2.82	2.74	0.013㈢	   158.39	329730400	  0.91	         42.88亿	湖北	2.74	2.76	632304	564275	  1.12	2.74	3928	 -0.76	
300018	中元股份	0.35	0.00	电气设备	1202	5.74	--  	5.79	232951	3562	          6.39	3.64	5.95	5.79	0.006㈢	   680.83	136188048	  0.78	         21.12亿	湖北	5.89	5.85	119372	113578	  1.05	5.78	60	 -2.02	
600345	长江通信	0.33	-0.23	通信设备	449	24.21	--  	24.60	100660	978	          5.08	4.20	25.24	24.59	1.089㈢	    16.94	250353856	  1.18	         48.69亿	湖北	24.66	24.87	54623	46037	  1.19	24.59	2	 -0.80	
000058	深 赛 格	0.25	0.00	元器件	3212	7.90	--  	8.01	321888	4159	          5.98	5.39	8.33	8.00	0.112㈢	    53.70	259519600	  0.78	         43.04亿	深圳	8.10	8.06	151509	170379	  0.89	8.00	2097	 -2.11	
002405	四维图新	0.13	-0.08	软件服务	1241	22.70	--  	22.89	787511	7434	          7.55	6.48	24.18	22.88	0.167㈢	   102.51	1835535232	  1.41	        238.51亿	北京	23.16	23.31	407742	379769	  1.07	22.88	2499	 -2.23	
300013	新宁物流	0.07	0.14	仓储物流	1249	13.96	--  	14.03	32875	119	          1.21	2.78	14.35	14.03	0.126㈢	    83.37	46430512	  0.92	         38.26亿	江苏	14.06	14.12	18584	14290	  1.30	14.02	61	 -2.29	
002025	航天电器	0.04	-0.03	元器件	32	27.16	--  	27.69	100639	272	          2.35	3.50	28.13	27.69	0.621㈢	    33.45	278714496	  1.34	        118.76亿	贵州	27.70	27.69	55072	45566	  1.21	27.68	34	 -2.33	
数据来源:通达信
