代码	名称	涨幅%%	涨速%%	细分行业	买量	最低	未匹配量	卖价	总量	现量	换手%%	振幅%%	最高	现价	每股收益	市盈(动)	总金额	量比	流通市值	地区	今开	均价	内盘	外盘	内外比	买价	卖量	强弱度%%	
600776	东方通信	10.02	0.00	通信设备	68051	27.30	--  	--  	1151946	970	         12.05	11.28	30.42	30.42	0.061㈢	   373.60	3360540928	  0.89	        290.82亿	浙江	27.82	29.17	552184	599762	  0.92	30.42	0	  8.90	
000037	深南电A	9.99	0.00	火力发电	5394	8.63	--  	--  	240380	191	          7.09	13.13	9.80	9.80	0.062㈢	   119.17	226687152	  1.33	         33.21亿	深圳	8.90	9.43	100399	139980	  0.72	9.80	0	  7.62	
600604	市北高新	9.98	0.00	园区开发	50851	11.88	--  	--  	2454147	472	         18.39	9.48	13.00	13.00	0.031㈢	   318.89	3099451392	  1.42	        173.44亿	上海	12.34	12.63	1308396	1145751	  1.14	13.00	0	  8.86	
600094	大名城	9.96	0.00	区域地产	45657	5.38	--  	--  	198771	35	          0.87	2.79	5.52	5.52	0.022㈢	   184.21	109139920	  0.92	        125.67亿	上海	5.39	5.49	136609	62162	  2.20	5.52	0	  8.84	
600613	神奇制药	9.94	0.00	中成药	23466	7.10	--  	--  	177612	65	          3.71	6.14	7.52	7.52	0.121㈢	    46.54	131089360	  1.61	         36.04亿	上海	7.24	7.38	102536	75075	  1.37	7.52	0	  8.82	
000016	深康佳Ａ	6.48	1.77	家用电器	1555	4.45	--  	4.60	550761	8774	          3.45	6.02	4.71	4.60	0.179㈢	    19.33	252421264	  1.46	         73.44亿	深圳	4.53	4.58	253111	297649	  0.85	4.59	8331	  4.12	
600751	海航科技	5.13	0.82	水运	3915	3.55	--  	3.69	868156	8175	          3.37	5.70	3.75	3.69	0.015㈢	   183.96	318307904	  1.01	         94.95亿	天津	3.55	3.67	415722	452433	  0.92	3.68	5555	  4.01	
600610	*ST毅达	4.93	0.00	建筑施工	16714	3.62	--  	--  	9101	10	          0.24	0.00	3.62	3.62	-0.020㈢	--  	3294595	  0.08	         13.60亿	上海	3.62	3.62	7827	1274	  6.14	3.62	0	  3.81	
600614	鹏起科技	4.62	0.99	综合类	860	5.79	--  	6.11	1158927	19342	          7.67	7.53	6.23	6.11	0.091㈢	    50.26	698995264	  0.80	         92.35亿	上海	5.84	6.03	558476	600451	  0.93	6.10	673	  3.50	
600845	宝信软件	4.03	0.03	软件服务	23	29.50	--  	30.17	108154	882	          1.69	5.17	31.00	30.17	0.630㈢	    38.29	327332320	  1.38	        193.34亿	上海	29.50	30.27	36692	71462	  0.51	30.16	92	  2.91	
600602	云赛智联	3.84	0.00	软件服务	1534	6.36	--  	6.49	171602	859	          1.66	4.96	6.67	6.49	0.133㈢	    36.68	112390032	  1.58	         67.07亿	上海	6.36	6.55	89505	82096	  1.09	6.48	718	  2.72	
600851	海欣股份	3.42	0.12	纺织	130	7.87	--  	8.17	94976	936	          1.29	4.68	8.24	8.17	0.086㈢	    71.26	76828208	  1.40	         60.31亿	上海	7.90	8.09	39338	55638	  0.71	8.16	318	  2.30	
600844	丹化科技	2.56	-0.24	化工原料	934	3.91	--  	4.01	137294	3443	          1.67	3.59	4.05	4.00	0.003㈢	  1048.04	54843216	  0.82	         32.91亿	上海	3.95	3.99	69034	68259	  1.01	4.00	136	  1.44	
000020	深华发Ａ	2.46	1.22	元器件	27	12.10	--  	12.49	33549	2546	          1.85	3.53	12.53	12.48	0.002㈢	  5328.48	41462104	  1.26	         22.61亿	深圳	12.16	12.36	13705	19844	  0.69	12.48	49	  0.10	
600822	上海物贸	2.37	0.10	商贸代理	216	9.69	--  	9.93	170189	1179	          4.30	7.84	10.45	9.92	0.082㈢	    90.49	168854128	  1.92	         39.30亿	上海	9.80	9.92	85395	84793	  1.01	9.92	76	  1.25	
600612	老凤祥	2.24	0.19	服饰	126	40.70	--  	42.00	38714	502	          1.22	3.26	42.04	42.00	1.888㈢	    16.68	161184816	  1.44	        133.19亿	上海	40.93	41.63	19654	19060	  1.03	41.99	119	  1.12	
000521	长虹美菱	2.16	0.26	家用电器	8274	3.76	--  	3.79	318861	4947	          3.97	2.96	3.87	3.79	0.063㈢	    45.24	121784024	  0.99	         30.42亿	安徽	3.79	3.82	170070	148791	  1.14	3.78	1652	 -0.21	
600679	上海凤凰	1.94	0.52	文教休闲	734	11.33	--  	11.56	43540	587	          1.89	2.91	11.66	11.55	0.066㈢	   130.55	50153800	  0.87	         26.63亿	上海	11.38	11.52	20351	23189	  0.88	11.55	263	  0.82	
600555	海航创新	1.92	1.27	旅游服务	2339	3.08	--  	3.19	395794	8891	          4.07	3.53	3.19	3.18	-0.003㈢	--  	124344104	  1.20	         30.96亿	海南	3.13	3.14	179911	215882	  0.83	3.18	7004	  0.80	
600689	上海三毛	1.91	0.27	纺织	277	11.04	--  	11.19	129679	2558	          8.52	3.10	11.38	11.18	0.012㈢	   707.82	145016672	  0.68	         17.02亿	上海	11.23	11.18	62596	67082	  0.93	11.18	221	  0.79	
000045	深纺织Ａ	1.88	0.43	纺织	253	6.87	--  	7.04	153336	1447	          3.36	3.62	7.12	7.04	0.024㈢	   220.03	107556776	  1.04	         32.17亿	深圳	6.96	7.01	70799	82536	  0.86	7.03	355	 -0.48	
600221	海航控股	1.85	0.46	空运	49951	2.16	--  	2.20	2252419	19256	          1.37	3.70	2.24	2.20	0.043㈢	    38.04	495434016	  0.99	        361.59亿	海南	2.16	2.20	969418	1283001	  0.76	2.19	108041	  0.73	
600695	绿庭投资	1.84	0.00	多元金融	203	5.99	--  	6.11	401355	6434	         10.95	5.18	6.30	6.10	0.007㈢	   668.04	245935808	  0.78	         22.35亿	上海	6.12	6.13	189234	212120	  0.89	6.10	1039	  0.71	
600650	锦江投资	1.82	0.00	公共交通	479	10.98	--  	11.17	78180	717	          2.00	4.74	11.50	11.17	0.382㈢	    21.90	87571584	  1.39	         43.63亿	上海	11.06	11.20	37442	40738	  0.92	11.16	498	  0.70	
000539	粤电力Ａ	1.82	0.22	火力发电	38	4.42	--  	4.49	227579	1182	          0.89	2.95	4.55	4.48	0.179㈢	    18.79	102027264	  1.07	        114.42亿	广东	4.43	4.48	111658	115920	  0.96	4.48	1878	 -0.55	
600639	浦东金桥	1.79	0.29	园区开发	250	13.47	--  	13.65	79112	430	          0.93	3.58	13.95	13.64	0.506㈢	    20.21	109250704	  1.43	        115.97亿	上海	13.61	13.81	41842	37269	  1.12	13.64	532	  0.67	
600698	湖南天雁	1.77	0.00	汽车配件	6046	4.00	--  	4.04	263789	2818	          3.58	2.27	4.09	4.03	-0.002㈢	--  	106536760	  0.93	         29.71亿	湖南	4.01	4.04	120654	143135	  0.84	4.03	2591	  0.65	
600726	华电能源	1.65	0.00	火力发电	769	2.43	--  	2.46	190733	1978	          1.24	3.31	2.51	2.46	-0.266㈢	--  	47096776	  1.05	         37.75亿	黑龙江	2.43	2.47	94226	96507	  0.98	2.45	7910	  0.53	
600619	海立股份	1.63	0.21	机械基件	145	9.23	--  	9.36	70234	374	          1.21	2.83	9.49	9.35	0.232㈢	    30.27	65699112	  1.32	         54.43亿	上海	9.28	9.35	31326	38907	  0.81	9.35	244	  0.51	
000726	鲁 泰Ａ	1.60	0.00	纺织	214	10.02	--  	10.17	104503	361	          1.86	2.10	10.23	10.17	0.636㈢	    11.99	106025440	  1.50	         57.05亿	山东	10.02	10.15	50036	54467	  0.92	10.16	619	 -0.77	
600618	氯碱化工	1.55	0.26	化工原料	696	7.75	--  	7.86	80362	585	          1.07	2.20	7.92	7.86	0.581㈢	    10.15	63029412	  1.11	         58.94亿	上海	7.78	7.84	38855	41506	  0.94	7.85	1033	  0.43	
000488	晨鸣纸业	1.48	0.15	造纸	2543	6.72	--  	6.86	780201	4606	          4.71	4.44	7.02	6.85	0.540㈢	     6.01	534916480	  1.37	        113.58亿	山东	6.75	6.86	372026	408174	  0.91	6.85	1696	 -0.88	
600663	陆家嘴	1.45	0.12	园区开发	793	15.93	--  	16.05	107340	535	          0.44	2.53	16.33	16.05	0.639㈢	    18.83	172942160	  1.13	        392.35亿	上海	15.97	16.11	53461	53879	  0.99	16.04	139	  0.33	
600801	华新水泥	1.42	0.25	水泥	643	19.81	--  	20.04	353001	2784	          3.63	3.09	20.42	20.03	2.278㈢	     6.59	710898048	  1.38	        194.85亿	湖北	20.42	20.14	176473	176527	  1.00	20.03	112	  0.30	
000413	东旭光电	1.40	0.17	元器件	11896	5.71	--  	5.80	2587803	43325	          5.32	4.55	5.97	5.80	0.230㈢	    18.95	1507967232	  1.04	        282.12亿	河北	5.77	5.83	1333941	1253862	  1.06	5.79	2017	 -0.97	
000505	京粮控股	1.29	0.32	食品	323	6.22	--  	6.30	138467	1169	          3.41	2.73	6.39	6.30	0.149㈢	    31.69	87216152	  1.14	         25.59亿	海南	6.22	6.30	58074	80392	  0.72	6.29	1227	 -1.08	
001872	招商港口	1.22	0.06	港口	23	17.03	--  	17.39	64283	428	          1.38	3.90	17.70	17.38	0.700㈢	    51.58	111975816	  1.20	         80.79亿	深圳	17.22	17.42	30703	33580	  0.91	17.38	119	 -1.14	
600190	锦州港	1.20	0.30	港口	2049	3.33	--  	3.37	172974	1612	          0.97	3.00	3.43	3.37	0.057㈢	    44.07	58206392	  0.86	         59.97亿	辽宁	3.33	3.37	77900	95073	  0.82	3.36	2312	  0.08	
000025	特 力Ａ	1.20	-0.06	汽车服务	308	28.41	--  	28.76	68906	530	          2.54	2.71	29.18	28.75	0.121㈢	   178.85	198793824	  0.92	         77.88亿	深圳	28.42	28.85	32267	36639	  0.88	28.75	15	 -1.17	
600841	上柴股份	1.09	0.24	机械基件	334	8.26	--  	8.35	56497	1240	          1.08	2.55	8.47	8.34	0.133㈢	    47.17	47271184	  0.95	         43.53亿	上海	8.26	8.37	30224	26273	  1.15	8.34	217	 -0.03	
600272	开开实业	1.08	0.36	中成药	170	8.29	--  	8.40	25985	262	          1.62	2.53	8.50	8.39	0.110㈢	    57.18	21790552	  1.03	         13.42亿	上海	8.31	8.39	12439	13546	  0.92	8.39	10	 -0.04	
000613	大东海A	0.98	0.42	旅游服务	179	7.09	--  	7.19	153283	3187	          5.77	2.25	7.25	7.18	0.002㈣	  4002.20	109972224	  1.10	         19.07亿	海南	7.11	7.17	76981	76302	  1.01	7.18	337	 -1.38	
000725	京东方Ａ	0.93	0.00	元器件	102713	4.26	--  	4.33	24078508	153210	          7.11	5.37	4.49	4.32	0.097㈢	    33.37	10525626368	  0.92	       1462.74亿	北京	4.42	4.37	10954452	13124055	  0.83	4.32	52427	 -1.43	
600754	锦江股份	0.92	0.36	酒店餐饮	86	24.96	--  	25.23	55001	428	          0.85	3.28	25.78	25.22	0.910㈢	    20.78	140295040	  1.07	        163.56亿	上海	24.96	25.51	25892	29109	  0.89	25.22	5	 -0.20	
000056	皇庭国际	0.92	-0.17	房产服务	1097	5.46	--  	5.50	254740	4284	          2.82	3.30	5.64	5.50	0.129㈢	    31.92	141185376	  1.23	         49.71亿	深圳	5.50	5.54	108847	145893	  0.75	5.49	1488	 -1.45	
000553	安道麦A	0.88	0.53	农药化肥	176	11.33	--  	11.44	81086	1111	          1.73	2.38	11.60	11.44	1.039㈢	     8.26	93143912	  1.01	         53.61亿	湖北	11.36	11.49	43198	37888	  1.14	11.43	153	 -1.48	
000541	佛山照明	0.85	0.17	家用电器	290	5.90	--  	5.96	105534	797	          0.98	2.37	6.04	5.95	0.231㈢	    19.29	63165880	  1.10	         63.80亿	广东	5.90	5.99	57842	47692	  1.21	5.95	1999	 -1.52	
000581	威孚高科	0.85	0.19	汽车配件	86	21.25	--  	21.43	137276	657	          1.64	3.25	21.94	21.43	2.037㈢	     7.89	296963616	  1.36	        179.26亿	江苏	21.40	21.63	67669	69606	  0.97	21.42	178	 -1.52	
600648	外高桥	0.84	0.13	园区开发	155	15.45	--  	15.58	70029	559	          0.75	2.65	15.86	15.58	0.585㈢	    19.99	109783648	  1.24	        145.64亿	上海	15.52	15.68	36861	33167	  1.11	15.55	805	 -0.28	
000017	深中华A	0.81	-0.19	文教休闲	1833	4.91	--  	4.97	135160	1882	          4.46	3.25	5.07	4.97	0.002㈢	  1895.02	67514976	  0.92	         15.06亿	深圳	4.94	5.00	62188	72971	  0.85	4.96	967	 -1.55	
000012	南 玻Ａ	0.80	0.20	玻璃	1993	4.98	--  	5.01	364513	1884	          2.05	2.62	5.11	5.01	0.170㈢	    22.93	183887376	  1.04	         88.93亿	深圳	5.00	5.04	177019	187493	  0.94	5.00	285	 -1.56	
000429	粤高速Ａ	0.80	0.11	路桥	351	8.77	--  	8.86	100454	697	          2.14	1.37	8.89	8.86	0.584㈢	    11.39	88678880	  0.93	         41.54亿	广东	8.78	8.83	46951	53503	  0.88	8.85	1739	 -1.57	
000761	本钢板材	0.79	0.00	普钢	2359	3.82	--  	3.85	150936	521	          0.55	2.62	3.92	3.85	0.213㈢	    13.56	58420328	  1.08	        105.34亿	辽宁	3.83	3.87	77485	73450	  1.05	3.84	1139	 -1.58	
600818	中路股份	0.76	0.00	文教休闲	191	11.79	--  	11.88	31488	210	          1.32	2.88	12.13	11.88	0.043㈢	   206.08	37744208	  0.95	         28.27亿	上海	11.79	11.99	15798	15690	  1.01	11.87	229	 -0.36	
000530	大冷股份	0.75	0.00	机械基件	389	4.00	--  	4.04	212984	2534	          3.56	2.75	4.11	4.03	0.087㈢	    34.71	86276128	  0.84	         24.09亿	辽宁	4.04	4.05	107925	105059	  1.03	4.03	1252	 -1.61	
000019	深粮控股	0.75	0.00	软饮料	469	8.03	--  	8.10	146302	1036	          3.52	3.11	8.28	8.10	-0.060㈢	--  	118596528	  1.02	         33.69亿	深圳	8.04	8.11	70122	76180	  0.92	8.09	146	 -1.62	
000018	神州长城	0.74	0.00	装修装饰	1831	2.67	--  	2.74	636963	6821	          6.40	5.17	2.81	2.73	0.015㈢	   136.45	174520528	  0.76	         27.18亿	深圳	2.70	2.74	335489	301473	  1.11	2.73	4195	 -1.63	
600320	振华重工	0.72	0.00	工程机械	2907	4.06	--  	4.19	587843	3910	          1.77	4.57	4.25	4.19	0.037㈢	    84.93	244580960	  1.40	        139.19亿	上海	4.17	4.16	300862	286981	  1.05	4.18	4163	 -0.40	
600611	大众交通	0.66	0.22	公共交通	579	4.54	--  	4.59	295057	1404	          1.89	3.08	4.68	4.58	0.244㈢	    14.06	136025456	  1.14	         71.60亿	上海	4.59	4.61	152667	142390	  1.07	4.58	3842	 -0.46	
000418	小天鹅Ａ	0.59	0.05	家用电器	1	55.84	--  	56.13	43333	49	          0.99	3.48	57.78	56.13	2.130㈢	    19.77	246735696	  1.16	        246.62亿	江苏	56.10	56.94	18250	25083	  0.73	56.12	3	 -1.77	
600617	国新能源	0.56	-0.18	供气供热	29	5.31	--  	5.38	91540	1218	          0.94	2.62	5.45	5.37	0.012㈢	   349.00	49312924	  0.99	         52.35亿	山西	5.35	5.39	46805	44735	  1.05	5.37	568	 -0.56	
600843	上工申贝	0.51	0.38	纺织机械	10	7.87	--  	7.94	62725	329	          2.06	2.28	8.05	7.94	0.246㈢	    24.20	49897092	  1.12	         24.19亿	上海	7.98	7.95	34079	28646	  1.19	7.93	271	 -0.62	
600295	鄂尔多斯	0.45	0.11	小金属	1298	8.91	--  	8.97	111375	1548	          1.82	2.58	9.14	8.97	0.483㈢	    13.94	100536480	  1.03	         54.90亿	内蒙	9.09	9.03	53579	57796	  0.93	8.96	388	 -0.67	
000570	苏常柴Ａ	0.44	0.00	机械基件	1622	4.49	--  	4.54	105032	760	          2.55	2.88	4.62	4.53	0.042㈢	    81.82	47807820	  1.23	         18.64亿	江苏	4.55	4.55	52895	52136	  1.01	4.53	171	 -1.92	
000030	富奥股份	0.43	0.00	汽车配件	272	4.66	--  	4.71	150176	973	          0.86	2.35	4.77	4.70	0.365㈢	     9.65	70995224	  1.14	         82.28亿	吉林	4.71	4.73	82923	67252	  1.23	4.70	1325	 -1.94	
600054	黄山旅游	0.38	-0.08	旅游景点	565	10.58	--  	10.64	108919	517	          2.12	2.17	10.81	10.64	0.563㈢	    14.17	116368928	  1.39	         54.62亿	安徽	10.58	10.68	56253	52666	  1.07	10.63	248	 -0.74	
000028	国药一致	0.33	-0.03	医药商业	144	45.86	--  	46.02	27958	140	          0.91	3.31	47.38	46.01	2.165㈢	    15.94	130254056	  1.10	        141.59亿	深圳	45.87	46.59	15989	11968	  1.34	46.01	2	 -2.04	
000055	方大集团	0.31	0.00	其他建材	1629	6.32	--  	6.41	448250	2814	          6.61	2.98	6.51	6.40	1.910㈣	     3.20	287590304	  0.95	         43.41亿	深圳	6.43	6.42	252230	196019	  1.29	6.40	857	 -2.05	
600827	百联股份	0.31	0.31	超市连锁	27	9.73	--  	9.84	124890	702	          0.81	3.48	10.07	9.80	0.393㈢	    18.72	123711384	  1.55	        151.19亿	上海	9.73	9.91	65081	59808	  1.09	9.80	329	 -0.81	
000869	张 裕Ａ	0.30	0.27	红黄药酒	4	29.30	--  	29.90	46847	255	          1.03	3.99	30.49	29.90	1.123㈢	    19.97	140693360	  1.37	        135.58亿	山东	29.83	30.03	26558	20288	  1.31	29.89	139	 -2.06	
000058	深 赛 格	0.25	0.00	元器件	3212	7.90	--  	8.01	321888	4159	          5.98	5.39	8.33	8.00	0.112㈢	    53.70	259519600	  0.78	         43.04亿	深圳	8.10	8.06	151509	170379	  0.89	8.00	2097	 -2.11	
000026	飞亚达Ａ	0.23	-0.11	其他商业	81	8.55	--  	8.59	46963	110	          1.32	3.85	8.88	8.59	0.370㈢	    17.54	40690180	  1.39	         30.64亿	深圳	8.58	8.66	23624	23339	  1.01	8.58	384	 -2.13	
000625	长安汽车	0.23	0.11	汽车整车	371	8.71	--  	8.78	324513	2083	          0.86	3.54	9.02	8.77	0.242㈢	    27.16	287896576	  1.12	        329.83亿	重庆	8.75	8.87	159791	164721	  0.97	8.77	668	 -2.14	
600819	耀皮玻璃	0.21	0.00	玻璃	480	4.69	--  	4.72	53718	405	          0.72	2.77	4.82	4.71	0.096㈢	    36.73	25545274	  1.09	         35.20亿	上海	4.69	4.76	26127	27591	  0.95	4.71	33	 -0.91	
600848	上海临港	0.21	0.21	园区开发	205	23.98	--  	24.15	155632	1652	          1.97	4.03	24.95	24.14	0.302㈢	    59.91	380725888	  1.14	        190.23亿	上海	24.45	24.46	85036	70596	  1.20	24.14	1618	 -0.91	
000029	深深房Ａ	--  	--  	区域地产	0	--  	--  	--  	0	0	          0.00	0.00	--  	11.17	0.370㈢	    22.66	0	  0.00	         99.60亿	深圳	--  	11.17	0	0	--  	--  	0	 -2.36	
600623	华谊集团	-0.33	-0.10	汽车配件	303	8.93	--  	8.98	199334	1970	          1.06	2.89	9.19	8.97	0.754㈢	     8.92	180957840	  1.31	        168.13亿	上海	9.08	9.08	117919	81414	  1.45	8.97	68	 -1.45	
600835	上海机电	-0.38	0.33	运输设备	24	18.25	--  	18.32	96242	477	          1.19	2.39	18.69	18.31	1.010㈢	    13.60	177649744	  1.60	        147.67亿	上海	18.46	18.46	46963	49278	  0.95	18.31	4	 -1.50	
000596	古井贡酒	-1.00	0.04	白酒	27	79.37	--  	79.54	54746	451	          1.43	4.46	82.95	79.53	2.493㈢	    23.92	441990560	  1.34	        305.08亿	安徽	81.00	80.73	30065	24681	  1.22	79.53	30	 -3.36	
000011	深物业A	-1.00	0.18	区域地产	789	10.79	--  	10.92	181338	2378	         10.31	3.45	11.17	10.92	0.242㈢	    33.85	198786080	  1.46	         19.20亿	深圳	11.03	10.96	101200	80137	  1.26	10.91	441	 -3.36	
000550	江铃汽车	-1.53	-0.24	汽车整车	22	19.58	--  	19.89	73821	768	          1.42	7.03	21.00	19.89	0.253㈢	    58.86	149749712	  1.36	        103.12亿	江西	19.75	20.29	36697	37123	  0.99	19.88	103	 -3.90	
600680	*ST上普	--  	--  	通信设备	0	--  	--  	--  	0	0	          0.00	--  	--  	0.00	-0.290㈢	--  	0	  0.00	          0.00亿	上海	--  	0.00	0	0	--  	--  	0	--  	
数据来源:通达信
