代码	名称	涨幅%%	涨速%%	细分行业	买量	最低	未匹配量	卖价	总量	现量	换手%%	振幅%%	最高	现价	每股收益	市盈(动)	总金额	量比	流通市值	地区	今开	均价	内盘	外盘	内外比	买价	卖量	强弱度%%	
000711	京蓝科技	9.98	0.00	软件服务	74008	6.05	--  	--  	237667	845	          5.85	9.32	6.61	6.61	0.170㈢	    33.25	154655232	  1.04	         26.86亿	黑龙江	6.05	6.51	170765	66901	  2.55	6.61	0	  7.62	
603588	高能环境	6.85	0.19	环境保护	974	9.71	--  	10.30	234348	2218	          3.58	7.99	10.48	10.30	0.365㈢	    21.14	238360976	  2.08	         67.40亿	北京	9.80	10.17	101586	132762	  0.77	10.29	6	  5.72	
601388	怡球资源	6.23	1.11	铝	1570	2.57	--  	2.73	1152615	20059	          5.69	7.39	2.76	2.73	0.039㈢	    53.11	308408960	  1.15	         55.29亿	江苏	2.59	2.68	466229	686386	  0.68	2.72	7010	  5.10	
002672	东江环保	5.38	0.08	环境保护	202	11.93	--  	12.54	139052	1088	          2.12	7.73	12.85	12.54	0.430㈢	    22.39	174550768	  1.69	         82.31亿	广东	12.03	12.55	54289	84763	  0.64	12.53	91	  3.01	
600459	贵研铂业	4.97	-0.05	小金属	256	14.81	--  	15.64	429574	3675	         12.66	10.48	16.37	15.63	0.354㈢	    33.11	668158336	  1.90	         53.03亿	云南	15.20	15.55	204033	225540	  0.90	15.63	284	  3.85	
000425	徐工机械	4.49	0.24	工程机械	6142	4.06	--  	4.19	2567525	12265	          3.67	6.23	4.31	4.19	0.192㈢	    16.33	1077102976	  1.93	        293.03亿	江苏	4.09	4.20	1176275	1391250	  0.85	4.18	6369	  2.12	
603817	海峡环保	4.32	0.13	环境保护	351	7.15	--  	7.49	79510	623	          4.42	8.79	7.78	7.48	0.175㈢	    32.15	59734728	  1.88	         13.46亿	福建	7.19	7.51	40357	39153	  1.03	7.48	542	  3.20	
002442	龙星化工	3.98	0.00	化工原料	1036	7.54	--  	7.84	149343	2781	          3.11	4.38	7.87	7.83	0.277㈣	    28.32	115165544	  1.65	         37.55亿	河北	7.58	7.71	69039	80304	  0.86	7.83	471	  1.62	
600116	三峡水利	3.91	0.31	水力发电	811	9.28	--  	9.58	215680	2908	          2.17	5.21	9.76	9.57	0.176㈢	    40.80	206213072	  1.16	         95.03亿	重庆	9.29	9.56	106565	109114	  0.98	9.57	423	  2.79	
600531	豫光金铅	3.71	0.18	铅锌	2495	5.46	--  	5.60	383485	4219	          3.52	6.12	5.79	5.59	0.029㈢	   146.05	215326320	  0.68	         60.94亿	河南	5.46	5.61	178579	204905	  0.87	5.59	2215	  2.59	
300090	盛运环保	3.67	0.00	环境保护	149	2.44	--  	2.55	1259013	18568	         11.02	7.35	2.62	2.54	-0.159㈢	--  	320223712	  1.02	         29.01亿	安徽	2.45	2.54	561561	697451	  0.81	2.54	3873	  1.31	
000826	启迪桑德	3.40	0.16	环境保护	41	11.76	--  	12.15	364504	4428	          3.07	6.21	12.49	12.15	0.540㈢	    15.37	443699264	  1.65	        144.30亿	湖北	11.90	12.17	184912	179592	  1.03	12.14	273	  1.04	
600247	*ST成城	3.38	0.00	商贸代理	57	5.83	--  	6.11	42101	67	          1.25	6.43	6.21	6.11	0.044㈢	   104.20	25755914	  1.07	         20.56亿	吉林	5.93	6.12	18337	23763	  0.77	6.10	25	  2.26	
600649	城投控股	3.36	0.47	区域地产	977	6.28	--  	6.46	400277	2951	          1.65	4.64	6.57	6.46	0.346㈢	    13.99	257788096	  1.20	        156.38亿	上海	6.28	6.44	197478	202799	  0.97	6.45	379	  2.24	
600292	远达环保	3.29	0.16	环境保护	270	6.08	--  	6.28	185982	1351	          2.38	5.26	6.40	6.28	0.138㈢	    34.14	116606496	  1.60	         49.04亿	重庆	6.10	6.27	96950	89031	  1.09	6.27	528	  2.17	
300172	中电环保	3.15	0.16	环境保护	371	6.01	--  	6.23	148270	2309	          4.28	4.80	6.30	6.23	0.189㈢	    24.77	91806368	  1.65	         21.56亿	江苏	6.06	6.19	71329	76941	  0.93	6.22	11	  0.78	
300266	兴源环境	3.06	0.00	环境保护	4058	3.89	--  	4.04	1067308	6940	          7.30	7.14	4.17	4.04	0.100㈢	    36.57	432789024	  1.31	         59.06亿	浙江	3.91	4.05	498771	568537	  0.88	4.03	2416	  0.70	
000652	泰达股份	2.80	1.25	批发业	477	3.94	--  	4.04	543363	6206	          3.69	5.34	4.15	4.04	0.049㈢	    61.79	218534192	  0.93	         59.55亿	天津	4.03	4.02	288097	255266	  1.13	4.03	299	  0.43	
601200	上海环境	2.59	0.47	环境保护	165	14.73	--  	15.08	126189	559	          1.88	4.35	15.37	15.08	0.710㈢	    15.94	190427472	  1.44	        101.39亿	上海	14.80	15.09	57100	69089	  0.83	15.07	85	  1.46	
002340	格林美	2.33	0.21	小金属	4800	4.76	--  	4.84	1471553	11587	          3.89	4.03	4.95	4.83	0.130㈢	    29.04	715116992	  1.15	        182.75亿	深圳	4.76	4.86	721628	749925	  0.96	4.83	4130	 -0.03	
600008	首创股份	1.99	0.24	环境保护	855	4.00	--  	4.10	807493	7852	          1.68	4.23	4.17	4.10	0.090㈢	    40.73	331088384	  1.34	        197.65亿	北京	4.01	4.10	362944	444549	  0.82	4.09	1571	  0.87	
002479	富春环保	1.94	0.19	火力发电	1034	5.16	--  	5.26	235664	1872	          2.96	4.07	5.37	5.26	0.210㈢	    20.08	124765232	  1.40	         41.82亿	浙江	5.20	5.29	117263	118401	  0.99	5.25	559	 -0.43	
000532	华金资本	1.90	-0.16	元器件	696	11.80	--  	11.81	183264	1571	          5.34	3.36	12.19	11.81	0.060㈢	   148.27	219115664	  0.81	         40.57亿	广东	12.06	11.96	91158	92106	  0.99	11.80	227	 -0.47	
600864	哈投股份	1.87	0.00	证券	2611	5.77	--  	6.00	920702	9451	          5.83	10.20	6.37	5.99	-0.114㈢	--  	554219392	  1.15	         94.54亿	黑龙江	5.92	6.02	470415	450287	  1.04	5.99	2042	  0.75	
000035	中国天楹	1.85	0.00	环境保护	3633	5.41	--  	5.52	160262	2467	          1.25	5.18	5.69	5.51	0.120㈢	    60.48	89282440	  1.45	         70.59亿	江苏	5.47	5.57	78633	81628	  0.96	5.51	1149	 -0.52	
600323	瀚蓝环境	1.84	-0.11	水务	134	15.90	--  	16.08	130251	863	          1.70	2.28	16.26	16.07	0.971㈢	    12.42	210178416	  1.28	        123.14亿	广东	15.90	16.14	62410	67841	  0.92	16.07	101	  0.72	
300187	永清环保	1.77	-0.15	环境保护	1009	6.25	--  	6.34	146295	1044	          2.30	3.54	6.47	6.33	0.031㈢	   154.06	93482184	  1.25	         40.21亿	湖南	6.27	6.39	73261	73033	  1.00	6.33	345	 -0.60	
300190	维尔利	1.76	0.00	环境保护	345	5.67	--  	5.79	126219	863	          1.77	3.87	5.89	5.78	0.202㈢	    21.47	73141840	  1.67	         41.32亿	江苏	5.68	5.79	64106	62112	  1.03	5.78	185	 -0.60	
000005	世纪星源	1.76	0.58	房产服务	1681	3.40	--  	3.48	321333	2413	          3.04	4.69	3.56	3.47	0.006㈢	   421.76	111408264	  1.07	         36.71亿	深圳	3.41	3.47	150099	171234	  0.88	3.47	163	 -0.60	
002645	华宏科技	1.71	-0.23	专用机械	68	8.28	--  	8.34	73574	407	          2.42	3.30	8.55	8.33	0.343㈢	    18.23	62052164	  1.65	         25.35亿	江苏	8.43	8.43	37096	36478	  1.02	8.33	30	 -0.66	
600726	华电能源	1.65	0.00	火力发电	769	2.43	--  	2.46	190733	1978	          1.24	3.31	2.51	2.46	-0.266㈢	--  	47096776	  1.05	         37.75亿	黑龙江	2.43	2.47	94226	96507	  0.98	2.45	7910	  0.53	
300385	雪浪环境	1.41	-0.35	环境保护	11	16.20	--  	16.62	32045	177	          5.53	7.40	17.41	16.59	0.379㈢	    32.85	54066120	  1.32	          9.61亿	江苏	16.50	16.87	18968	13077	  1.45	16.59	18	 -0.96	
000407	胜利股份	1.17	0.23	供气供热	419	4.22	--  	4.32	314458	1961	          4.22	3.52	4.37	4.31	0.103㈢	    31.49	134875712	  1.65	         32.14亿	山东	4.25	4.29	158852	155606	  1.02	4.31	1237	 -1.19	
600545	卓郎智能	1.16	0.26	纺织机械	803	7.73	--  	7.84	234631	1908	          3.47	3.88	8.03	7.83	0.283㈢	    20.75	184536416	  1.36	         52.91亿	新疆	7.76	7.86	119386	115244	  1.04	7.83	168	  0.04	
002034	旺能环境	1.05	1.05	环境保护	446	16.60	--  	17.33	83426	834	          3.83	8.06	17.98	17.31	0.537㈢	    24.17	144807648	  1.07	         37.74亿	浙江	17.05	17.36	43650	39775	  1.10	17.31	36	 -1.31	
600133	东湖高新	1.04	0.15	园区开发	1048	6.75	--  	6.79	291023	2232	          4.88	2.98	6.95	6.79	0.240㈢	    19.78	199278480	  0.76	         40.53亿	湖北	6.81	6.85	145895	145128	  1.01	6.78	2457	 -0.08	
600475	华光股份	1.01	0.00	专用机械	151	9.85	--  	9.97	75837	1053	          5.40	3.14	10.16	9.96	0.584㈢	    12.80	75758368	  1.05	         13.99亿	江苏	9.85	9.99	40553	35284	  1.15	9.96	144	 -0.11	
002015	霞客环保	0.96	-0.18	化纤	1114	5.22	--  	5.28	57405	221	          1.43	1.92	5.32	5.26	0.003㈢	  1380.83	30284160	  0.96	         21.08亿	江苏	5.23	5.28	25706	31699	  0.81	5.26	101	 -1.40	
000900	现代投资	0.82	0.20	路桥	1830	4.83	--  	4.91	318731	1282	          2.10	3.70	5.01	4.91	0.527㈢	     6.98	156505808	  0.87	         74.47亿	湖南	4.88	4.91	180472	138258	  1.31	4.90	701	 -1.54	
601992	金隅集团	0.73	0.73	水泥	1068	4.09	--  	4.15	1567435	14686	          1.88	2.92	4.21	4.14	0.291㈢	    10.68	649814656	  1.09	        345.03亿	北京	4.16	4.15	874149	693286	  1.26	4.14	10380	 -0.39	
600098	广州发展	0.64	0.32	火力发电	366	6.24	--  	6.28	98952	498	          0.36	1.76	6.35	6.28	0.236㈢	    19.92	62214660	  1.05	        171.21亿	广东	6.25	6.29	55204	43747	  1.26	6.26	1013	 -0.48	
002255	海陆重工	0.48	0.24	专用机械	2999	4.12	--  	4.21	179652	670	          3.34	3.59	4.27	4.20	0.160㈢	    21.08	75584856	  1.13	         22.57亿	江苏	4.17	4.21	82812	96840	  0.86	4.20	82	 -1.89	
002663	普邦股份	0.30	0.30	建筑施工	3319	3.28	--  	3.35	736550	7877	          5.89	5.69	3.47	3.35	0.077㈢	    32.46	248223264	  0.88	         41.87亿	广东	3.38	3.37	396590	339959	  1.17	3.34	1349	 -2.07	
603568	伟明环保	0.28	0.04	环境保护	162	24.58	--  	24.80	36891	513	          0.54	5.62	25.97	24.80	0.850㈢	    22.15	93043600	  1.37	        169.34亿	浙江	24.80	25.22	19517	17374	  1.12	24.79	158	 -0.84	
600724	宁波富达	0.00	0.25	区域地产	1273	3.87	--  	3.94	84563	808	          0.59	3.05	3.99	3.94	0.212㈢	    13.95	33317442	  0.91	         56.93亿	浙江	3.96	3.94	49661	34902	  1.42	3.93	665	 -1.12	
000939	*ST凯迪	0.00	0.00	新型电力	40992	1.14	--  	1.16	633382	3303	          2.08	3.45	1.18	1.16	-0.441㈢	--  	73380176	  0.90	         35.24亿	湖北	1.15	1.16	322839	310543	  1.04	1.15	11353	 -2.36	
000546	金圆股份	-0.10	0.10	水泥	319	10.16	--  	10.23	96737	552	          1.46	2.74	10.44	10.22	0.517㈢	    14.82	99355456	  1.29	         67.56亿	吉林	10.17	10.27	51374	45362	  1.13	10.22	288	 -2.46	
002616	长青集团	-0.25	0.00	环境保护	631	8.03	--  	8.06	87928	746	          1.91	4.34	8.38	8.05	0.225㈣	    35.80	71772136	  1.08	         36.98亿	广东	8.10	8.16	49184	38743	  1.27	8.05	281	 -2.61	
600835	上海机电	-0.38	0.33	运输设备	24	18.25	--  	18.32	96242	477	          1.19	2.39	18.69	18.31	1.010㈢	    13.60	177649744	  1.60	        147.67亿	上海	18.46	18.46	46963	49278	  0.95	18.31	4	 -1.50	
000027	深圳能源	-0.93	0.16	火力发电	2018	6.32	--  	6.39	323144	2443	          0.82	3.11	6.52	6.38	0.152㈢	    31.41	207138576	  1.03	        252.93亿	深圳	6.44	6.41	188209	134934	  1.39	6.38	884	 -3.30	
数据来源:通达信
