代码	名称	涨幅%%	涨速%%	细分行业	买量	最低	未匹配量	卖价	总量	现量	换手%%	振幅%%	最高	现价	每股收益	市盈(动)	总金额	量比	流通市值	地区	今开	均价	内盘	外盘	内外比	买价	卖量	强弱度%%	
300008	天海防务	10.14	3.83	船舶	49897	3.38	--  	--  	1319724	39753	         21.91	12.17	3.80	3.80	-1.379㈢	--  	468144736	  1.13	         22.89亿	上海	3.40	3.55	636783	682940	  0.93	3.80	0	  7.78	
600839	四川长虹	10.10	0.00	家用电器	319825	3.13	--  	--  	880363	3236	          1.91	1.05	3.16	3.16	0.044㈢	    53.35	277916064	  1.01	        145.81亿	四川	3.13	3.16	753051	127312	  5.92	3.16	0	  8.98	
300353	东土科技	10.04	0.00	通信设备	11286	11.03	--  	--  	535813	609	         15.26	9.40	12.06	12.06	0.088㈢	   102.92	631186752	  1.97	         42.34亿	北京	11.26	11.78	277638	258175	  1.08	12.06	0	  7.67	
300424	航新科技	10.02	0.00	航空	55949	20.59	--  	--  	131694	53	          8.35	9.34	22.50	22.50	0.183㈢	    92.16	285193312	  2.52	         35.49亿	广东	20.59	21.66	66366	65327	  1.02	22.50	0	  7.66	
300491	通合科技	10.02	0.00	电气设备	18745	16.56	--  	--  	69985	67	         12.23	10.02	18.22	18.22	0.022㈢	   611.71	123142280	  1.53	         10.43亿	河北	16.56	17.60	31341	38644	  0.81	18.22	0	  7.66	
000977	浪潮信息	10.02	0.00	电脑设备	109822	22.27	--  	--  	1503209	1426	         11.66	6.68	23.71	23.71	0.289㈢	    61.60	3495555328	  2.39	        305.68亿	山东	23.40	23.25	833436	669773	  1.24	23.71	0	  7.66	
600072	中船科技	10.01	0.00	船舶	25857	9.80	--  	--  	446367	2879	          7.43	9.91	10.77	10.77	0.004㈢	  2257.89	461120192	  1.71	         64.70亿	上海	9.80	10.33	223351	223016	  1.00	10.77	0	  8.89	
002771	真视通	10.01	0.00	软件服务	23476	14.00	--  	--  	20959	6	          2.29	9.22	15.28	15.28	0.176㈢	    65.02	31622012	  0.58	         13.98亿	北京	14.00	15.09	17234	3725	  4.63	15.28	0	  7.64	
300278	华昌达	10.00	0.00	专用机械	123031	7.37	--  	--  	3164	3	          0.12	0.00	7.37	7.37	0.008㈢	   668.35	2331883	  0.04	         19.76亿	湖北	7.37	7.37	2831	333	  8.50	7.37	0	  7.64	
002167	东方锆业	10.00	0.00	小金属	35872	6.73	--  	--  	325469	397	          5.26	8.03	7.26	7.26	0.017㈣	   424.18	228841008	  1.62	         44.91亿	广东	6.96	7.03	183835	141634	  1.30	7.26	0	  7.64	
300397	天和防务	9.99	0.00	通信设备	29729	18.16	--  	--  	156301	14	         10.08	6.87	19.37	19.37	-0.306㈢	--  	294694656	  0.93	         30.04亿	陕西	18.16	18.85	75201	81099	  0.93	19.37	0	  7.63	
002190	成飞集成	9.99	0.00	汽车配件	4364	18.85	--  	--  	240775	1497	          6.98	12.42	21.25	21.25	-0.278㈢	--  	481463296	  2.16	         73.35亿	四川	19.08	20.00	110469	130306	  0.85	21.25	0	  7.63	
002564	天沃科技	9.98	0.00	化工机械	84761	5.13	--  	--  	453538	863	          7.54	11.52	5.73	5.73	0.200㈢	    23.48	254045504	  2.41	         34.49亿	江苏	5.20	5.60	212722	240815	  0.88	5.73	0	  7.62	
601608	中信重工	9.98	0.00	专用机械	99886	4.40	--  	--  	1583529	2889	          3.65	7.89	4.74	4.74	0.020㈢	   218.01	736953472	  2.05	        205.69亿	河南	4.54	4.65	841305	742224	  1.13	4.74	0	  8.86	
000576	广东甘化	9.97	0.00	造纸	35718	8.68	--  	--  	547880	820	         12.58	9.39	9.49	9.49	-0.087㈢	--  	502234496	  1.49	         41.34亿	广东	8.68	9.17	250779	297100	  0.84	9.49	0	  7.60	
002231	奥维通信	9.96	0.00	通信设备	1550	7.80	--  	--  	339560	1134	         11.10	7.73	8.39	8.39	-0.013㈢	--  	275796544	  1.98	         25.66亿	辽宁	7.93	8.12	170959	168601	  1.01	8.39	0	  7.60	
002519	银河电子	9.93	0.00	通信设备	56737	4.23	--  	--  	789252	522	          9.49	4.96	4.43	4.43	0.117㈢	    28.38	346985280	  2.12	         36.84亿	江苏	4.31	4.40	567976	221275	  2.57	4.43	0	  7.56	
002683	宏大爆破	9.88	0.77	化工原料	25	9.54	--  	10.45	394638	4196	          6.60	9.67	10.46	10.45	0.220㈢	    36.14	397503904	  2.79	         62.48亿	广东	9.61	10.07	165265	229373	  0.72	10.44	753	  7.52	
600100	同方股份	9.28	-0.08	电脑设备	1542	10.52	--  	11.20	613050	3001	          2.07	7.23	11.26	11.19	-0.193㈢	--  	679055552	  3.44	        331.66亿	北京	10.52	11.08	255934	357115	  0.72	11.19	1809	  8.16	
002547	春兴精工	8.14	1.01	通信设备	2455	8.40	--  	9.03	1364683	21232	         17.11	8.98	9.15	9.03	0.039㈢	   173.01	1207545728	  0.95	         72.03亿	江苏	8.40	8.85	614212	750470	  0.82	9.02	996	  5.78	
600031	三一重工	7.65	-0.08	工程机械	225	10.93	--  	11.55	2681238	19645	          3.45	8.02	11.79	11.54	0.630㈢	    13.83	3085041920	  2.42	        895.85亿	北京	11.00	11.51	1301433	1379805	  0.94	11.54	843	  6.53	
000818	航锦科技	7.48	0.28	化工原料	1027	10.22	--  	10.92	296082	2033	          4.42	9.45	11.18	10.92	0.479㈢	    17.10	318476544	  2.32	         73.21亿	辽宁	10.22	10.76	125413	170668	  0.73	10.91	159	  5.12	
002371	北方华创	7.44	0.36	专用机械	7	52.00	--  	55.58	154521	1898	          4.30	9.47	56.90	55.58	0.368㈢	   113.21	851925248	  1.43	        199.72亿	北京	52.98	55.13	81285	73236	  1.11	55.57	225	  5.08	
002308	威创股份	6.80	-0.67	电脑设备	389	5.58	--  	5.82	776704	7054	          8.61	7.35	5.98	5.81	0.162㈢	    26.97	448492032	  1.79	         52.39亿	广东	5.80	5.77	403509	373194	  1.08	5.81	2765	  4.44	
000070	特发信息	6.47	-0.11	通信设备	475	15.66	--  	16.28	1081736	11568	         18.02	7.26	16.77	16.28	0.262㈢	    46.60	1752128256	  1.12	         97.73亿	深圳	16.00	16.20	552691	529044	  1.04	16.27	3132	  4.11	
600685	中船防务	6.27	0.19	船舶	1879	14.60	--  	15.77	298332	8528	          3.63	8.43	15.85	15.76	-0.408㈢	--  	450750720	  1.29	        129.46亿	广东	14.78	15.11	147322	151009	  0.98	15.76	384	  5.15	
600172	黄河旋风	6.23	0.47	矿物制品	5850	4.02	--  	4.27	1064048	9776	          9.30	7.73	4.33	4.26	0.070㈢	    45.66	443104544	  1.68	         48.76亿	河南	4.02	4.16	486986	577061	  0.84	4.26	2899	  5.11	
002224	三 力 士	5.66	0.28	橡胶	3169	6.88	--  	7.10	744112	3214	         15.77	7.45	7.38	7.09	0.140㈢	    37.71	530535456	  3.88	         33.45亿	浙江	6.90	7.13	315909	428203	  0.74	7.09	1207	  3.30	
002335	科华恒盛	5.60	0.22	电气设备	243	17.18	--  	18.15	92291	1324	          4.10	7.70	18.50	18.10	0.396㈢	    34.24	164343392	  2.03	         40.77亿	福建	17.18	17.81	38252	54039	  0.71	18.10	32	  3.24	
300379	东方通	5.13	-0.13	软件服务	226	20.08	--  	20.91	169304	1290	          8.81	8.05	21.68	20.90	0.081㈢	   193.29	353326464	  1.15	         40.18亿	北京	20.08	20.87	81599	87704	  0.93	20.90	38	  2.77	
300099	精准信息	5.12	0.75	电器仪表	329	5.10	--  	5.34	276893	5013	          7.07	7.28	5.47	5.34	0.036㈢	   110.36	145772416	  1.51	         20.92亿	山东	5.10	5.26	124006	152887	  0.81	5.33	597	  2.75	
600614	鹏起科技	4.62	0.99	综合类	860	5.79	--  	6.11	1158927	19342	          7.67	7.53	6.23	6.11	0.091㈢	    50.26	698995264	  0.80	         92.35亿	上海	5.84	6.03	558476	600451	  0.93	6.10	673	  3.50	
000425	徐工机械	4.49	0.24	工程机械	6142	4.06	--  	4.19	2567525	12265	          3.67	6.23	4.31	4.19	0.192㈢	    16.33	1077102976	  1.93	        293.03亿	江苏	4.09	4.20	1176275	1391250	  0.85	4.18	6369	  2.12	
002917	金奥博	4.31	0.61	化工原料	1602	27.70	--  	29.51	124559	2953	         36.79	6.36	29.50	29.50	0.443㈢	    49.99	357335936	  1.97	          9.99亿	深圳	27.74	28.69	64123	60435	  1.06	29.50	92	  1.95	
601989	中国重工	4.13	2.02	船舶	7369	5.29	--  	5.56	3308750	97003	          1.80	4.88	5.55	5.55	0.062㈢	    67.30	1783735808	  1.37	       1019.07亿	北京	5.34	5.39	1636650	1672099	  0.98	5.55	7325	  3.01	
002028	思源电气	4.06	-0.07	电气设备	390	11.56	--  	12.06	312827	2824	          5.39	5.95	12.25	12.06	0.315㈢	    28.69	373443232	  1.72	         69.97亿	上海	11.65	11.94	142462	170364	  0.84	12.05	119	  1.69	
601606	长城军工	3.95	0.00	专用机械	4075	16.85	--  	17.91	579826	11554	         39.18	8.19	18.26	17.90	0.055㈢	   243.25	1011628352	  1.06	         26.49亿	安徽	16.96	17.45	295338	284488	  1.04	17.90	188	  2.83	
600495	晋西车轴	3.83	0.18	运输设备	1209	5.20	--  	5.43	623494	6936	          5.16	9.20	5.68	5.42	0.033㈢	   123.30	336629728	  1.37	         65.48亿	山西	5.27	5.40	278984	344509	  0.81	5.42	2511	  2.71	
300395	菲利华	3.76	-0.09	玻璃	329	18.21	--  	19.04	78786	660	          2.93	8.45	19.76	19.03	0.400㈢	    36.65	149701648	  1.47	         51.21亿	湖北	18.26	19.00	32078	46707	  0.69	19.03	70	  1.40	
000801	四川九洲	3.70	0.16	通信设备	921	6.06	--  	6.17	512264	7316	          5.01	4.87	6.35	6.17	0.022㈢	   205.72	316357408	  1.13	         63.11亿	四川	6.30	6.18	272260	240003	  1.13	6.16	505	  1.33	
002423	中原特钢	3.69	0.37	特种钢	676	12.18	--  	13.49	498299	2745	          9.91	13.23	13.90	13.48	-0.130㈢	--  	648349824	  2.29	         67.80亿	河南	12.40	13.01	249973	248326	  1.01	13.48	148	  1.33	
601718	际华集团	3.61	0.23	服饰	2360	4.13	--  	4.31	757344	4217	          1.72	8.19	4.47	4.30	0.039㈢	    83.14	323805024	  1.37	        188.84亿	北京	4.19	4.28	379724	377619	  1.01	4.30	1564	  2.49	
002368	太极股份	3.60	0.04	软件服务	19	27.40	--  	28.21	240588	1413	          6.01	5.80	28.98	28.20	0.167㈢	   126.32	680156224	  1.75	        112.93亿	北京	28.00	28.27	103413	137174	  0.75	28.20	215	  1.24	
300024	机器人	3.35	0.17	专用机械	1010	17.00	--  	17.27	471214	3640	          3.11	4.49	17.75	17.27	0.211㈢	    61.38	820223168	  1.32	        261.40亿	辽宁	17.25	17.41	245281	225932	  1.09	17.26	2681	  0.99	
600850	华东电脑	3.34	1.49	软件服务	2	19.23	--  	19.80	92256	1926	          2.18	4.91	20.17	19.80	0.600㈢	    25.02	181545504	  1.80	         83.95亿	上海	19.34	19.68	46509	45746	  1.02	19.69	220	  2.22	
002338	奥普光电	3.26	0.23	电器仪表	263	13.15	--  	13.30	82972	975	          3.46	5.20	13.82	13.30	0.121㈢	    82.40	110777552	  1.47	         31.92亿	吉林	13.36	13.35	42743	40228	  1.06	13.29	483	  0.90	
603338	浙江鼎力	3.25	0.28	专用机械	3	71.00	--  	72.48	17202	68	          0.69	3.79	73.66	72.48	1.599㈢	    34.00	124228728	  1.14	        179.53亿	浙江	71.00	72.22	7741	9460	  0.82	72.41	19	  2.13	
002611	东方精工	3.24	0.49	轻工机械	1099	4.03	--  	4.15	543784	4114	          4.90	4.24	4.20	4.14	0.188㈢	    16.50	225013920	  0.92	         45.99亿	广东	4.03	4.14	241421	302362	  0.80	4.14	5235	  0.88	
002265	西仪股份	2.99	0.00	汽车配件	247	9.06	--  	9.29	82914	1407	          2.73	4.10	9.43	9.29	0.004㈢	  1942.09	76421872	  1.23	         28.16亿	云南	9.06	9.22	37451	45463	  0.82	9.28	229	  0.63	
300213	佳讯飞鸿	2.95	0.00	通信设备	1576	7.53	--  	7.67	353994	2966	          9.18	5.10	7.91	7.67	0.113㈢	    50.77	272161280	  1.14	         29.59亿	北京	7.58	7.69	163487	190506	  0.86	7.66	510	  0.59	
600501	航天晨光	2.95	0.39	汽车配件	658	7.46	--  	7.69	146308	1015	          3.47	4.02	7.76	7.69	-0.156㈢	--  	112055144	  1.13	         32.40亿	江苏	7.48	7.66	68948	77360	  0.89	7.68	1027	  1.82	
300123	亚光科技	2.79	-0.20	船舶	292	13.31	--  	13.98	176549	1529	          5.75	6.84	14.24	13.98	0.157㈢	    66.85	243697488	  0.96	         42.94亿	湖南	13.60	13.80	93543	83005	  1.13	13.97	120	  0.43	
300325	德威新材	2.76	0.25	塑料	1266	3.96	--  	4.09	567766	7028	          7.14	5.28	4.17	4.09	0.025㈢	   122.78	230341776	  0.95	         32.51亿	江苏	4.01	4.06	270015	297750	  0.91	4.08	4648	  0.40	
603019	中科曙光	2.66	0.00	电脑设备	556	47.40	--  	47.92	323690	1699	          5.03	4.50	49.50	47.91	0.270㈢	   132.91	1570715008	  1.28	        308.07亿	天津	48.51	48.53	165686	158003	  1.05	47.91	125	  1.54	
300427	红相股份	2.47	0.69	电气设备	4	13.88	--  	14.50	96873	918	          3.93	6.36	14.78	14.50	0.480㈢	    23.05	138495536	  1.21	         35.74亿	福建	14.21	14.30	50825	46047	  1.10	14.48	1794	  0.11	
002829	星网宇达	2.47	0.21	通信设备	132	19.01	--  	19.48	30496	328	          4.96	3.68	19.71	19.48	0.130㈢	   117.76	59262456	  1.43	         11.98亿	北京	19.01	19.43	13555	16940	  0.80	19.47	23	  0.11	
300593	新雷能	2.46	0.61	电气设备	908	20.90	--  	21.30	53793	218	          8.04	7.22	22.40	21.28	0.290㈢	    56.52	116782920	  1.15	         14.24亿	北京	20.90	21.71	24342	29451	  0.83	21.28	12	  0.09	
300722	新余国科	2.46	0.22	专用机械	44	36.36	--  	37.14	29258	470	         14.63	3.97	37.80	37.14	0.443㈢	    62.84	108582752	  1.11	          7.43亿	江西	36.41	37.11	14863	14395	  1.03	37.13	6	  0.09	
002439	启明星辰	2.40	0.08	软件服务	92	25.66	--  	26.47	179831	1067	          2.88	7.12	27.50	26.47	0.132㈢	   150.47	479287808	  1.27	        165.15亿	北京	26.01	26.65	84631	95200	  0.89	26.46	110	  0.03	
300659	中孚信息	2.39	-0.02	软件服务	92	29.00	--  	30.18	29838	341	          4.59	7.37	31.16	30.00	-0.028㈢	--  	89826544	  0.66	         19.49亿	山东	29.24	30.10	18221	11616	  1.57	30.00	5	  0.02	
002765	蓝黛传动	2.39	0.83	汽车配件	191	7.12	--  	7.29	42092	2000	          1.65	3.51	7.37	7.29	0.064㈢	    85.00	30466004	  0.71	         18.58亿	重庆	7.17	7.24	19614	22478	  0.87	7.28	190	  0.02	
603516	淳中科技	2.38	0.04	通信设备	30	25.16	--  	25.40	45523	362	          5.16	6.13	26.68	25.40	0.540㈢	    36.30	117607968	  1.17	         22.42亿	北京	25.37	25.83	23104	22419	  1.03	25.39	92	  1.26	
300324	旋极信息	2.38	0.41	软件服务	523	7.02	--  	7.32	1094544	11821	         10.56	6.71	7.50	7.32	0.206㈢	    26.69	794674560	  0.85	         75.90亿	北京	7.07	7.26	550906	543638	  1.01	7.31	1517	  0.01	
300034	钢研高纳	2.37	0.09	小金属	566	11.46	--  	11.68	130628	1036	          3.10	4.21	11.94	11.68	0.160㈢	    58.27	152844352	  1.28	         49.17亿	北京	11.47	11.70	61420	69208	  0.89	11.67	229	  0.00	
300696	爱乐达	2.35	0.49	航空	11	24.01	--  	24.84	22718	300	          4.62	4.91	25.20	24.83	0.401㈢	    46.46	55980852	  0.85	         12.21亿	四川	24.25	24.64	11325	11392	  0.99	24.83	161	 -0.01	
000733	振华科技	2.30	-0.57	元器件	264	13.51	--  	13.78	137533	402	          2.93	3.57	13.99	13.77	0.450㈢	    25.15	189159872	  1.27	         64.63亿	贵州	13.56	13.75	64779	72754	  0.89	13.77	5	 -0.06	
600677	航天通信	2.29	0.13	通信设备	2628	14.92	--  	15.19	534494	8327	         12.84	4.18	15.54	15.18	0.238㈢	    47.91	816101056	  0.89	         63.21亿	浙江	15.01	15.27	249194	285300	  0.87	15.18	577	  1.17	
002583	海能达	2.27	0.17	通信设备	476	11.40	--  	11.73	275626	1023	          2.63	8.20	12.34	11.73	0.070㈢	   122.96	328037600	  1.05	        123.12亿	深圳	11.41	11.90	123821	151805	  0.82	11.72	703	 -0.10	
300065	海兰信	2.25	1.44	软件服务	284	13.68	--  	14.07	125805	2723	          4.19	3.85	14.21	14.06	0.240㈢	    49.29	175737136	  1.16	         42.20亿	北京	13.68	13.97	61377	64427	  0.95	14.06	15	 -0.11	
300699	光威复材	2.23	0.21	化工原料	146	46.04	--  	47.20	57413	437	          2.50	3.62	47.71	47.19	0.840㈢	    42.19	270132576	  1.13	        108.43亿	山东	46.41	47.05	30930	26483	  1.17	47.19	57	 -0.13	
300337	银邦股份	2.20	0.00	铝	855	4.13	--  	4.18	287856	4268	          4.11	2.69	4.24	4.18	0.026㈢	   120.19	120496520	  1.10	         29.29亿	江苏	4.14	4.19	129823	158032	  0.82	4.17	185	 -0.16	
601208	东材科技	2.19	0.36	化工原料	2174	5.28	--  	5.60	570401	8805	          9.10	7.66	5.70	5.60	0.044㈢	    94.75	313221376	  1.10	         35.09亿	四川	5.50	5.49	278506	291895	  0.95	5.59	3828	  1.07	
002446	盛路通信	2.15	0.21	通信设备	1368	9.35	--  	9.50	653444	5693	         12.09	4.95	9.81	9.50	0.160㈢	    49.86	627678400	  0.93	         51.35亿	广东	9.35	9.61	331028	322416	  1.03	9.49	200	 -0.21	
300302	同有科技	2.13	0.00	软件服务	306	8.95	--  	9.10	166574	935	          6.75	5.84	9.47	9.09	0.059㈢	   115.53	153144896	  1.30	         22.42亿	北京	8.98	9.19	81942	84632	  0.97	9.09	336	 -0.23	
600765	中航重机	2.12	-0.09	机械基件	305	9.92	--  	10.11	218580	2031	          2.81	3.33	10.25	10.11	0.428㈣	    23.61	219805088	  0.85	         78.66亿	贵州	9.92	10.06	114350	104230	  1.10	10.10	1168	  1.00	
002065	东华软件	2.10	0.12	软件服务	1272	8.14	--  	8.29	776443	2755	          2.77	5.30	8.57	8.28	0.210㈢	    29.57	648559424	  1.52	        232.48亿	北京	8.21	8.35	330340	446102	  0.74	8.28	2721	 -0.27	
600151	航天机电	2.07	0.37	半导体	1025	5.32	--  	5.43	546783	5136	          3.94	5.45	5.61	5.43	-0.169㈢	--  	297907008	  0.65	         75.41亿	上海	5.53	5.45	303543	243240	  1.25	5.42	649	  0.95	
300352	北信源	2.05	0.18	软件服务	242	5.40	--  	5.49	560100	3684	          5.12	6.33	5.74	5.48	0.023㈢	   177.53	309605344	  1.36	         59.93亿	北京	5.41	5.53	272931	287168	  0.95	5.48	680	 -0.32	
600592	龙溪股份	2.04	0.00	机械基件	159	6.86	--  	6.99	148600	1251	          3.72	3.65	7.11	6.99	0.210㈢	    24.92	103768272	  0.99	         27.93亿	福建	6.88	6.98	67714	80886	  0.84	6.98	251	  0.92	
000768	中航飞机	1.97	0.55	航空	1179	16.20	--  	16.56	386173	4456	          1.39	3.26	16.73	16.56	0.084㈢	   148.02	635702144	  1.05	        458.48亿	陕西	16.37	16.46	180011	206161	  0.87	16.55	625	 -0.39	
600150	*ST船舶	1.92	-0.37	船舶	1495	15.50	--  	15.90	260072	3482	          1.89	4.43	16.19	15.89	0.225㈢	    53.03	411588256	  1.46	        218.98亿	上海	15.86	15.83	159174	100897	  1.58	15.89	289	  0.80	
002436	兴森科技	1.90	0.19	元器件	1247	5.28	--  	5.35	455780	3430	          3.80	4.57	5.52	5.35	0.118㈢	    33.86	246877808	  0.94	         64.14亿	深圳	5.43	5.42	255272	200508	  1.27	5.34	5	 -0.46	
000760	斯太尔	1.89	0.27	汽车配件	6323	3.58	--  	3.79	918321	9122	         14.03	8.63	3.90	3.78	-0.442㈢	--  	342579328	  1.26	         24.74亿	湖北	3.61	3.73	451109	467212	  0.97	3.78	2139	 -0.48	
600363	联创光电	1.88	0.00	元器件	477	9.55	--  	9.74	199184	1797	          4.49	3.25	9.86	9.73	0.395㈢	    18.47	193355056	  1.12	         43.15亿	江西	9.59	9.71	106694	92489	  1.15	9.73	599	  0.76	
600316	洪都航空	1.87	0.37	航空	538	13.28	--  	13.61	303143	2987	          4.23	5.17	13.97	13.60	-0.108㈢	--  	411659040	  1.05	         97.53亿	江西	13.45	13.58	149075	154067	  0.97	13.60	124	  0.75	
300589	江龙船艇	1.87	-0.14	船舶	311	13.15	--  	13.62	126881	2808	         21.14	4.12	13.70	13.61	0.072㈢	   141.83	170304400	  1.10	          8.17亿	广东	13.16	13.42	66265	60616	  1.09	13.61	419	 -0.49	
002501	利源精制	1.86	0.61	铝	5860	3.15	--  	3.30	744504	11141	          7.44	5.57	3.33	3.29	-0.783㈢	--  	241243680	  1.34	         32.94亿	吉林	3.18	3.24	401710	342793	  1.17	3.29	3783	 -0.51	
300456	耐威科技	1.85	0.13	元器件	581	29.60	--  	30.31	92021	855	          6.41	4.30	30.88	30.30	0.300㈢	    93.76	278470464	  0.97	         43.50亿	北京	30.10	30.26	46175	45845	  1.01	30.30	71	 -0.52	
002254	泰和新材	1.83	0.17	化纤	47	11.45	--  	11.69	112039	1709	          1.83	3.48	11.85	11.69	0.231㈢	    37.92	130713488	  1.06	         71.39亿	山东	11.50	11.67	48782	63257	  0.77	11.68	127	 -0.54	
603712	七一二	1.79	0.43	通信设备	606	18.31	--  	18.80	182691	3058	          4.99	3.47	18.95	18.79	0.100㈢	   140.79	340314240	  1.01	         68.85亿	天津	18.37	18.63	82706	99985	  0.83	18.79	744	  0.67	
600698	湖南天雁	1.77	0.00	汽车配件	6046	4.00	--  	4.04	263789	2818	          3.58	2.27	4.09	4.03	-0.002㈢	--  	106536760	  0.93	         29.71亿	湖南	4.01	4.04	120654	143135	  0.84	4.03	2591	  0.65	
601611	中国核建	1.76	0.25	建筑施工	3763	8.02	--  	8.11	313679	5109	          3.26	2.89	8.25	8.10	0.220㈢	    27.62	255200496	  1.04	         77.91亿	上海	8.11	8.14	157167	156512	  1.00	8.10	267	  0.64	
002428	云南锗业	1.73	0.39	小金属	3674	7.42	--  	7.65	586357	4870	          9.10	5.86	7.86	7.64	0.014㈢	   411.83	447672512	  0.98	         49.21亿	云南	7.60	7.63	290397	295960	  0.98	7.64	1172	 -0.63	
300045	华力创通	1.73	0.21	电脑设备	505	9.27	--  	9.41	132046	1389	          3.24	3.03	9.55	9.41	0.079㈢	    89.85	124221944	  1.15	         38.32亿	北京	9.28	9.41	67129	64916	  1.03	9.40	165	 -0.63	
600435	北方导航	1.72	0.64	专用机械	3629	9.25	--  	9.47	568731	7782	          3.82	4.19	9.64	9.46	0.003㈢	  2623.64	536396320	  1.05	        140.89亿	北京	9.32	9.43	292945	275785	  1.06	9.46	372	  0.60	
300600	瑞特股份	1.72	0.16	电气设备	221	23.88	--  	24.32	35930	549	          5.44	5.06	25.09	24.31	0.513㈢	    35.55	88092632	  1.15	         16.05亿	江苏	24.08	24.52	19215	16715	  1.15	24.31	20	 -0.65	
600990	四创电子	1.71	0.02	通信设备	43	42.61	--  	43.33	25162	128	          1.84	3.52	44.11	43.32	-0.030㈢	--  	109372512	  1.03	         59.22亿	安徽	42.61	43.47	11780	13382	  0.88	43.32	3	  0.59	
002747	埃斯顿	1.68	-0.18	机械基件	853	10.19	--  	10.31	119332	2568	          1.64	3.75	10.57	10.30	0.084㈢	    91.51	124340712	  1.17	         74.82亿	江苏	10.20	10.42	58839	60492	  0.97	10.30	40	 -0.69	
000595	宝塔实业	1.67	0.55	机械基件	2885	3.55	--  	3.67	418484	4467	          5.55	5.00	3.73	3.66	-0.010㈢	--  	152524064	  1.00	         27.61亿	宁夏	3.61	3.64	218206	200278	  1.09	3.66	1437	 -0.70	
300516	久之洋	1.65	0.54	电器仪表	4	33.00	--  	33.33	10796	114	          2.29	2.65	33.87	33.33	0.191㈢	   130.86	36102708	  1.25	         15.70亿	湖北	33.00	33.44	5496	5299	  1.04	33.31	2	 -0.72	
002049	紫光国微	1.62	0.24	元器件	560	37.83	--  	38.21	352403	2741	          5.83	4.41	39.49	38.21	0.474㈢	    60.44	1360887680	  1.21	        231.02亿	河北	38.29	38.62	176809	175594	  1.01	38.20	79	 -0.74	
002871	伟隆股份	1.58	0.47	机械基件	119	22.75	--  	23.76	71753	1465	         24.83	5.26	23.98	23.75	0.450㈢	    39.96	167788640	  1.15	          6.86亿	山东	23.52	23.38	36541	35212	  1.04	23.75	132	 -0.78	
002253	川大智胜	1.57	0.36	软件服务	61	16.68	--  	16.87	101903	1025	          4.93	4.28	17.39	16.86	0.139㈢	    91.16	172915344	  1.02	         34.86亿	四川	16.80	16.97	51416	50487	  1.02	16.86	107	 -0.80	
000687	华讯方舟	1.56	0.13	通信设备	23	7.68	--  	7.82	165542	685	          2.20	4.94	8.06	7.81	0.065㈢	    89.44	129917504	  1.42	         58.80亿	河北	7.75	7.85	81783	83758	  0.98	7.81	588	 -0.80	
300159	新研股份	1.56	0.69	农用机械	1146	5.76	--  	5.87	412139	3465	          3.54	4.15	6.00	5.87	0.218㈢	    20.19	242208768	  0.94	         68.38亿	新疆	5.84	5.88	209003	203135	  1.03	5.86	870	 -0.81	
002664	长鹰信质	1.56	0.44	汽车配件	1689	13.42	--  	13.72	133159	672	          3.80	4.22	13.99	13.71	0.497㈢	    20.68	182808384	  1.13	         47.98亿	浙江	13.55	13.73	69471	63687	  1.09	13.71	294	 -0.81	
600893	航发动力	1.55	0.28	航空	187	25.12	--  	25.52	207019	2702	          1.06	3.34	25.96	25.51	0.289㈢	    66.17	529844000	  1.06	        496.87亿	陕西	25.20	25.59	94008	113010	  0.83	25.51	304	  0.43	
300711	广哈通信	1.55	0.10	通信设备	102	19.51	--  	19.69	50576	585	         11.19	2.94	20.08	19.69	0.129㈢	   114.32	100175424	  1.06	          8.90亿	广东	19.51	19.81	22717	27858	  0.82	19.68	112	 -0.82	
002246	北化股份	1.54	0.38	化工原料	498	7.77	--  	7.92	110445	1384	          2.45	3.85	8.07	7.92	0.137㈢	    43.44	87267632	  1.33	         35.63亿	四川	7.83	7.90	52281	58164	  0.90	7.91	93	 -0.83	
002151	北斗星通	1.53	0.20	通信设备	24	25.05	--  	25.28	187115	1528	          6.46	2.93	25.78	25.27	0.105㈢	   181.34	474751200	  0.96	         73.18亿	北京	25.05	25.37	88325	98790	  0.89	25.27	72	 -0.84	
300129	泰胜风能	1.52	0.25	电气设备	2571	3.97	--  	4.01	226450	951	          4.23	3.05	4.09	4.00	0.030㈢	   100.51	91318480	  0.83	         21.42亿	上海	3.98	4.03	99270	127179	  0.78	4.00	1486	 -0.84	
000738	航发控制	1.51	0.61	航空	372	14.55	--  	14.83	193228	1993	          1.69	3.22	15.02	14.83	0.204㈢	    54.60	286161600	  1.17	        169.90亿	江苏	14.75	14.81	101228	91999	  1.10	14.82	381	 -0.86	
002077	大港股份	1.50	0.21	区域地产	27	4.67	--  	4.74	225757	1753	          4.25	4.71	4.89	4.74	-0.181㈢	--  	107405680	  1.06	         25.20亿	江苏	4.68	4.76	107060	118696	  0.90	4.73	1933	 -0.87	
002003	伟星股份	1.48	0.00	服饰	2047	7.43	--  	7.55	127315	716	          2.02	3.09	7.66	7.55	0.399㈢	    14.19	95893760	  1.96	         47.55亿	浙江	7.44	7.53	57021	70294	  0.81	7.54	613	 -0.89	
300719	安达维尔	1.48	0.69	航空	582	11.48	--  	11.69	76965	1470	          9.35	2.61	11.78	11.68	-0.076㈢	--  	89459880	  1.04	          9.62亿	北京	11.60	11.62	39060	37904	  1.03	11.68	36	 -0.89	
600967	内蒙一机	1.45	0.59	运输设备	2838	11.66	--  	11.88	350816	3913	          3.65	3.50	12.07	11.87	0.207㈢	    43.06	416756672	  1.12	        114.01亿	内蒙	11.77	11.88	193684	157132	  1.23	11.87	505	  0.33	
002414	高德红外	1.45	0.68	电器仪表	92	25.94	--  	26.62	107703	1479	          2.26	6.60	27.67	26.61	0.155㈢	   128.69	289018464	  0.98	        126.69亿	湖北	26.23	26.83	53840	53863	  1.00	26.61	39	 -0.92	
000066	中国长城	1.43	0.00	电脑设备	1672	7.00	--  	7.10	916800	5148	          3.68	5.01	7.35	7.09	0.071㈢	    75.06	655728640	  1.11	        176.59亿	深圳	7.12	7.15	448445	468354	  0.96	7.09	1613	 -0.93	
300402	宝色股份	1.42	0.00	专用机械	287	9.22	--  	9.32	33520	528	          3.88	3.38	9.53	9.31	0.015㈢	   456.12	31453612	  1.07	          8.03亿	江苏	9.29	9.38	17104	16415	  1.04	9.31	22	 -0.95	
600590	泰豪科技	1.40	0.46	电气设备	3	6.45	--  	6.52	146163	964	          1.78	2.95	6.64	6.52	0.186㈢	    26.30	95499184	  1.08	         53.61亿	江西	6.45	6.53	78386	67776	  1.16	6.51	343	  0.28	
600391	航发科技	1.39	0.41	航空	243	14.29	--  	14.61	154034	1379	          4.67	3.54	14.80	14.60	-0.234㈢	--  	224242400	  1.01	         48.20亿	四川	14.52	14.56	80390	73644	  1.09	14.60	108	  0.27	
000901	航天科技	1.37	0.40	航空	959	12.40	--  	12.56	309472	3095	          5.46	3.07	12.78	12.55	0.092㈢	   102.13	389102912	  0.95	         71.16亿	黑龙江	12.41	12.57	159565	149907	  1.06	12.55	730	 -0.99	
002692	远程股份	1.37	0.00	电气设备	801	4.37	--  	4.45	218861	1579	          3.06	2.97	4.50	4.44	0.050㈢	    67.09	97137504	  0.81	         31.76亿	江苏	4.38	4.44	96572	122288	  0.79	4.44	2815	 -0.99	
300542	新晨科技	1.36	0.45	软件服务	775	15.43	--  	15.73	53146	886	          9.43	4.39	16.11	15.70	0.069㈢	   171.80	84007520	  1.11	          8.85亿	北京	15.63	15.81	25481	27665	  0.92	15.70	26	 -1.01	
000955	欣龙控股	1.32	0.44	纺织	428	4.51	--  	4.61	254586	3333	          4.73	3.30	4.66	4.61	-0.065㈢	--  	117152056	  0.87	         24.82亿	海南	4.58	4.60	118556	136029	  0.87	4.60	602	 -1.05	
600343	航天动力	1.32	0.60	航空	400	9.85	--  	10.00	213507	3704	          3.35	3.25	10.17	9.99	0.016㈢	   480.60	213127616	  0.91	         63.76亿	陕西	10.00	9.98	108778	104729	  1.04	9.99	453	  0.20	
600118	中国卫星	1.30	-0.17	航空	451	22.29	--  	22.60	216563	2126	          1.83	3.54	23.08	22.59	0.227㈢	    74.50	491127360	  0.93	        267.12亿	北京	22.53	22.68	103963	112600	  0.92	22.59	522	  0.18	
002350	北京科锐	1.28	-0.27	电气设备	516	7.02	--  	7.12	137205	426	          2.81	3.99	7.30	7.11	0.150㈢	    39.30	98386432	  1.19	         34.73亿	北京	7.06	7.17	67049	70155	  0.96	7.11	468	 -1.08	
300265	通光线缆	1.28	0.00	电气设备	434	9.45	--  	9.54	141169	1214	          4.19	3.61	9.79	9.53	0.091㈢	    78.46	135824800	  0.89	         32.09亿	江苏	9.55	9.62	70489	70680	  1.00	9.53	10	 -1.09	
600372	中航电子	1.27	0.48	航空	679	16.44	--  	16.77	172587	1509	          0.98	3.38	17.00	16.76	0.140㈢	    89.33	288790048	  1.05	        294.84亿	北京	16.58	16.73	92256	80330	  1.15	16.76	655	  0.15	
300114	中航电测	1.26	0.21	元器件	508	9.53	--  	9.66	103559	446	          1.75	3.77	9.89	9.66	0.225㈢	    32.24	100358200	  0.85	         57.07亿	陕西	9.60	9.69	58621	44938	  1.30	9.65	657	 -1.11	
600184	光电股份	1.25	0.71	专用机械	28	11.18	--  	11.32	62105	1015	          1.22	2.59	11.47	11.32	0.088㈢	    96.68	70344744	  0.97	         57.59亿	湖北	11.23	11.33	32852	29253	  1.12	11.31	6	  0.13	
300527	中国应急	1.22	0.61	专用机械	818	8.10	--  	8.28	218256	5125	          8.46	3.43	8.38	8.27	0.150㈢	    41.27	179897472	  1.02	         21.34亿	湖北	8.13	8.24	113742	104513	  1.09	8.27	295	 -1.14	
300297	蓝盾股份	1.22	0.15	软件服务	907	6.55	--  	6.63	570483	2868	          7.34	5.50	6.91	6.63	0.193㈢	    25.74	382612544	  1.16	         51.55亿	广东	6.59	6.71	298200	272283	  1.10	6.62	527	 -1.14	
600456	宝钛股份	1.18	0.90	小金属	203	21.04	--  	21.40	183235	1015	          4.26	5.34	22.17	21.40	0.225㈢	    71.33	396152736	  1.53	         92.08亿	陕西	21.80	21.62	94514	88721	  1.07	21.39	458	  0.06	
600360	华微电子	1.13	0.16	半导体	1267	6.20	--  	6.24	333424	1200	          4.49	2.59	6.36	6.24	0.100㈢	    45.00	209167872	  1.18	         46.31亿	吉林	6.21	6.27	161349	172074	  0.94	6.23	852	  0.01	
002783	凯龙股份	1.13	0.25	化工原料	33	7.94	--  	8.08	81807	1007	          3.17	4.01	8.26	8.07	0.302㈢	    20.07	66286888	  1.02	         20.82亿	湖北	8.00	8.10	38849	42957	  0.90	8.07	130	 -1.24	
000519	中兵红箭	1.13	0.25	矿物制品	783	7.92	--  	8.08	496907	8992	          6.76	2.88	8.15	8.07	0.186㈢	    32.46	398621920	  0.95	         59.33亿	湖南	8.00	8.02	258932	237974	  1.09	8.07	2012	 -1.24	
002089	新 海 宜	1.12	0.00	通信设备	2830	5.35	--  	5.42	901417	6831	          9.63	4.10	5.57	5.42	0.078㈢	    52.09	492252096	  0.78	         50.75亿	江苏	5.41	5.46	490545	410871	  1.19	5.41	935	 -1.25	
300342	天银机电	1.09	0.36	元器件	253	8.28	--  	8.37	109477	704	          2.75	2.42	8.48	8.36	0.229㈢	    27.42	91708304	  1.11	         33.28亿	江苏	8.30	8.38	56939	52537	  1.08	8.36	244	 -1.28	
300101	振芯科技	1.06	0.35	通信设备	2374	11.23	--  	11.41	260461	2930	          4.74	3.81	11.66	11.40	0.048㈢	   179.92	297396160	  1.05	         62.66亿	四川	11.38	11.42	136470	123991	  1.10	11.40	199	 -1.30	
600879	航天电子	1.06	0.30	航空	5721	6.62	--  	6.71	685643	5691	          2.84	2.71	6.80	6.70	0.126㈢	    39.89	460128288	  1.07	        161.69亿	湖北	6.68	6.71	351287	334355	  1.05	6.70	1617	 -0.07	
002013	中航机电	1.06	0.39	航空	3098	7.57	--  	7.66	530758	2672	          1.69	2.37	7.75	7.66	0.140㈢	    41.18	406952672	  1.18	        240.72亿	湖北	7.61	7.67	277789	252968	  1.10	7.65	1179	 -1.31	
603590	康辰药业	1.05	-0.02	化学制药	141	35.26	--  	35.51	36686	391	          9.17	2.90	36.28	35.51	1.260㈢	    27.15	130839136	  1.16	         14.20亿	北京	35.50	35.66	17996	18689	  0.96	35.50	20	 -0.07	
600399	*ST抚钢	1.05	-0.25	特种钢	1465	3.79	--  	3.85	359795	2400	          1.82	5.26	3.99	3.84	-0.064㈢	--  	140799712	  1.66	         75.73亿	辽宁	3.88	3.91	200448	159346	  1.26	3.84	1227	 -0.07	
002300	太阳电缆	1.05	0.30	电气设备	2322	6.68	--  	6.74	141324	933	          2.60	2.40	6.84	6.73	0.144㈢	    35.04	95483136	  0.95	         36.52亿	福建	6.70	6.76	73919	67404	  1.10	6.73	803	 -1.31	
000059	华锦股份	1.04	0.30	石油加工	1077	6.68	--  	6.77	320365	1998	          2.00	2.84	6.87	6.77	0.662㈢	     7.67	217321248	  1.03	        108.28亿	辽宁	6.72	6.78	162992	157373	  1.04	6.76	794	 -1.32	
000561	烽火电子	1.03	0.15	通信设备	810	6.80	--  	6.85	146165	1221	          2.46	2.65	6.98	6.85	0.012㈢	   436.86	100601104	  0.81	         40.69亿	陕西	6.80	6.88	67828	78337	  0.87	6.84	420	 -1.33	
002535	林州重机	1.01	0.50	工程机械	831	3.95	--  	3.99	223794	1679	          3.79	2.03	4.03	3.99	0.092㈢	    32.60	89302904	  0.94	         23.56亿	河南	3.98	3.99	99518	124275	  0.80	3.98	1447	 -1.35	
002497	雅化集团	1.01	0.25	化工原料	1834	7.88	--  	7.99	450466	4365	          5.53	3.79	8.18	7.99	0.184㈢	    32.55	361128544	  0.88	         65.11亿	四川	7.92	8.02	222582	227884	  0.98	7.98	748	 -1.35	
600148	长春一东	0.98	0.18	汽车配件	310	16.41	--  	16.57	40980	630	          2.90	3.41	16.97	16.56	0.171㈢	    72.76	68192592	  0.89	         23.44亿	吉林	16.45	16.64	20476	20503	  1.00	16.56	9	 -0.15	
002448	中原内配	0.97	0.16	汽车配件	1541	6.19	--  	6.24	139750	1803	          2.97	2.76	6.36	6.23	0.323㈢	    14.45	87678792	  0.99	         29.34亿	河南	6.19	6.27	72575	67175	  1.08	6.23	359	 -1.39	
002297	博云新材	0.97	0.28	矿物制品	271	7.20	--  	7.29	226903	2027	          5.71	2.36	7.37	7.28	0.013㈢	   417.95	165120064	  1.10	         28.94亿	湖南	7.25	7.28	116497	110405	  1.06	7.28	765	 -1.39	
601118	海南橡胶	0.94	0.37	橡胶	1808	5.29	--  	5.38	737279	4535	          1.72	3.20	5.46	5.37	0.105㈢	    38.27	396156192	  1.13	        229.81亿	海南	5.33	5.37	375011	362268	  1.04	5.37	4018	 -0.18	
002268	卫 士 通	0.94	-0.03	软件服务	56	25.58	--  	25.81	114397	666	          1.41	3.29	26.42	25.80	-0.088㈢	--  	298266304	  1.26	        208.95亿	四川	25.72	26.07	56678	57718	  0.98	25.80	39	 -1.43	
300428	四通新材	0.94	0.17	铝	367	11.62	--  	11.83	52749	381	          3.82	3.58	12.04	11.83	0.200㈢	    80.96	62628724	  1.18	         16.33亿	河北	11.72	11.87	24922	27827	  0.90	11.82	43	 -1.43	
002402	和而泰	0.93	-0.22	元器件	962	8.62	--  	8.68	258722	1771	          3.58	3.73	8.94	8.67	0.216㈢	    30.14	227023088	  0.94	         62.66亿	深圳	8.70	8.77	130901	127821	  1.02	8.67	198	 -1.43	
600562	国睿科技	0.90	0.13	通信设备	406	15.41	--  	15.65	94052	601	          1.56	3.81	16.00	15.64	0.048㈢	   241.96	148172256	  1.03	         94.08亿	江苏	15.52	15.75	47429	46622	  1.02	15.64	306	 -0.22	
300489	中飞股份	0.90	0.30	铝	126	13.34	--  	13.46	23771	266	          3.32	2.55	13.68	13.45	0.010㈢	  1003.88	32106972	  1.09	          9.62亿	黑龙江	13.38	13.51	11303	12467	  0.91	13.45	57	 -1.46	
600480	凌云股份	0.87	0.65	汽车配件	135	9.23	--  	9.33	91967	1219	          2.04	2.81	9.49	9.32	0.490㈢	    14.45	86038784	  1.08	         42.03亿	河北	9.28	9.36	49953	42013	  1.19	9.32	119	 -0.26	
002023	海特高新	0.86	0.00	航空	1276	11.66	--  	11.75	403773	4518	          6.12	3.18	12.03	11.74	0.064㈢	   137.09	477488352	  0.91	         77.40亿	四川	11.67	11.83	199085	204688	  0.97	11.74	454	 -1.51	
300345	红宇新材	0.84	0.21	钢加工	4356	4.63	--  	4.80	475309	5075	         12.89	6.74	4.95	4.79	-0.136㈢	--  	226360656	  1.13	         17.66亿	湖南	4.63	4.76	249789	225519	  1.11	4.79	1875	 -1.52	
300092	科新机电	0.84	0.28	专用机械	1534	7.15	--  	7.25	132803	1509	          7.93	2.79	7.35	7.24	0.029㈢	   189.50	96095584	  0.93	         12.12亿	四川	7.19	7.24	73381	59422	  1.23	7.24	1210	 -1.53	
600877	ST嘉陵	0.83	0.00	摩托车	805	4.71	--  	4.84	113862	1056	          1.66	3.13	4.86	4.84	-0.235㈢	--  	54584824	  1.24	         33.26亿	重庆	4.80	4.79	58654	55207	  1.06	4.83	172	 -0.29	
600482	中国动力	0.83	0.39	电气设备	20	25.01	--  	25.57	66136	932	          0.74	3.43	25.88	25.55	0.580㈢	    33.06	168829472	  1.02	        227.68亿	河北	25.49	25.53	32753	33382	  0.98	25.55	60	 -0.29	
300311	任子行	0.83	0.41	软件服务	2445	7.25	--  	7.33	414030	4422	          9.01	5.79	7.67	7.32	0.160㈢	    33.85	307325376	  1.24	         33.63亿	广东	7.35	7.42	210399	203630	  1.03	7.32	292	 -1.54	
600487	亨通光电	0.83	0.14	通信设备	2808	21.87	--  	21.99	807769	4202	          4.34	3.58	22.65	21.98	1.107㈢	    14.89	1802769536	  1.15	        408.90亿	江苏	22.43	22.32	413474	394295	  1.05	21.98	561	 -0.30	
002046	轴研科技	0.80	-0.12	机械基件	7	7.50	--  	7.55	49944	140	          1.26	3.07	7.73	7.54	0.080㈢	    70.76	38036812	  0.83	         29.83亿	河南	7.52	7.62	25459	24485	  1.04	7.54	15	 -1.56	
600855	航天长峰	0.79	-0.20	专用机械	34	13.80	--  	13.97	184244	2108	          5.58	3.90	14.34	13.97	0.028㈢	   369.97	259394736	  0.85	         46.12亿	北京	13.86	14.08	100616	83628	  1.20	13.96	422	 -0.33	
300560	中富通	0.78	0.19	通信设备	35	20.45	--  	20.66	55557	614	          8.30	3.47	21.16	20.65	0.220㈢	    70.24	115820752	  1.07	         13.83亿	福建	20.53	20.85	27321	28235	  0.97	20.65	37	 -1.58	
600760	中航沈飞	0.78	0.15	航空	151	33.30	--  	33.65	136549	1588	          3.43	2.67	34.19	33.65	0.220㈢	   113.03	460710944	  1.08	        134.10亿	山东	33.39	33.74	70997	65552	  1.08	33.64	957	 -0.34	
600330	天通股份	0.77	-0.12	元器件	570	7.74	--  	7.88	407684	2634	          4.09	4.23	8.07	7.87	0.234㈢	    25.22	322621120	  0.81	         78.43亿	浙江	7.87	7.91	210251	197433	  1.06	7.87	3177	 -0.35	
300411	金盾股份	0.77	0.11	专用机械	585	9.05	--  	9.23	155910	2499	          8.49	4.15	9.43	9.22	0.134㈢	    51.46	143899072	  0.88	         16.93亿	浙江	9.21	9.23	83981	71928	  1.17	9.22	1001	 -1.60	
002406	远东传动	0.76	0.00	汽车配件	764	6.47	--  	6.63	212735	2061	          5.12	7.61	6.97	6.62	0.327㈢	    15.19	141015072	  2.22	         27.52亿	河南	6.55	6.63	108368	104367	  1.04	6.62	653	 -1.60	
600178	东安动力	0.75	0.19	汽车配件	625	5.28	--  	5.35	122777	664	          2.66	2.82	5.43	5.35	0.143㈢	    28.06	65800636	  1.05	         24.72亿	黑龙江	5.31	5.36	56844	65932	  0.86	5.34	186	 -0.37	
300350	华鹏飞	0.74	0.15	仓储物流	284	6.71	--  	6.83	99177	1209	          3.17	4.28	7.00	6.82	0.150㈢	    34.12	67846080	  0.98	         21.33亿	深圳	6.80	6.84	53613	45564	  1.18	6.82	617	 -1.63	
603131	上海沪工	0.73	0.05	专用机械	72	20.62	--  	20.77	30691	474	          6.14	2.77	21.19	20.72	0.230㈢	    76.00	64179956	  0.89	         10.36亿	上海	20.65	20.91	13827	16864	  0.82	20.72	2	 -0.39	
002560	通达股份	0.71	0.35	电气设备	1336	5.47	--  	5.67	176419	3344	          6.53	4.09	5.70	5.66	0.060㈢	    67.87	98333344	  1.53	         15.30亿	河南	5.52	5.57	95610	80809	  1.18	5.66	507	 -1.65	
002361	神剑股份	0.69	0.00	化工原料	1709	4.32	--  	4.40	232070	1907	          3.76	2.98	4.45	4.39	0.072㈢	    45.54	101737600	  1.12	         27.08亿	安徽	4.37	4.38	131968	100101	  1.32	4.39	1886	 -1.68	
600262	北方股份	0.69	0.10	汽车整车	120	18.96	--  	19.10	21610	144	          1.27	2.58	19.45	19.09	0.428㈢	    33.44	41452384	  1.20	         32.45亿	内蒙	19.19	19.18	10134	11476	  0.88	19.09	177	 -0.44	
300084	海默科技	0.67	-0.16	石油开采	166	5.92	--  	5.99	164516	2226	          5.42	2.69	6.08	5.98	-0.063㈢	--  	98737232	  0.87	         18.15亿	甘肃	5.95	6.00	86395	78120	  1.11	5.98	784	 -1.69	
300053	欧比特	0.66	0.09	半导体	80	10.57	--  	10.69	252967	2620	          5.07	5.66	11.17	10.68	0.140㈢	    61.48	274107616	  1.10	         53.28亿	广东	11.08	10.84	141191	111775	  1.26	10.68	279	 -1.70	
600794	保税科技	0.65	-0.31	仓储物流	1007	3.06	--  	3.10	204108	1107	          1.71	2.61	3.14	3.09	0.024㈢	    96.37	63340532	  0.86	         36.82亿	江苏	3.08	3.10	101169	102939	  0.98	3.09	3146	 -0.47	
002389	航天彩虹	0.64	0.07	元器件	502	14.06	--  	14.24	165909	925	          2.45	3.46	14.55	14.24	0.088㈢	   121.73	236734544	  0.99	         96.35亿	浙江	14.18	14.27	84720	81188	  1.04	14.23	62	 -1.73	
002520	日发精机	0.63	0.00	机床制造	476	7.88	--  	7.99	60698	302	          2.57	3.78	8.18	7.98	0.110㈢	    72.05	48763368	  1.00	         18.83亿	浙江	7.99	8.03	32405	28292	  1.15	7.98	169	 -1.73	
300215	电科院	0.61	0.31	电气设备	74	6.50	--  	6.57	143351	1593	          2.36	3.22	6.71	6.56	0.121㈢	    40.63	94714160	  1.13	         39.90亿	江苏	6.59	6.61	74518	68833	  1.08	6.56	384	 -1.75	
002097	山河智能	0.60	0.15	工程机械	138	6.64	--  	6.72	249634	1516	          2.97	3.00	6.84	6.71	0.380㈢	    13.75	168317840	  1.32	         56.49亿	湖南	6.68	6.74	129593	120040	  1.08	6.71	296	 -1.76	
300581	晨曦航空	0.59	0.06	航空	124	15.26	--  	15.48	50895	296	          8.53	2.86	15.70	15.47	0.187㈢	    62.08	78978592	  0.86	          9.23亿	陕西	15.35	15.52	29848	21047	  1.42	15.47	175	 -1.78	
600378	天科股份	0.58	0.29	化工原料	242	10.30	--  	10.38	29345	136	          0.99	2.52	10.56	10.38	0.130㈢	   163.84	30605498	  1.36	         30.85亿	四川	10.34	10.43	16149	13196	  1.22	10.37	89	 -0.54	
300414	中光防雷	0.58	0.29	元器件	22	16.88	--  	17.30	50940	566	          3.23	4.42	17.64	17.30	0.192㈢	    67.74	88136880	  1.37	         27.25亿	四川	17.32	17.30	25836	25104	  1.03	17.29	130	 -1.78	
600353	旭光股份	0.57	0.00	元器件	2825	5.25	--  	5.28	129148	2405	          2.38	3.82	5.45	5.27	0.098㈢	    40.33	68879704	  1.13	         28.65亿	四川	5.26	5.33	62242	66905	  0.93	5.27	889	 -0.55	
600416	湘电股份	0.57	0.85	电气设备	214	6.91	--  	7.11	200722	3150	          2.28	4.81	7.25	7.11	-0.454㈢	--  	141667504	  0.97	         62.67亿	湖南	7.06	7.06	125872	74849	  1.68	7.10	490	 -0.56	
300726	宏达电子	0.55	0.00	元器件	350	20.11	--  	20.22	88187	921	          8.79	2.79	20.67	20.21	0.445㈢	    34.09	180017712	  1.00	         20.27亿	湖南	20.30	20.41	46692	41494	  1.13	20.21	370	 -1.82	
002465	海格通信	0.51	0.10	通信设备	136	9.73	--  	9.83	634058	3688	          3.06	3.28	10.05	9.82	0.111㈢	    66.43	627777664	  1.16	        203.32亿	广东	9.91	9.90	328048	306009	  1.07	9.82	906	 -1.85	
600038	中直股份	0.51	0.00	航空	1379	47.03	--  	47.20	85091	1052	          1.44	3.13	48.50	47.19	0.510㈢	    68.12	406247456	  1.05	        278.17亿	黑龙江	47.13	47.74	38322	46769	  0.82	47.19	51	 -0.61	
300591	万里马	0.48	0.00	服饰	404	6.27	--  	6.29	36914	736	          3.23	2.40	6.42	6.29	0.040㈢	   117.30	23415120	  1.00	          7.20亿	广东	6.30	6.34	17856	19058	  0.94	6.28	496	 -1.89	
002724	海洋王	0.47	0.00	半导体	43	6.33	--  	6.43	65989	894	          1.99	3.76	6.57	6.42	0.111㈢	    43.45	42629840	  1.13	         21.30亿	深圳	6.40	6.46	38907	27082	  1.44	6.42	36	 -1.90	
002544	杰赛科技	0.45	0.30	软件服务	95	13.08	--  	13.25	131801	895	          2.58	3.64	13.56	13.25	0.073㈢	   135.39	176349888	  1.00	         67.82亿	广东	13.30	13.38	67469	64332	  1.05	13.24	56	 -1.91	
300563	神宇股份	0.45	0.00	通信设备	101	26.73	--  	26.93	24293	282	          7.57	3.62	27.70	26.93	0.419㈢	    48.18	66053668	  1.09	          8.64亿	江苏	26.88	27.19	12980	11312	  1.15	26.92	14	 -1.92	
002413	雷科防务	0.44	0.00	通信设备	4092	6.78	--  	6.87	467355	6165	          4.70	4.39	7.08	6.87	0.093㈢	    55.24	321755936	  1.12	         68.38亿	江苏	6.84	6.88	242861	224494	  1.08	6.86	1297	 -1.93	
300177	中海达	0.43	0.36	通信设备	174	13.73	--  	13.92	227260	2237	          6.91	4.33	14.33	13.92	0.166㈢	    62.87	318082272	  0.74	         45.81亿	广东	14.00	14.00	113540	113720	  1.00	13.91	7	 -1.93	
002935	天奥电子	0.43	0.39	元器件	68	48.76	--  	49.14	54382	545	         20.39	3.82	50.63	49.13	0.390㈢	   122.20	269385504	  0.92	         13.10亿	四川	49.16	49.54	27153	27228	  1.00	49.13	9	 -1.94	
002510	天汽模	0.43	0.00	汽车配件	5139	4.63	--  	4.72	441074	3425	          5.61	3.41	4.79	4.71	0.110㈢	    31.75	207320224	  0.99	         37.06亿	天津	4.69	4.70	220492	220581	  1.00	4.71	1273	 -1.94	
300354	东华测试	0.40	0.00	电器仪表	136	10.02	--  	10.10	29745	277	          3.94	3.28	10.35	10.09	0.018㈢	   421.80	30197246	  0.99	          7.62亿	江苏	10.07	10.15	15481	14263	  1.09	10.09	177	 -1.97	
603308	应流股份	0.38	0.38	专用机械	118	10.48	--  	10.57	74596	509	          1.86	3.14	10.81	10.56	0.161㈢	    49.32	79437176	  0.97	         42.24亿	安徽	10.54	10.65	39835	34760	  1.15	10.56	203	 -0.74	
300480	光力科技	0.37	-0.18	电器仪表	89	10.65	--  	10.79	29134	218	          2.76	3.45	11.02	10.77	0.124㈢	    65.18	31655840	  1.08	         11.37亿	河南	10.65	10.87	15840	13293	  1.19	10.77	23	 -1.99	
600568	中珠医疗	0.37	0.00	区域地产	3854	2.71	--  	2.75	1196579	12536	          7.65	4.03	2.82	2.74	0.013㈢	   158.39	329730400	  0.91	         42.88亿	湖北	2.74	2.76	632304	564275	  1.12	2.74	3928	 -0.76	
300629	新劲刚	0.35	0.10	矿物制品	332	19.76	--  	20.00	30893	364	          7.14	3.97	20.55	19.99	0.121㈢	   124.10	62338340	  0.82	          8.65亿	广东	19.91	20.18	17180	13713	  1.25	19.99	192	 -2.01	
600634	*ST富控	0.35	0.35	互联网	1896	2.85	--  	2.88	133411	1441	          2.32	3.83	2.96	2.88	-0.781㈢	--  	38648180	  1.10	         16.58亿	上海	2.92	2.90	75585	57825	  1.31	2.87	995	 -0.77	
002111	威海广泰	0.32	0.32	航空	1445	12.38	--  	12.52	59504	481	          1.76	3.04	12.76	12.52	0.467㈢	    20.09	75070184	  0.95	         42.31亿	山东	12.59	12.62	32323	27181	  1.19	12.51	12	 -2.04	
000534	万泽股份	0.29	0.20	区域地产	126	10.08	--  	10.21	43585	1339	          0.89	2.65	10.35	10.20	0.033㈢	   234.18	44425280	  1.65	         50.12亿	广东	10.18	10.19	31570	12015	  2.63	10.20	37	 -2.07	
600565	迪马股份	0.29	-0.28	全国地产	2117	3.41	--  	3.44	516023	1822	          2.18	3.51	3.53	3.43	0.156㈢	    16.46	179600096	  0.94	         81.25亿	重庆	3.42	3.48	254638	261385	  0.97	3.43	2697	 -0.83	
600523	贵航股份	0.28	0.00	汽车配件	666	10.56	--  	10.67	111335	722	          2.76	2.35	10.81	10.66	0.241㈢	    33.18	119079056	  1.06	         43.07亿	贵州	10.60	10.70	61297	50038	  1.23	10.66	130	 -0.84	
002342	巨力索具	0.25	-0.24	机械基件	3966	3.91	--  	3.95	333321	2088	          3.78	2.80	4.02	3.94	0.016㈢	   182.11	132116176	  1.04	         34.72亿	河北	3.97	3.96	167677	165643	  1.01	3.94	3194	 -2.11	
600862	中航高科	0.25	0.25	航空	469	7.95	--  	8.04	210033	1671	          1.51	3.12	8.20	8.03	0.167㈢	    36.13	169655936	  1.00	        111.86亿	江苏	8.02	8.08	117955	92078	  1.28	8.03	107	 -0.87	
000026	飞亚达Ａ	0.23	-0.11	其他商业	81	8.55	--  	8.59	46963	110	          1.32	3.85	8.88	8.59	0.370㈢	    17.54	40690180	  1.39	         30.64亿	深圳	8.58	8.66	23624	23339	  1.01	8.58	384	 -2.13	
000625	长安汽车	0.23	0.11	汽车整车	371	8.71	--  	8.78	324513	2083	          0.86	3.54	9.02	8.77	0.242㈢	    27.16	287896576	  1.12	        329.83亿	重庆	8.75	8.87	159791	164721	  0.97	8.77	668	 -2.14	
300201	海伦哲	0.21	0.21	专用机械	677	4.87	--  	4.89	142250	987	          1.63	2.26	4.98	4.88	0.053㈢	    68.90	69932696	  0.69	         42.65亿	江苏	4.95	4.92	74775	67474	  1.11	4.88	1465	 -2.16	
002303	美盈森	0.19	0.38	造纸	109	5.22	--  	5.27	128205	774	          0.84	3.05	5.38	5.26	0.191㈢	    20.61	67958504	  0.96	         80.52亿	深圳	5.28	5.30	61579	66626	  0.92	5.26	169	 -2.17	
000050	深天马Ａ	0.19	0.06	元器件	2364	15.71	--  	16.22	1369047	13083	          7.52	5.81	16.65	16.21	0.623㈢	    19.53	2217459712	  0.77	        295.00亿	深圳	16.40	16.20	678885	690161	  0.98	16.21	1238	 -2.18	
300095	华伍股份	0.17	0.00	机械基件	1327	5.74	--  	5.80	134744	991	          5.61	3.46	5.94	5.79	0.110㈢	    39.63	78509352	  0.99	         13.90亿	江西	5.83	5.83	70752	63992	  1.11	5.79	1123	 -2.19	
300281	金明精机	0.15	0.15	专用机械	1920	6.59	--  	6.67	279042	2444	         10.65	3.16	6.80	6.66	0.079㈢	    63.02	186591232	  0.92	         17.46亿	广东	6.66	6.69	138083	140958	  0.98	6.66	1651	 -2.21	
002328	新朋股份	0.14	0.29	汽车配件	142	6.92	--  	7.02	279396	2514	          8.59	4.28	7.22	7.02	0.163㈢	    32.39	196951136	  1.03	         22.82亿	上海	7.15	7.05	155251	124145	  1.25	7.01	203	 -2.22	
000777	中核科技	0.14	0.07	机械基件	1083	14.37	--  	14.39	203515	2400	          5.31	3.69	14.90	14.39	0.140㈢	    76.94	296887104	  1.06	         55.17亿	江苏	14.56	14.59	108008	95507	  1.13	14.38	271	 -2.23	
300474	景嘉微	0.14	-0.15	元器件	9	43.22	--  	43.47	42973	266	          6.32	4.63	45.23	43.47	0.370㈢	    99.58	190035984	  1.03	         29.55亿	湖南	44.89	44.22	21875	21097	  1.04	43.46	129	 -2.23	
002309	中利集团	0.11	0.00	电气设备	33	8.80	--  	8.84	203577	2765	          2.90	1.93	8.97	8.83	0.067㈢	    98.93	180849248	  1.01	         61.98亿	江苏	8.93	8.88	105354	98223	  1.07	8.83	736	 -2.25	
600764	中国海防	0.11	0.61	通信设备	78	27.60	--  	27.94	24005	202	          0.73	3.05	28.45	27.91	0.064㈢	   328.53	67140056	  0.85	         91.76亿	北京	27.88	27.97	12941	11063	  1.17	27.91	13	 -1.01	
300252	金信诺	0.07	0.00	电气设备	281	13.98	--  	14.04	235762	2760	          6.03	4.06	14.55	14.04	0.193㈢	    54.68	337521600	  0.94	         54.91亿	深圳	14.13	14.32	117134	118627	  0.99	14.03	212	 -2.29	
600260	凯乐科技	0.05	0.76	通信设备	104	20.90	--  	21.18	425144	3467	          6.77	4.63	21.88	21.18	1.190㈢	    13.47	912305472	  1.17	        133.07亿	湖北	21.60	21.46	230911	194233	  1.19	21.17	1787	 -1.07	
002025	航天电器	0.04	-0.03	元器件	32	27.16	--  	27.69	100639	272	          2.35	3.50	28.13	27.69	0.621㈢	    33.45	278714496	  1.34	        118.76亿	贵州	27.70	27.69	55072	45566	  1.21	27.68	34	 -2.33	
600558	大西洋	0.00	0.25	钢加工	1007	3.97	--  	4.02	188818	2016	          2.10	2.99	4.09	4.02	0.072㈢	    41.67	75967912	  1.07	         36.08亿	四川	4.07	4.02	102898	85920	  1.20	4.01	820	 -1.12	
600485	信威集团	0.00	0.00	通信设备	0	--  	--  	--  	0	0	          0.00	0.00	--  	14.59	-0.282㈢	--  	0	  0.00	        264.45亿	北京	--  	14.59	0	0	--  	--  	0	 -1.12	
300667	必创科技	--  	--  	电器仪表	0	--  	--  	--  	0	0	          0.00	0.00	--  	27.18	0.112㈢	   182.57	0	  0.00	         18.66亿	北京	--  	27.18	0	0	--  	--  	0	 -2.36	
300490	华自科技	0.00	0.15	电气设备	761	13.23	--  	13.31	79395	870	          3.89	2.78	13.60	13.31	0.200㈢	    58.79	106493720	  1.12	         27.16亿	湖南	13.36	13.41	42581	36814	  1.16	13.30	203	 -2.36	
300185	通裕重工	0.00	0.47	工程机械	16414	2.12	--  	2.17	1817430	25494	          6.63	5.09	2.23	2.16	0.048㈢	    33.87	393855616	  1.03	         59.21亿	山东	2.13	2.17	851174	966256	  0.88	2.16	10804	 -2.36	
002684	猛狮科技	0.00	0.15	电气设备	3853	6.74	--  	6.80	283060	3298	          7.01	4.12	7.02	6.79	-1.035㈢	--  	193894000	  1.01	         27.40亿	广东	6.84	6.85	142587	140472	  1.02	6.79	615	 -2.36	
002669	康达新材	0.00	0.29	化工原料	1144	13.48	--  	13.70	201282	1079	          8.81	6.36	14.35	13.69	0.250㈢	    41.08	279861376	  1.28	         31.29亿	上海	14.00	13.90	113216	88065	  1.29	13.69	365	 -2.36	
002331	皖通科技	0.00	0.29	软件服务	38	10.18	--  	10.30	53492	190	          1.72	5.83	10.78	10.29	0.180㈢	    46.30	55864964	  0.98	         31.93亿	安徽	10.29	10.44	33608	19883	  1.69	10.29	379	 -2.36	
002179	中航光电	0.00	0.07	元器件	156	41.73	--  	41.78	74253	928	          0.95	4.45	43.59	41.77	0.890㈢	    35.54	316003488	  1.19	        326.84亿	河南	41.86	42.56	32563	41690	  0.78	41.77	693	 -2.36	
002171	楚江新材	0.00	0.00	铜	354	5.68	--  	5.75	215318	1294	          2.04	3.83	5.90	5.74	0.290㈢	    16.56	124902152	  1.14	         60.44亿	安徽	5.85	5.80	124770	90547	  1.38	5.74	247	 -2.36	
000065	北方国际	0.00	-0.10	建筑施工	1151	9.15	--  	9.22	117661	377	          1.87	2.93	9.42	9.21	0.574㈢	    12.04	109307632	  0.88	         57.93亿	北京	9.27	9.29	66275	51386	  1.29	9.21	304	 -2.36	
002933	新兴装备	-0.02	0.17	航空	179	51.74	--  	52.25	60088	460	         20.47	3.94	53.80	52.24	0.980㈢	    51.40	317089536	  0.85	         15.33亿	北京	52.33	52.77	32046	28041	  1.14	52.24	27	 -2.38	
300010	立思辰	-0.11	-0.10	软件服务	968	9.10	--  	9.28	357581	1015	          5.08	5.17	9.58	9.28	0.009㈢	   799.22	334338112	  1.34	         65.26亿	北京	9.32	9.35	191233	166347	  1.15	9.27	388	 -2.47	
000547	航天发展	-0.19	0.38	通信设备	1604	10.45	--  	10.61	351984	1178	          3.16	3.86	10.86	10.60	0.170㈢	    53.90	375795264	  1.24	        118.12亿	福建	10.65	10.68	184141	167843	  1.10	10.60	169	 -2.55	
300210	森远股份	-0.22	-0.21	专用机械	637	4.56	--  	4.63	164797	1472	          4.12	4.10	4.75	4.62	0.052㈢	    66.67	76928640	  0.99	         18.49亿	辽宁	4.64	4.67	77890	86907	  0.90	4.62	602	 -2.58	
002576	通达动力	-0.25	0.00	电气设备	506	12.00	--  	12.07	60190	739	          4.16	2.23	12.27	12.06	0.099㈢	    91.52	72998544	  0.84	         17.44亿	江苏	12.10	12.13	34851	25339	  1.38	12.06	71	 -2.61	
603936	博敏电子	-0.28	0.17	元器件	84	17.61	--  	17.73	47323	194	          2.83	3.94	18.31	17.73	0.380㈢	    36.30	84823848	  1.31	         29.67亿	广东	17.75	17.92	24920	22403	  1.11	17.71	412	 -1.40	
002451	摩恩电气	-0.29	-0.28	电气设备	1391	13.80	--  	13.96	355916	5981	          8.55	3.57	14.30	13.95	0.014㈢	   768.56	500649344	  0.76	         58.09亿	上海	14.20	14.07	185791	170125	  1.09	13.95	1274	 -2.65	
002651	利君股份	-0.38	0.00	专用机械	958	5.20	--  	5.29	185832	1464	          4.45	7.17	5.58	5.28	0.098㈢	    40.49	100333208	  1.78	         22.07亿	四川	5.35	5.40	113842	71989	  1.58	5.28	1142	 -2.74	
600271	航天信息	-0.42	0.14	电脑设备	83	28.06	--  	28.46	313197	2134	          1.70	5.92	29.75	28.45	0.460㈢	    46.51	909003904	  1.26	        525.42亿	北京	28.85	29.02	168345	144851	  1.16	28.45	86	 -1.54	
002366	台海核电	-0.43	0.29	专用机械	1754	13.78	--  	13.99	234312	2061	          4.79	5.27	14.52	13.99	0.388㈢	    27.07	333001888	  0.91	         68.42亿	四川	14.04	14.21	120132	114179	  1.05	13.98	339	 -2.79	
002339	积成电子	-0.48	0.00	电气设备	1120	8.24	--  	8.32	132384	2606	          4.01	3.23	8.51	8.31	0.092㈢	    67.42	110718440	  0.92	         27.43亿	山东	8.34	8.36	73608	58776	  1.25	8.31	180	 -2.84	
300263	隆华科技	-0.52	0.53	专用机械	131	5.60	--  	5.72	517051	5593	          9.15	5.05	5.89	5.71	0.100㈢	    43.30	295787232	  0.99	         32.28亿	河南	5.77	5.72	279701	237350	  1.18	5.71	543	 -2.89	
300447	全信股份	-0.65	0.47	电气设备	343	10.51	--  	10.65	88986	579	          5.11	3.36	10.87	10.64	0.399㈢	    20.00	95356312	  1.24	         18.52亿	江苏	10.66	10.72	51018	37968	  1.34	10.64	142	 -3.02	
002837	英维克	-0.69	0.10	专用机械	209	20.00	--  	20.12	72482	713	         10.59	3.80	20.77	20.11	0.420㈢	    38.08	147966880	  1.04	         13.77亿	深圳	20.50	20.41	39820	32661	  1.22	20.11	61	 -3.06	
603678	火炬电子	-0.83	0.37	元器件	591	18.50	--  	19.05	119582	400	          2.65	7.29	19.90	19.04	0.557㈢	    25.62	230852864	  1.59	         85.94亿	福建	19.28	19.30	63045	56536	  1.12	19.04	5	 -1.95	
002214	大立科技	-1.27	0.29	电器仪表	681	6.97	--  	7.02	149378	976	          4.18	3.52	7.22	7.01	0.071㈢	    73.91	106234728	  1.28	         25.05亿	浙江	7.18	7.11	90960	58417	  1.56	7.01	268	 -3.63	
002625	光启技术	-1.29	0.09	汽车配件	582	11.43	--  	11.48	201917	1934	          4.73	3.96	11.89	11.47	0.015㈢	   560.91	235516912	  0.95	         48.98亿	浙江	11.65	11.66	116161	85756	  1.35	11.47	151	 -3.66	
300351	永贵电器	-2.17	0.09	元器件	437	11.18	--  	11.26	125145	1309	          5.23	4.87	11.74	11.26	0.303㈢	    27.91	143989232	  1.03	         26.96亿	浙江	11.66	11.51	63042	62103	  1.02	11.25	336	 -4.54	
数据来源:通达信
