代码	名称	涨幅%%	涨速%%	细分行业	买量	最低	未匹配量	卖价	总量	现量	换手%%	振幅%%	最高	现价	每股收益	市盈(动)	总金额	量比	流通市值	地区	今开	均价	内盘	外盘	内外比	买价	卖量	强弱度%%	
300264	佳创视讯	10.08	0.00	通信设备	12621	6.52	--  	--  	300130	95	          9.42	2.31	6.66	6.66	-0.003㈢	--  	199547824	  2.35	         21.22亿	深圳	6.66	6.65	238209	61920	  3.85	6.66	0	  7.72	
300170	汉得信息	9.99	0.00	软件服务	248140	13.87	--  	--  	32725	1184	          0.47	0.00	13.87	13.87	0.280㈢	    37.34	45389256	  0.11	         96.16亿	上海	13.87	13.87	28070	4654	  6.03	13.87	0	  7.63	
300279	和晶科技	9.98	0.00	元器件	142906	6.39	--  	--  	53453	414	          1.71	0.00	6.39	6.39	-0.089㈢	--  	34156524	  0.28	         19.97亿	江苏	6.39	6.39	43221	10232	  4.22	6.39	0	  7.62	
002512	达华智能	8.54	1.42	元器件	264	5.25	--  	5.73	761013	11084	          8.62	10.44	5.80	5.72	-0.368㈢	--  	423397440	  1.57	         50.52亿	福建	5.25	5.56	329153	431859	  0.76	5.72	785	  6.17	
300020	银江股份	6.58	0.72	软件服务	263	7.96	--  	8.42	353750	4387	          5.63	6.71	8.49	8.42	0.019㈢	   335.03	291571008	  1.46	         52.88亿	浙江	8.10	8.24	164225	189524	  0.87	8.41	1292	  4.22	
300074	华平股份	5.63	0.67	通信设备	1737	4.32	--  	4.50	383877	3513	          7.87	6.34	4.59	4.50	-0.008㈢	--  	170651088	  1.40	         21.96亿	上海	4.35	4.45	169403	214474	  0.79	4.49	1346	  3.27	
300076	GQY视讯	5.33	0.78	电脑设备	160	5.02	--  	5.15	307140	8560	          8.04	3.69	5.20	5.14	0.078㈢	    49.36	156403424	  1.38	         19.63亿	浙江	5.04	5.09	128735	178404	  0.72	5.14	2218	  2.96	
300271	华宇软件	4.11	-0.09	软件服务	147	19.10	--  	19.76	158322	533	          2.83	6.22	20.28	19.76	0.410㈢	    36.59	311335808	  1.04	        110.47亿	北京	19.30	19.66	86138	72183	  1.19	19.75	32	  1.75	
300287	飞利信	3.00	-0.21	软件服务	3344	4.40	--  	4.48	850685	6665	          7.60	5.53	4.64	4.47	0.170㈢	    19.77	382388992	  1.39	         50.01亿	北京	4.41	4.50	401548	449137	  0.89	4.47	636	  0.63	
002230	科大讯飞	2.90	0.03	软件服务	1929	36.37	--  	36.87	952582	5525	          5.23	4.55	38.00	36.87	0.110㈢	   264.09	3547937792	  0.97	        671.87亿	安徽	37.30	37.25	481867	470714	  1.02	36.86	90	  0.54	
600804	鹏博士	2.90	0.61	电信运营	664	9.70	--  	9.95	838924	16276	          5.86	4.55	10.14	9.94	0.239㈢	    31.26	831614848	  0.95	        142.38亿	四川	9.82	9.91	427628	411295	  1.04	9.94	1897	  1.78	
300654	世纪天鸿	2.68	0.29	出版业	30	20.10	--  	21.10	52668	321	          8.47	9.15	21.98	21.10	0.158㈢	   100.16	111659808	  0.91	         13.12亿	山东	20.15	21.20	19073	33595	  0.57	21.09	184	  0.31	
300192	科斯伍德	2.37	-0.20	染料涂料	30	9.27	--  	9.49	79969	586	          4.64	6.69	9.89	9.49	0.354㈢	    20.09	75962776	  1.22	         16.36亿	江苏	9.27	9.50	36931	43037	  0.86	9.48	369	  0.01	
300364	中文在线	2.03	0.00	出版业	226	5.42	--  	5.54	502493	3520	          9.36	8.86	5.90	5.53	0.050㈢	    83.01	280769984	  1.17	         29.67亿	北京	5.46	5.59	263159	239333	  1.10	5.53	4593	 -0.33	
300235	方直科技	1.98	-0.19	软件服务	40	9.61	--  	9.77	65348	322	          6.17	4.91	10.08	9.77	0.125㈢	    58.76	64141792	  1.19	         10.35亿	深圳	9.62	9.82	23548	41799	  0.56	9.76	140	 -0.38	
002549	凯美特气	1.97	0.32	环境保护	539	6.10	--  	6.21	164963	2571	          2.66	3.45	6.31	6.20	0.114㈢	    40.91	102823880	  0.98	         38.45亿	湖南	6.12	6.23	83777	81186	  1.03	6.20	291	 -0.39	
601098	中南传媒	1.80	0.74	出版业	10	13.29	--  	13.55	134524	1021	          0.75	3.01	13.69	13.55	0.484㈢	    20.99	181677312	  1.22	        243.36亿	湖南	13.44	13.51	80972	53552	  1.51	13.54	146	  0.68	
600636	三爱富	1.80	-0.27	化工原料	125	13.92	--  	14.17	99357	657	          2.22	5.61	14.70	14.15	1.216㈢	     8.72	142222464	  1.21	         63.24亿	上海	13.92	14.31	44527	54829	  0.81	14.15	36	  0.68	
300050	世纪鼎利	1.75	0.31	软件服务	802	6.30	--  	6.38	234813	2025	          6.36	4.47	6.58	6.38	0.058㈢	    81.89	151423840	  1.21	         23.55亿	广东	6.33	6.45	110965	123847	  0.90	6.37	1042	 -0.61	
600551	时代出版	1.46	0.10	出版业	55	9.65	--  	9.75	50407	196	          1.00	2.40	9.88	9.74	0.471㈢	    15.49	49199104	  0.99	         49.27亿	安徽	9.69	9.76	21631	28776	  0.75	9.74	226	  0.34	
300089	文化长城	1.44	0.48	陶瓷	536	6.22	--  	6.33	156510	484	          5.65	4.01	6.47	6.32	0.290㈢	    16.68	99340816	  1.15	         17.51亿	广东	6.25	6.35	78796	77714	  1.01	6.32	877	 -0.92	
300160	秀强股份	1.42	0.23	玻璃	997	4.21	--  	4.29	148985	1311	          2.51	3.07	4.34	4.29	0.143㈢	    22.44	63730916	  0.60	         25.44亿	江苏	4.24	4.28	73811	75173	  0.98	4.28	1417	 -0.95	
002325	洪涛股份	1.40	0.00	装修装饰	2631	3.58	--  	3.61	293949	503	          3.19	3.09	3.69	3.61	0.113㈢	    23.90	106728256	  0.94	         33.23亿	深圳	3.59	3.63	143886	150062	  0.96	3.60	439	 -0.96	
601801	皖新传媒	1.30	0.26	出版业	24	7.69	--  	7.79	205335	604	          1.03	4.43	8.03	7.78	0.549㈢	    10.62	161389968	  1.48	        154.76亿	安徽	7.70	7.86	111804	93531	  1.20	7.78	662	  0.18	
002315	焦点科技	1.21	0.07	互联网	341	14.88	--  	15.09	66306	770	          5.48	4.97	15.62	15.08	0.240㈣	    62.94	100660608	  1.16	         18.24亿	江苏	14.88	15.18	34992	31314	  1.12	15.08	83	 -1.16	
601928	凤凰传媒	1.20	0.60	出版业	41	8.32	--  	8.43	207284	714	          0.81	3.24	8.59	8.43	0.434㈢	    14.58	175467504	  1.02	        214.54亿	江苏	8.32	8.47	114051	93232	  1.22	8.42	1256	  0.08	
603268	松发股份	1.01	0.40	陶瓷	10	19.52	--  	20.03	49573	683	          3.99	4.44	20.40	20.03	0.289㈢	    52.02	98541400	  1.28	         24.87亿	广东	19.84	19.88	23888	25684	  0.93	20.01	123	 -0.11	
002062	宏润建设	0.94	0.23	建筑施工	467	4.26	--  	4.30	86818	110	          0.91	2.35	4.36	4.30	0.202㈢	    15.94	37421740	  1.19	         41.22亿	浙江	4.26	4.31	35633	51184	  0.70	4.29	966	 -1.43	
002730	电光科技	0.92	0.13	电气设备	347	7.62	--  	7.70	39205	156	          1.35	2.76	7.83	7.69	0.152㈢	    37.94	30299188	  0.98	         22.34亿	浙江	7.67	7.73	19003	20202	  0.94	7.69	124	 -1.45	
300359	全通教育	0.90	0.15	文教休闲	2734	6.66	--  	6.70	241981	1681	          4.79	3.32	6.88	6.69	0.009㈢	   533.71	163843664	  0.87	         33.77亿	广东	6.69	6.77	116348	125633	  0.93	6.69	1266	 -1.46	
600661	昂立教育	0.75	0.00	文教休闲	69	21.41	--  	21.54	13267	86	          0.51	2.67	21.98	21.53	0.337㈢	    47.93	28729302	  1.01	         55.78亿	上海	21.41	21.66	6915	6351	  1.09	21.53	3	 -0.37	
300329	海伦钢琴	0.72	0.48	文教休闲	288	8.37	--  	8.43	57179	1059	          2.28	2.99	8.62	8.43	0.164㈢	    38.64	48539812	  0.92	         21.15亿	浙江	8.44	8.49	31486	25693	  1.23	8.42	79	 -1.65	
002503	搜于特	0.71	0.00	服饰	319	2.78	--  	2.83	607442	6594	          3.11	3.93	2.89	2.82	0.182㈢	    11.61	172192496	  0.71	         55.11亿	广东	2.80	2.83	302228	305214	  0.99	2.82	6442	 -1.65	
300645	正元智慧	0.67	-0.10	软件服务	41	35.80	--  	36.15	51662	239	         11.37	3.23	36.96	36.14	0.068㈢	   399.94	188296240	  0.82	         16.41亿	浙江	36.00	36.45	26627	25034	  1.06	36.14	66	 -1.70	
002396	星网锐捷	0.61	0.19	通信设备	10	21.22	--  	21.45	325546	3718	          6.04	3.19	21.90	21.45	0.690㈢	    23.32	699588928	  1.71	        115.64亿	福建	21.41	21.49	165172	160374	  1.03	21.44	63	 -1.75	
000719	中原传媒	0.57	0.23	出版业	132	8.70	--  	8.79	49298	62	          0.74	2.75	8.94	8.79	0.483㈢	    13.64	43642784	  0.95	         58.64亿	河南	8.70	8.85	19884	29413	  0.68	8.78	164	 -1.79	
002232	启明信息	0.48	0.12	软件服务	233	8.32	--  	8.36	100939	739	          2.50	3.13	8.58	8.36	0.098㈢	    63.80	85096344	  1.08	         33.75亿	吉林	8.32	8.43	46156	54783	  0.84	8.35	189	 -1.88	
600576	祥源文化	0.43	0.21	影视音像	780	4.66	--  	4.69	90045	1924	          1.71	2.15	4.76	4.68	0.116㈢	    30.27	42417120	  1.03	         24.61亿	浙江	4.67	4.71	45156	44889	  1.01	4.68	882	 -0.69	
002261	拓维信息	0.36	-0.35	互联网	2004	5.46	--  	5.52	676091	10127	          7.43	5.64	5.77	5.52	0.046㈢	    90.90	379094112	  0.98	         50.20亿	湖南	5.54	5.61	351571	324519	  1.08	5.51	2487	 -2.00	
002678	珠江钢琴	0.31	0.46	文教休闲	110	6.49	--  	6.56	44646	1631	          0.33	2.91	6.68	6.55	0.105㈢	    46.70	29349736	  0.84	         88.88亿	广东	6.56	6.57	23243	21403	  1.09	6.55	149	 -2.06	
600757	长江传媒	0.14	0.00	出版业	2267	7.11	--  	7.15	226798	826	          1.87	2.38	7.28	7.14	0.523㈢	    10.25	163207616	  1.21	         86.64亿	湖北	7.14	7.20	116557	110241	  1.06	7.14	457	 -0.98	
300282	三盛教育	0.07	0.41	文教休闲	980	14.46	--  	14.61	60960	994	          2.73	3.42	14.96	14.61	0.341㈢	    32.09	89779416	  0.87	         32.58亿	北京	14.72	14.73	34383	26576	  1.29	14.60	48	 -2.30	
002348	高乐股份	0.00	0.49	文教休闲	1106	4.05	--  	4.12	502565	3879	          6.76	5.58	4.28	4.12	0.042㈢	    72.97	208688784	  1.15	         30.62亿	广东	4.06	4.15	271790	230774	  1.18	4.11	5831	 -2.36	
300010	立思辰	-0.11	-0.10	软件服务	968	9.10	--  	9.28	357581	1015	          5.08	5.17	9.58	9.28	0.009㈢	   799.22	334338112	  1.34	         65.26亿	北京	9.32	9.35	191233	166347	  1.15	9.27	388	 -2.47	
300459	金科文化	-0.25	-0.11	化工原料	743	8.04	--  	8.11	106544	698	          1.39	3.45	8.32	8.10	0.383㈢	    15.84	87327576	  1.30	         62.02亿	浙江	8.13	8.20	58224	48320	  1.20	8.10	191	 -2.61	
002192	融捷股份	-0.47	0.17	专用机械	54	29.03	--  	29.36	86985	701	          3.67	4.95	30.49	29.35	-0.026㈢	--  	257926608	  1.16	         69.56亿	广东	29.66	29.65	48294	38690	  1.25	29.35	6	 -2.84	
000609	中迪投资	-0.49	0.67	区域地产	382	5.98	--  	6.05	147999	2317	          5.07	4.28	6.24	6.05	-0.021㈢	--  	90258328	  0.90	         17.67亿	北京	6.11	6.10	86505	61493	  1.41	6.04	269	 -2.86	
300205	天喻信息	-1.05	0.09	元器件	941	11.27	--  	11.34	160693	858	          3.77	4.19	11.75	11.34	0.177㈢	    48.07	184746752	  1.23	         48.31亿	湖北	11.46	11.50	91887	68806	  1.34	11.33	580	 -3.41	
300559	佳发教育	-2.37	0.69	软件服务	66	44.98	--  	45.33	20888	136	          2.71	5.43	47.50	45.30	0.550㈢	    61.76	96089608	  1.18	         34.95亿	四川	47.39	46.00	14122	6765	  2.09	45.30	1	 -4.74	
数据来源:通达信
