代码	名称	涨幅%%	涨速%%	细分行业	买量	最低	未匹配量	卖价	总量	现量	换手%%	振幅%%	最高	现价	每股收益	市盈(动)	总金额	量比	流通市值	地区	今开	均价	内盘	外盘	内外比	买价	卖量	强弱度%%	
300016	北陆药业	10.00	0.00	中成药	10092	9.24	--  	--  	375641	753	          9.40	7.33	9.90	9.90	0.302㈣	    32.76	364081504	  1.39	         39.57亿	北京	9.42	9.69	203140	172501	  1.18	9.90	0	  7.64	
300685	艾德生物	8.36	0.33	生物制药	41	50.16	--  	54.35	26018	180	          2.86	9.25	54.80	54.33	0.666㈢	    61.20	136256960	  1.23	         49.50亿	福建	50.60	52.37	12431	13587	  0.91	54.33	2	  5.99	
002030	达安基因	6.75	0.00	生物制药	992	11.86	--  	12.50	357802	1950	          4.68	8.71	12.88	12.50	0.098㈢	    95.28	441462112	  1.61	         95.48亿	广东	11.86	12.34	165426	192376	  0.86	12.49	1455	  4.38	
300558	贝达药业	5.63	-0.65	化学制药	99	42.26	--  	44.84	84741	461	          4.99	10.39	46.67	44.82	0.368㈢	    91.23	383753280	  1.77	         76.06亿	浙江	42.49	45.29	48240	36501	  1.32	44.82	29	  3.27	
002172	澳洋健康	4.72	0.65	化纤	508	4.37	--  	4.66	205010	2006	          2.95	7.87	4.72	4.66	0.032㈢	   108.78	93677696	  1.84	         32.36亿	江苏	4.42	4.57	94001	111009	  0.85	4.65	185	  2.35	
300436	广生堂	4.45	0.22	化学制药	10	26.57	--  	27.01	34146	543	          3.04	6.96	28.37	27.01	0.043㈢	   474.13	93183248	  2.03	         30.36亿	福建	28.37	27.29	18252	15893	  1.15	27.00	47	  2.08	
002118	紫鑫药业	3.86	-0.27	中成药	3388	6.65	--  	7.01	763798	9154	          7.45	6.53	7.09	7.00	0.257㈢	    20.42	525449696	  1.12	         71.77亿	吉林	6.75	6.88	400836	362962	  1.10	7.00	1111	  1.49	
300254	仟源医药	3.73	0.52	化学制药	64	7.47	--  	7.80	79794	1005	          4.93	5.99	7.92	7.79	0.105㈢	    55.71	61565272	  1.85	         12.61亿	山西	7.52	7.72	35730	44063	  0.81	7.79	145	  1.36	
300171	东富龙	3.70	0.22	医疗保健	255	8.95	--  	9.25	400616	5586	         12.01	6.95	9.57	9.25	0.105㈢	    66.31	371215040	  1.59	         30.86亿	上海	9.39	9.27	215864	184751	  1.17	9.24	162	  1.34	
300595	欧普康视	3.68	0.51	医疗保健	285	48.10	--  	49.35	34274	281	          2.49	5.05	50.50	49.30	0.750㈢	    50.13	169351008	  0.79	         67.95亿	安徽	48.32	49.41	16394	17880	  0.92	49.30	1	  1.32	
300109	新开源	3.56	0.28	化工原料	381	17.20	--  	17.76	85961	854	          6.72	9.63	18.85	17.75	0.368㈢	    36.18	155153760	  1.02	         22.69亿	河南	17.20	18.05	46337	39624	  1.17	17.75	62	  1.19	
000710	贝瑞基因	3.04	0.14	医疗保健	220	43.00	--  	44.37	36330	130	          5.84	7.18	46.09	44.36	0.674㈢	    49.37	162746736	  1.03	         27.59亿	四川	43.59	44.80	19202	17128	  1.12	44.36	2	  0.68	
000513	丽珠集团	3.03	-0.02	中成药	121	33.69	--  	34.69	118500	691	          2.59	3.95	35.02	34.69	1.307㈢	    19.90	408496736	  0.92	        158.97亿	广东	33.70	34.47	64367	54133	  1.19	34.68	400	  0.66	
603882	金域医学	2.58	0.04	医疗保健	23	25.42	--  	26.27	40549	1014	          1.45	6.80	27.16	26.26	0.359㈢	    54.88	107115176	  0.80	         73.43亿	广东	25.70	26.42	16358	24191	  0.68	26.26	15	  1.46	
002362	汉王科技	2.43	0.17	电脑设备	384	17.02	--  	17.31	129944	901	          7.31	4.80	17.83	17.30	0.124㈢	   104.95	226777440	  0.89	         30.75亿	北京	17.10	17.45	64168	65775	  0.98	17.30	48	  0.06	
600645	中源协和	2.34	0.59	生物制药	114	20.24	--  	20.58	185067	1287	          4.82	4.53	21.15	20.57	0.840㈢	    20.30	383939968	  1.03	         78.94亿	天津	20.42	20.75	92232	92834	  0.99	20.57	520	  1.22	
300216	千山药机	2.18	-0.20	医疗保健	2853	4.44	--  	4.70	717584	4695	         25.48	10.46	4.92	4.69	-1.117㈢	--  	332579104	  1.33	         13.21亿	湖南	4.44	4.63	345434	372149	  0.93	4.69	2904	 -0.19	
300009	安科生物	2.12	0.06	生物制药	814	15.23	--  	15.41	197546	1311	          2.90	3.71	15.79	15.41	0.232㈢	    49.78	307253824	  1.03	        105.05亿	安徽	15.23	15.55	93939	103606	  0.91	15.40	214	 -0.24	
300463	迈克生物	2.04	-0.60	医疗保健	69	19.16	--  	19.52	58043	385	          1.58	4.39	20.00	19.51	0.637㈢	    22.97	114156576	  0.92	         71.58亿	四川	19.16	19.67	32878	25164	  1.31	19.51	169	 -0.32	
300012	华测检测	1.97	0.00	电器仪表	655	8.10	--  	8.28	429626	2313	          2.86	5.30	8.53	8.27	0.097㈢	    63.67	357980480	  1.22	        124.44亿	深圳	8.13	8.33	200021	229604	  0.87	8.27	718	 -0.39	
600689	上海三毛	1.91	0.27	纺织	277	11.04	--  	11.19	129679	2558	          8.52	3.10	11.38	11.18	0.012㈢	   707.82	145016672	  0.68	         17.02亿	上海	11.23	11.18	62596	67082	  0.93	11.18	221	  0.79	
300676	华大基因	1.84	0.35	医疗保健	25	80.08	--  	82.30	116447	841	          4.72	7.59	86.21	82.30	0.800㈢	    77.14	976072832	  1.17	        202.91亿	深圳	82.01	83.82	56428	60018	  0.94	82.29	9	 -0.52	
600095	哈高科	1.56	0.00	区域地产	20	4.49	--  	4.58	135316	1202	          3.75	2.89	4.62	4.57	-0.007㈢	--  	61852316	  0.92	         16.51亿	黑龙江	4.52	4.57	72988	62328	  1.17	4.57	3090	  0.43	
300289	利德曼	1.49	0.27	生物制药	38	7.33	--  	7.50	75093	2215	          1.80	3.38	7.58	7.50	0.145㈢	    38.73	56046084	  1.18	         31.30亿	北京	7.40	7.46	36739	38353	  0.96	7.49	66	 -0.88	
300583	赛托生物	1.38	0.00	生物制药	53	35.46	--  	35.94	18133	84	          5.33	3.19	36.59	35.94	0.924㈢	    29.18	65364992	  1.40	         12.24亿	山东	35.46	36.05	9900	8233	  1.20	35.93	21	 -0.98	
300639	凯普生物	1.27	0.06	医疗保健	13	16.60	--  	16.73	45231	200	          4.99	3.33	17.15	16.73	0.431㈢	    29.09	76043088	  1.17	         15.15亿	广东	16.60	16.81	23307	21924	  1.06	16.71	174	 -1.09	
002584	西陇科学	1.21	0.00	化工原料	272	6.61	--  	6.69	339293	3258	          8.90	3.48	6.84	6.68	0.130㈢	    38.46	228063056	  0.99	         25.46亿	广东	6.65	6.72	165712	173581	  0.95	6.68	1595	 -1.15	
600127	金健米业	1.20	-0.29	农业综合	225	3.32	--  	3.37	92341	271	          1.44	3.31	3.43	3.36	-0.027㈢	--  	31222558	  0.97	         21.56亿	湖南	3.32	3.38	49814	42527	  1.17	3.36	1163	  0.08	
002437	誉衡药业	1.14	0.57	化学制药	2043	3.50	--  	3.54	518130	3655	          2.39	2.86	3.60	3.54	0.143㈢	    18.58	183268800	  1.11	         76.71亿	黑龙江	3.50	3.54	276201	241929	  1.14	3.53	10180	 -1.22	
300146	汤臣倍健	0.94	0.00	食品	182	21.00	--  	21.39	246368	1411	          2.80	6.85	22.45	21.38	0.690㈣	    31.33	535154848	  1.53	        188.02亿	广东	21.55	21.72	123477	122891	  1.00	21.38	1	 -1.42	
300003	乐普医疗	0.92	0.11	医疗保健	179	25.77	--  	26.20	522635	3550	          3.45	3.20	26.60	26.19	0.642㈢	    30.61	1368483840	  0.90	        396.85亿	北京	26.13	26.18	260363	262271	  0.99	26.19	1590	 -1.44	
300030	阳普医疗	0.86	0.00	医疗保健	181	5.76	--  	5.88	71623	196	          2.82	3.95	5.99	5.87	0.049㈢	    89.66	42325400	  1.09	         14.93亿	广东	5.85	5.91	36170	35453	  1.02	5.87	130	 -1.51	
002642	荣之联	0.74	-0.28	软件服务	1535	6.77	--  	6.83	320798	5384	          6.22	4.58	7.08	6.82	0.006㈢	   799.81	221714416	  1.03	         35.17亿	北京	6.86	6.91	167256	153541	  1.09	6.82	16	 -1.63	
000822	山东海化	0.72	0.18	化工原料	1543	5.53	--  	5.61	233318	1683	          2.61	3.59	5.73	5.61	0.529㈢	     7.96	131245472	  1.16	         50.21亿	山东	5.60	5.63	121923	111394	  1.09	5.60	677	 -1.65	
002932	明德生物	0.59	0.02	医疗保健	7	46.13	--  	46.42	21993	192	         13.21	2.86	47.45	46.40	0.890㈢	    48.27	102887184	  1.01	          7.72亿	湖北	46.52	46.78	10980	11013	  1.00	46.40	22	 -1.78	
600329	中新药业	0.41	0.75	中成药	195	14.66	--  	14.84	99383	670	          1.76	3.38	15.16	14.84	0.521㈢	    21.35	147920256	  1.35	         83.97亿	天津	14.81	14.88	58403	40980	  1.43	14.83	1	 -0.72	
600993	马应龙	0.32	0.32	中成药	124	15.34	--  	15.45	68890	186	          1.60	2.21	15.68	15.44	0.280㈢	    41.36	106842040	  1.42	         66.43亿	湖北	15.44	15.51	40994	27895	  1.47	15.44	78	 -0.80	
002191	劲嘉股份	0.31	-0.09	广告包装	274	9.60	--  	9.64	369560	1607	          2.84	2.50	9.84	9.64	0.365㈢	    19.81	359415264	  1.16	        125.51亿	深圳	9.62	9.73	173878	195681	  0.89	9.63	13	 -2.05	
300244	迪安诊断	0.27	0.00	医疗保健	833	18.33	--  	18.53	100042	1368	          2.40	4.11	19.09	18.52	0.530㈢	    29.52	187076400	  1.07	         77.34亿	浙江	18.70	18.70	54549	45492	  1.20	18.52	2	 -2.09	
002022	科华生物	0.18	0.18	医疗保健	146	11.00	--  	11.06	158230	636	          3.20	3.54	11.39	11.05	0.390㈢	    21.27	176759664	  1.26	         54.62亿	上海	11.06	11.17	85052	73177	  1.16	11.05	55	 -2.18	
002007	华兰生物	0.18	-0.17	生物制药	23	38.65	--  	38.90	183864	1169	          2.29	2.96	39.80	38.90	0.820㈢	    35.93	719289408	  0.95	        312.23亿	河南	38.81	39.12	88814	95049	  0.93	38.89	80	 -2.18	
600463	空港股份	0.00	0.00	园区开发	188	7.95	--  	7.99	76978	282	          2.57	2.51	8.15	7.98	-0.015㈢	--  	61819784	  1.13	         23.94亿	北京	8.05	8.03	34927	42050	  0.83	7.98	84	 -1.12	
002603	以岭药业	0.00	0.00	中成药	94	12.31	--  	12.46	155622	1001	          1.57	3.29	12.72	12.45	0.466㈢	    20.05	195304976	  1.22	        123.18亿	河北	12.47	12.55	82055	73567	  1.12	12.45	1741	 -2.36	
000661	长春高新	--  	--  	生物制药	0	--  	--  	--  	0	0	          0.00	0.00	--  	226.05	4.930㈢	    34.39	0	  0.00	        384.18亿	吉林	--  	226.05	0	0	--  	--  	0	 -2.36	
603118	共进股份	-0.12	0.00	通信设备	1327	7.94	--  	8.02	237233	922	          3.06	3.87	8.25	8.01	0.150㈢	    40.05	193087472	  1.05	         62.14亿	深圳	8.10	8.14	129449	107783	  1.20	8.01	1131	 -1.25	
300306	远方信息	-0.23	0.00	电器仪表	574	8.75	--  	8.81	89047	1021	          6.06	5.67	9.25	8.80	0.004㈢	  1612.82	80046632	  1.14	         12.92亿	浙江	8.86	8.99	53141	35906	  1.48	8.80	189	 -2.59	
300151	昌红科技	-0.33	0.00	机械基件	1196	6.08	--  	6.11	86987	387	          3.04	2.78	6.25	6.10	0.087㈢	    52.34	53642708	  1.08	         17.45亿	深圳	6.17	6.17	47873	39113	  1.22	6.10	418	 -2.69	
数据来源:通达信
