代码	名称	涨幅%%	涨速%%	细分行业	买量	最低	未匹配量	卖价	总量	现量	换手%%	振幅%%	最高	现价	每股收益	市盈(动)	总金额	量比	流通市值	地区	今开	均价	内盘	外盘	内外比	买价	卖量	强弱度%%	
300353	东土科技	10.04	0.00	通信设备	11286	11.03	--  	--  	535813	609	         15.26	9.40	12.06	12.06	0.088㈢	   102.92	631186752	  1.97	         42.34亿	北京	11.26	11.78	277638	258175	  1.08	12.06	0	  7.67	
300130	新国都	10.03	0.00	电脑设备	29108	16.68	--  	--  	61220	132	          1.83	5.51	17.56	17.56	0.310㈢	    52.04	106249024	  0.34	         58.82亿	深圳	16.68	17.36	46008	15212	  3.02	17.56	0	  7.66	
000977	浪潮信息	10.02	0.00	电脑设备	109822	22.27	--  	--  	1503209	1426	         11.66	6.68	23.71	23.71	0.289㈢	    61.60	3495555328	  2.39	        305.68亿	山东	23.40	23.25	833436	669773	  1.24	23.71	0	  7.66	
002017	东信和平	10.01	0.00	通信设备	41911	14.70	--  	--  	223620	290	          6.48	5.61	15.49	15.49	0.089㈢	   131.12	340768896	  0.45	         53.46亿	广东	14.84	15.24	101038	122581	  0.82	15.49	0	  7.65	
300366	创意信息	10.01	0.00	软件服务	21700	8.47	--  	--  	152515	333	          4.74	4.01	8.79	8.79	0.158㈢	    41.71	133606128	  0.91	         28.31亿	四川	8.51	8.76	120353	32161	  3.74	8.79	0	  7.65	
600756	浪潮软件	10.01	0.00	软件服务	54650	20.17	--  	--  	411468	412	         12.70	4.85	21.10	21.10	0.309㈢	    51.17	857275456	  1.80	         68.38亿	山东	21.10	20.83	218839	192628	  1.14	21.10	0	  8.89	
300085	银之杰	9.99	0.00	软件服务	44766	15.33	--  	--  	565084	1071	         13.66	4.34	15.96	15.96	0.005㈢	  2325.68	896568000	  2.21	         66.01亿	深圳	15.70	15.87	417420	147663	  2.83	15.96	0	  7.63	
300170	汉得信息	9.99	0.00	软件服务	248140	13.87	--  	--  	32725	1184	          0.47	0.00	13.87	13.87	0.280㈢	    37.34	45389256	  0.11	         96.16亿	上海	13.87	13.87	28070	4654	  6.03	13.87	0	  7.63	
000711	京蓝科技	9.98	0.00	软件服务	74008	6.05	--  	--  	237667	845	          5.85	9.32	6.61	6.61	0.170㈢	    33.25	154655232	  1.04	         26.86亿	黑龙江	6.05	6.51	170765	66901	  2.55	6.61	0	  7.62	
300175	朗源股份	9.92	0.00	食品	131312	5.65	--  	--  	30486	2696	          0.66	0.00	5.65	5.65	0.097㈢	    43.65	17224590	  0.25	         26.08亿	山东	5.65	5.65	23451	7035	  3.33	5.65	0	  7.56	
600728	佳都科技	9.63	1.35	软件服务	5714	10.81	--  	11.27	1894057	17753	         11.81	4.86	11.31	11.27	0.070㈢	   121.49	2108389760	  2.24	        180.79亿	广东	11.31	11.13	1041367	852690	  1.22	11.26	1122	  8.51	
600996	贵广网络	6.91	0.35	影视音像	283	8.55	--  	8.67	334129	1400	         11.21	4.44	8.91	8.66	0.242㈢	    26.83	293054848	  2.45	         25.81亿	贵州	8.91	8.77	214027	120102	  1.78	8.66	774	  5.79	
002308	威创股份	6.80	-0.67	电脑设备	389	5.58	--  	5.82	776704	7054	          8.61	7.35	5.98	5.81	0.162㈢	    26.97	448492032	  1.79	         52.39亿	广东	5.80	5.77	403509	373194	  1.08	5.81	2765	  4.44	
300609	汇纳科技	6.70	0.12	互联网	26	41.32	--  	43.16	22193	81	          4.06	7.62	44.40	43.15	0.390㈢	    83.05	95942664	  1.11	         23.58亿	上海	41.40	43.23	10183	12010	  0.85	43.15	16	  4.34	
300212	易华录	6.05	0.15	软件服务	743	25.51	--  	26.63	182115	1009	          4.30	7.93	27.50	26.63	0.250㈢	    81.65	485816448	  1.23	        112.87亿	北京	25.59	26.68	86938	95176	  0.91	26.62	123	  3.69	
603496	恒为科技	5.88	0.03	电脑设备	68	27.68	--  	29.02	48200	387	          6.34	6.61	29.49	29.01	0.590㈢	    37.40	137664864	  1.99	         22.07亿	上海	27.68	28.56	18162	30038	  0.60	29.01	28	  4.75	
002335	科华恒盛	5.60	0.22	电气设备	243	17.18	--  	18.15	92291	1324	          4.10	7.70	18.50	18.10	0.396㈢	    34.24	164343392	  2.03	         40.77亿	福建	17.18	17.81	38252	54039	  0.71	18.10	32	  3.24	
002235	安妮股份	5.58	0.76	互联网	901	6.20	--  	6.63	776378	20910	         15.52	7.02	6.64	6.62	0.107㈢	    46.21	502824640	  1.22	         33.12亿	福建	6.30	6.48	355406	420972	  0.84	6.62	878	  3.22	
002537	海联金汇	5.29	0.77	汽车整车	402	11.10	--  	11.76	141209	2903	          1.18	6.09	11.78	11.75	0.231㈢	    38.12	162097472	  1.25	        140.41亿	山东	11.17	11.48	61058	80151	  0.76	11.75	596	  2.92	
000961	中南建设	5.21	0.24	建筑施工	229	7.76	--  	8.28	791296	3524	          2.14	8.77	8.45	8.28	0.342㈢	    18.18	647502912	  1.33	        306.35亿	江苏	7.83	8.18	398056	393239	  1.01	8.27	4834	  2.85	
300379	东方通	5.13	-0.13	软件服务	226	20.08	--  	20.91	169304	1290	          8.81	8.05	21.68	20.90	0.081㈢	   193.29	353326464	  1.15	         40.18亿	北京	20.08	20.87	81599	87704	  0.93	20.90	38	  2.77	
002279	久其软件	5.09	0.63	软件服务	4453	7.68	--  	8.06	279759	3355	          4.67	8.09	8.30	8.05	0.240㈢	    25.67	225553184	  1.31	         48.17亿	北京	7.69	8.06	130012	149747	  0.87	8.05	1780	  2.73	
300431	暴风集团	4.52	-0.30	互联网	129	9.55	--  	9.73	421838	3507	         16.88	7.31	10.23	9.72	-0.710㈢	--  	420115168	  1.67	         24.29亿	北京	10.00	9.96	235452	186385	  1.26	9.72	204	  2.15	
300451	创业慧康	4.49	0.47	软件服务	208	20.28	--  	21.19	224759	3257	          6.48	6.41	21.58	21.19	0.230㈢	    68.99	470591648	  1.50	         73.46亿	浙江	20.48	20.94	107000	117759	  0.91	21.18	80	  2.12	
300634	彩讯股份	4.40	0.26	软件服务	93	26.26	--  	27.29	86218	1082	         21.55	7.35	28.18	27.29	0.206㈢	    99.48	234845536	  1.47	         10.92亿	深圳	26.26	27.24	40066	46152	  0.87	27.28	38	  2.03	
300541	先进数通	4.32	0.12	软件服务	146	16.12	--  	16.44	67328	348	          8.90	6.67	17.17	16.43	0.126㈢	    98.11	111832504	  1.22	         12.43亿	北京	16.12	16.61	34503	32824	  1.05	16.43	21	  1.95	
300271	华宇软件	4.11	-0.09	软件服务	147	19.10	--  	19.76	158322	533	          2.83	6.22	20.28	19.76	0.410㈢	    36.59	311335808	  1.04	        110.47亿	北京	19.30	19.66	86138	72183	  1.19	19.75	32	  1.75	
600845	宝信软件	4.03	0.03	软件服务	23	29.50	--  	30.17	108154	882	          1.69	5.17	31.00	30.17	0.630㈢	    38.29	327332320	  1.38	        193.34亿	上海	29.50	30.27	36692	71462	  0.51	30.16	92	  2.91	
600936	广西广电	3.89	0.00	影视音像	2800	4.51	--  	4.54	429421	3147	          3.59	6.86	4.81	4.54	0.085㈢	    39.83	200460320	  3.34	         54.30亿	广西	4.81	4.67	262042	167379	  1.57	4.53	1003	  2.77	
300128	锦富技术	3.88	-0.19	元器件	796	4.70	--  	5.10	1461790	17309	         13.72	12.45	5.31	5.09	-0.014㈢	--  	726079040	  1.12	         54.24亿	江苏	4.91	4.97	679669	782121	  0.87	5.09	5639	  1.51	
300462	华铭智能	3.76	0.23	专用机械	273	16.58	--  	17.09	97278	862	         12.57	5.71	17.52	17.09	0.300㈢	    41.63	165909968	  1.48	         13.22亿	上海	16.58	17.06	45236	52041	  0.87	17.08	63	  1.40	
000606	顺利办	3.58	-0.68	互联网	112	6.98	--  	7.24	229596	1844	          4.20	7.02	7.47	7.23	0.411㈢	    13.20	166190960	  1.17	         39.51亿	青海	6.98	7.24	104753	124843	  0.84	7.23	582	  1.22	
600410	华胜天成	3.57	0.83	软件服务	1597	7.07	--  	7.26	584483	3750	          5.32	5.86	7.48	7.25	0.046㈢	   117.09	424425440	  1.48	         79.66亿	北京	7.16	7.26	274834	309649	  0.89	7.25	486	  2.45	
300465	高伟达	3.55	0.36	软件服务	285	8.15	--  	8.48	646886	5021	         15.16	10.27	8.99	8.47	0.055㈢	   114.63	553200064	  1.05	         36.14亿	北京	8.25	8.55	329934	316952	  1.04	8.47	592	  1.18	
300287	飞利信	3.00	-0.21	软件服务	3344	4.40	--  	4.48	850685	6665	          7.60	5.53	4.64	4.47	0.170㈢	    19.77	382388992	  1.39	         50.01亿	北京	4.41	4.50	401548	449137	  0.89	4.47	636	  0.63	
300348	长亮科技	2.97	-0.14	软件服务	4	26.00	--  	27.00	238465	2741	         10.80	8.47	28.22	27.00	0.100㈢	   215.01	644651712	  1.25	         59.63亿	深圳	27.43	27.03	120657	117808	  1.02	26.98	217	  0.61	
002230	科大讯飞	2.90	0.03	软件服务	1929	36.37	--  	36.87	952582	5525	          5.23	4.55	38.00	36.87	0.110㈢	   264.09	3547937792	  0.97	        671.87亿	安徽	37.30	37.25	481867	470714	  1.02	36.86	90	  0.54	
300002	神州泰岳	2.90	0.44	软件服务	3292	4.42	--  	4.61	1055158	14549	          7.50	8.48	4.80	4.61	-0.078㈢	--  	485276928	  1.14	         64.84亿	北京	4.47	4.60	566903	488254	  1.16	4.60	1313	  0.54	
300245	天玑科技	2.79	-0.09	软件服务	592	10.06	--  	10.30	88438	402	          3.41	6.59	10.72	10.30	0.160㈢	    48.37	91600296	  1.18	         26.74亿	上海	10.15	10.36	41714	46723	  0.89	10.29	206	  0.43	
000586	汇源通信	2.66	0.08	通信设备	223	11.67	--  	11.96	207337	2117	         10.72	4.73	12.22	11.95	-0.010㈢	--  	248529248	  1.00	         23.12亿	四川	11.70	11.99	101422	105914	  0.96	11.95	93	  0.30	
300250	初灵信息	2.53	-0.18	软件服务	200	15.15	--  	15.38	185136	1699	         13.32	7.67	16.30	15.38	0.257㈢	    44.90	291249312	  1.12	         21.38亿	浙江	15.64	15.73	90600	94535	  0.96	15.37	31	  0.17	
002912	中新赛克	2.44	0.38	软件服务	7	102.75	--  	104.91	18168	101	          3.51	6.13	109.03	104.90	1.465㈢	    53.69	193038608	  1.31	         54.36亿	深圳	102.75	106.25	7729	10438	  0.74	104.90	1	  0.08	
002439	启明星辰	2.40	0.08	软件服务	92	25.66	--  	26.47	179831	1067	          2.88	7.12	27.50	26.47	0.132㈢	   150.47	479287808	  1.27	        165.15亿	北京	26.01	26.65	84631	95200	  0.89	26.46	110	  0.03	
300324	旋极信息	2.38	0.41	软件服务	523	7.02	--  	7.32	1094544	11821	         10.56	6.71	7.50	7.32	0.206㈢	    26.69	794674560	  0.85	         75.90亿	北京	7.07	7.26	550906	543638	  1.01	7.31	1517	  0.01	
000938	紫光股份	2.34	-0.07	软件服务	402	39.49	--  	39.88	142723	909	          4.95	3.93	41.02	39.86	0.796㈢	    37.53	574379136	  1.33	        115.00亿	北京	39.76	40.24	67854	74869	  0.91	39.86	530	 -0.03	
002340	格林美	2.33	0.21	小金属	4800	4.76	--  	4.84	1471553	11587	          3.89	4.03	4.95	4.83	0.130㈢	    29.04	715116992	  1.15	        182.75亿	深圳	4.76	4.86	721628	749925	  0.96	4.83	4130	 -0.03	
002575	群兴玩具	2.29	0.00	文教休闲	2606	9.41	--  	9.84	462333	4891	          7.85	8.01	10.18	9.83	0.012㈣	   836.08	452322304	  0.68	         57.87亿	广东	9.76	9.78	246284	216049	  1.14	9.83	1273	 -0.08	
300157	恒泰艾普	2.29	-0.19	石油开采	1950	4.80	--  	4.93	305646	1353	          4.98	4.37	5.01	4.92	0.045㈢	    82.02	150006256	  1.16	         30.19亿	北京	4.83	4.91	151974	153672	  0.99	4.92	1249	 -0.08	
300049	福瑞股份	2.25	0.38	中成药	36	10.22	--  	10.46	83019	908	          3.64	3.23	10.55	10.45	0.223㈢	    35.20	86465936	  1.36	         23.82亿	内蒙	10.34	10.42	36515	46504	  0.79	10.45	241	 -0.11	
300608	思特奇	2.22	0.83	软件服务	255	23.75	--  	24.43	30916	324	          4.47	6.15	25.22	24.43	0.030㈢	   616.41	75938856	  1.45	         16.89亿	北京	24.00	24.56	17605	13311	  1.32	24.37	31	 -0.15	
603138	海量数据	2.20	0.14	软件服务	126	21.51	--  	21.86	68597	977	         14.49	4.35	22.44	21.85	0.277㈢	    59.14	150999072	  1.39	         10.35亿	北京	21.60	22.01	32904	35692	  0.92	21.85	33	  1.08	
002908	德生科技	2.16	0.00	元器件	137	19.51	--  	19.84	59249	749	          6.81	3.50	20.19	19.84	0.248㈢	    59.91	118044872	  1.03	         17.27亿	广东	19.51	19.92	27140	32109	  0.85	19.83	87	 -0.20	
300302	同有科技	2.13	0.00	软件服务	306	8.95	--  	9.10	166574	935	          6.75	5.84	9.47	9.09	0.059㈢	   115.53	153144896	  1.30	         22.42亿	北京	8.98	9.19	81942	84632	  0.97	9.09	336	 -0.23	
002065	东华软件	2.10	0.12	软件服务	1272	8.14	--  	8.29	776443	2755	          2.77	5.30	8.57	8.28	0.210㈢	    29.57	648559424	  1.52	        232.48亿	北京	8.21	8.35	330340	446102	  0.74	8.28	2721	 -0.27	
002657	中科金财	2.06	0.00	软件服务	806	17.26	--  	17.81	378091	2298	         13.68	8.14	18.68	17.80	0.200㈢	    66.71	678511296	  1.31	         49.20亿	北京	17.50	17.95	188958	189132	  1.00	17.80	40	 -0.30	
300367	东方网力	2.01	0.18	电脑设备	1325	11.06	--  	11.17	458900	2763	          7.67	4.47	11.55	11.17	0.225㈢	    37.29	516372096	  1.30	         66.87亿	北京	11.26	11.25	244538	214362	  1.14	11.16	344	 -0.36	
603869	新智认知	2.00	0.30	软件服务	279	19.41	--  	19.90	53382	395	          1.99	5.74	20.53	19.89	0.824㈢	    18.11	106685480	  1.14	         53.33亿	广西	19.56	19.99	28431	24950	  1.14	19.89	117	  0.88	
600797	浙大网新	1.99	0.33	软件服务	1307	9.13	--  	9.24	552178	3066	          5.44	4.75	9.56	9.23	0.150㈢	    46.11	514946496	  1.04	         93.71亿	浙江	9.16	9.33	264346	287832	  0.92	9.23	753	  0.87	
000815	美利云	1.89	0.23	造纸	1178	8.35	--  	8.63	95716	1710	          3.02	3.66	8.66	8.63	0.047㈢	   136.48	81978008	  1.22	         27.34亿	宁夏	8.61	8.56	49755	45961	  1.08	8.62	325	 -0.48	
300033	同花顺	1.89	0.28	软件服务	422	78.98	--  	82.53	211299	1726	          7.99	11.37	88.19	82.53	1.179㈣	    69.99	1754270592	  1.03	        218.13亿	浙江	82.00	83.02	100818	110481	  0.91	82.52	62	 -0.48	
600242	中昌数据	1.79	-0.07	软件服务	3831	12.41	--  	13.08	384207	3356	         12.65	6.62	13.26	13.07	0.213㈢	    46.03	494602784	  1.52	         39.70亿	广东	12.58	12.87	187576	196631	  0.95	13.07	874	  0.67	
300166	东方国信	1.79	-0.06	软件服务	1342	14.60	--  	14.80	327988	2106	          4.05	6.19	15.50	14.80	0.173㈢	    64.29	493384096	  1.07	        119.98亿	北京	14.90	15.04	153602	174386	  0.88	14.79	318	 -0.58	
601360	三六零	1.78	0.08	互联网	380	26.09	--  	26.31	175747	1375	          4.42	4.57	27.27	26.30	0.380㈢	    53.03	468111584	  0.88	        104.46亿	江苏	26.50	26.64	87333	88413	  0.99	26.30	92	  0.66	
300050	世纪鼎利	1.75	0.31	软件服务	802	6.30	--  	6.38	234813	2025	          6.36	4.47	6.58	6.38	0.058㈢	    81.89	151423840	  1.21	         23.55亿	广东	6.33	6.45	110965	123847	  0.90	6.37	1042	 -0.61	
000007	全新好	1.74	0.43	酒店餐饮	499	6.90	--  	7.03	226306	1968	          7.33	3.91	7.17	7.03	-0.025㈢	--  	159302832	  0.94	         21.72亿	深圳	6.98	7.04	103649	122656	  0.85	7.02	1121	 -0.63	
300730	科创信息	1.70	0.15	软件服务	397	19.52	--  	19.75	109904	892	         14.54	4.79	20.45	19.75	0.024㈢	   609.74	219359824	  1.19	         14.93亿	湖南	19.70	19.96	49236	60668	  0.81	19.74	401	 -0.67	
002494	华斯股份	1.69	0.17	服饰	640	5.90	--  	6.01	108639	753	          3.68	2.88	6.07	6.00	0.044㈣	   137.17	65139332	  1.03	         17.70亿	河北	5.95	6.00	59869	48770	  1.23	6.00	743	 -0.67	
002777	久远银海	1.69	-0.19	软件服务	42	28.98	--  	29.47	22112	114	          1.51	4.76	30.36	29.46	0.360㈢	    64.13	65449172	  1.04	         43.05亿	四川	29.35	29.60	9823	12289	  0.80	29.46	12	 -0.67	
300078	思创医惠	1.62	-0.19	元器件	387	9.95	--  	10.07	304980	1835	          4.18	3.54	10.30	10.06	0.135㈢	    55.97	309067616	  1.28	         73.37亿	浙江	10.20	10.13	158688	146292	  1.08	10.06	623	 -0.75	
002649	博彦科技	1.59	0.22	软件服务	292	8.82	--  	8.97	262112	4549	          6.28	4.08	9.18	8.97	0.330㈢	    21.11	236153152	  1.15	         37.41亿	北京	8.89	9.01	137374	124738	  1.10	8.96	103	 -0.78	
000948	南天信息	1.58	0.30	软件服务	702	13.38	--  	13.47	152946	933	          6.20	6.26	14.21	13.46	0.081㈢	   124.73	209250096	  1.09	         33.18亿	云南	13.48	13.68	75678	77267	  0.98	13.46	67	 -0.78	
300738	奥飞数据	1.58	-0.06	电信运营	69	42.00	--  	42.47	15279	151	          4.37	3.54	43.48	42.47	0.640㈢	    51.07	65307412	  1.03	         14.84亿	广东	42.23	42.74	7321	7958	  0.92	42.46	38	 -0.79	
000931	中 关 村	1.57	0.00	生物制药	1100	8.28	--  	8.40	268977	2653	          3.83	3.87	8.60	8.40	0.130㈢	    48.29	226741712	  0.79	         58.98亿	北京	8.50	8.43	133665	135312	  0.99	8.39	669	 -0.79	
600385	山东金泰	1.47	-0.09	黄金	84	10.03	--  	10.37	26105	725	          1.83	4.51	10.49	10.36	-0.050㈢	--  	26903494	  1.16	         14.79亿	山东	10.27	10.31	13275	12830	  1.03	10.36	50	  0.35	
300038	数知科技	1.44	0.09	通信设备	1180	11.14	--  	11.28	373234	2685	          5.45	3.78	11.56	11.28	0.473㈢	    17.87	423733728	  1.17	         77.27亿	北京	11.14	11.35	186013	187220	  0.99	11.27	171	 -0.93	
600590	泰豪科技	1.40	0.46	电气设备	3	6.45	--  	6.52	146163	964	          1.78	2.95	6.64	6.52	0.186㈢	    26.30	95499184	  1.08	         53.61亿	江西	6.45	6.53	78386	67776	  1.16	6.51	343	  0.28	
300047	天源迪科	1.30	-0.19	软件服务	54	14.66	--  	14.81	178547	1119	          5.88	4.24	15.28	14.80	0.196㈢	    56.63	266527136	  1.07	         44.93亿	深圳	14.85	14.93	90393	88153	  1.03	14.80	20	 -1.06	
300297	蓝盾股份	1.22	0.15	软件服务	907	6.55	--  	6.63	570483	2868	          7.34	5.50	6.91	6.63	0.193㈢	    25.74	382612544	  1.16	         51.55亿	广东	6.59	6.71	298200	272283	  1.10	6.62	527	 -1.14	
601928	凤凰传媒	1.20	0.60	出版业	41	8.32	--  	8.43	207284	714	          0.81	3.24	8.59	8.43	0.434㈢	    14.58	175467504	  1.02	        214.54亿	江苏	8.32	8.47	114051	93232	  1.22	8.42	1256	  0.08	
300290	荣科科技	1.13	0.50	软件服务	105	7.99	--  	8.06	91891	1106	          2.86	3.26	8.25	8.06	0.030㈢	   249.91	74606576	  1.05	         25.91亿	辽宁	8.06	8.12	42102	49788	  0.85	8.05	15	 -1.24	
300066	三川智慧	1.12	0.00	电器仪表	8188	4.42	--  	4.51	388566	2306	          3.90	6.07	4.69	4.50	0.080㈢	    42.30	176435984	  1.08	         44.82亿	江西	4.49	4.54	185065	203501	  0.91	4.50	2442	 -1.24	
000662	天夏智慧	1.08	-0.14	软件服务	238	6.48	--  	6.54	151196	827	          4.04	3.55	6.71	6.54	0.124㈢	    39.54	99666024	  1.01	         24.48亿	广西	6.51	6.59	72014	79182	  0.91	6.53	1331	 -1.28	
002268	卫 士 通	0.94	-0.03	软件服务	56	25.58	--  	25.81	114397	666	          1.41	3.29	26.42	25.80	-0.088㈢	--  	298266304	  1.26	        208.95亿	四川	25.72	26.07	56678	57718	  0.98	25.80	39	 -1.43	
002402	和而泰	0.93	-0.22	元器件	962	8.62	--  	8.68	258722	1771	          3.58	3.73	8.94	8.67	0.216㈢	    30.14	227023088	  0.94	         62.66亿	深圳	8.70	8.77	130901	127821	  1.02	8.67	198	 -1.43	
600487	亨通光电	0.83	0.14	通信设备	2808	21.87	--  	21.99	807769	4202	          4.34	3.58	22.65	21.98	1.107㈢	    14.89	1802769536	  1.15	        408.90亿	江苏	22.43	22.32	413474	394295	  1.05	21.98	561	 -0.30	
300061	康旗股份	0.81	0.57	医疗保健	373	8.67	--  	8.76	77194	394	          2.81	3.80	9.00	8.75	0.329㈢	    19.96	68194024	  0.91	         24.01亿	上海	8.77	8.83	42844	34350	  1.25	8.75	164	 -1.56	
002417	深南股份	0.79	-0.21	多元金融	1038	8.86	--  	8.98	114711	1375	          4.85	3.82	9.20	8.97	-0.126㈢	--  	103839152	  0.83	         21.22亿	江苏	9.00	9.05	60164	54547	  1.10	8.97	206	 -1.58	
600588	用友网络	0.77	0.19	软件服务	651	30.80	--  	31.31	448750	3060	          2.36	7.60	33.16	31.30	0.080㈢	   298.49	1432818304	  1.24	        595.24亿	北京	32.00	31.93	213784	234966	  0.91	31.30	542	 -0.35	
000530	大冷股份	0.75	0.00	机械基件	389	4.00	--  	4.04	212984	2534	          3.56	2.75	4.11	4.03	0.087㈢	    34.71	86276128	  0.84	         24.09亿	辽宁	4.04	4.05	107925	105059	  1.03	4.03	1252	 -1.61	
002642	荣之联	0.74	-0.28	软件服务	1535	6.77	--  	6.83	320798	5384	          6.22	4.58	7.08	6.82	0.006㈢	   799.81	221714416	  1.03	         35.17亿	北京	6.86	6.91	167256	153541	  1.09	6.82	16	 -1.63	
002889	东方嘉盛	0.72	0.19	仓储物流	75	26.46	--  	26.67	40102	232	         10.78	2.46	27.11	26.66	0.742㈢	    26.95	107536736	  1.30	          9.92亿	深圳	26.75	26.82	21529	18573	  1.16	26.66	13	 -1.65	
300053	欧比特	0.66	0.09	半导体	80	10.57	--  	10.69	252967	2620	          5.07	5.66	11.17	10.68	0.140㈢	    61.48	274107616	  1.10	         53.28亿	广东	11.08	10.84	141191	111775	  1.26	10.68	279	 -1.70	
000611	天首发展	0.64	0.21	纺织	908	4.69	--  	4.73	173554	2046	          5.43	2.13	4.79	4.73	-0.150㈢	--  	82150568	  0.86	         15.11亿	内蒙	4.72	4.73	97015	76538	  1.27	4.72	110	 -1.73	
002316	亚联发展	0.62	0.12	软件服务	439	8.04	--  	8.10	135296	905	          4.61	3.48	8.32	8.09	0.155㈢	    39.18	110308176	  1.08	         23.74亿	深圳	8.09	8.15	66237	69059	  0.96	8.09	559	 -1.74	
300229	拓尔思	0.58	-0.18	软件服务	891	10.40	--  	10.45	139936	1161	          3.01	3.76	10.79	10.44	0.090㈢	    83.32	148315568	  0.92	         48.60亿	北京	10.53	10.60	70693	69242	  1.02	10.44	120	 -1.79	
603636	南威软件	0.54	-0.35	软件服务	1221	10.99	--  	11.10	200488	1672	          3.82	4.27	11.46	11.07	0.250㈢	    35.76	224757392	  1.27	         58.08亿	福建	11.02	11.21	86025	114462	  0.75	11.07	20	 -0.58	
300071	华谊嘉信	0.52	0.52	广告包装	3332	3.87	--  	3.91	304466	3237	          7.30	3.87	4.02	3.90	0.064㈢	    45.88	120249224	  1.01	         16.26亿	北京	3.95	3.95	149728	154737	  0.97	3.90	2879	 -1.85	
600166	福田汽车	0.48	0.48	汽车整车	2581	2.10	--  	2.12	1073255	7700	          1.61	2.86	2.16	2.11	-0.254㈢	--  	228380176	  0.86	        140.74亿	北京	2.10	2.13	577261	495994	  1.16	2.11	16142	 -0.65	
002261	拓维信息	0.36	-0.35	互联网	2004	5.46	--  	5.52	676091	10127	          7.43	5.64	5.77	5.52	0.046㈢	    90.90	379094112	  0.98	         50.20亿	湖南	5.54	5.61	351571	324519	  1.08	5.51	2487	 -2.00	
300088	长信科技	0.35	-0.16	元器件	2190	5.71	--  	5.75	1229604	11174	          5.44	4.19	5.95	5.75	0.265㈢	    16.30	715721344	  1.13	        130.05亿	安徽	5.83	5.82	610503	619100	  0.99	5.74	923	 -2.02	
002400	省广集团	0.28	-0.27	广告包装	6150	3.53	--  	3.57	750223	5633	          4.53	3.10	3.64	3.56	0.085㈢	    31.42	269008864	  0.86	         58.99亿	广东	3.56	3.59	376821	373401	  1.01	3.56	2896	 -2.08	
600498	烽火通信	0.28	0.06	通信设备	66	32.41	--  	32.71	545099	4642	          4.94	4.63	33.92	32.70	0.560㈢	    45.41	1810175232	  1.17	        360.48亿	湖北	33.00	33.21	264780	280318	  0.94	32.70	50	 -0.85	
601789	宁波建工	0.27	0.00	建筑施工	6183	3.70	--  	3.72	217558	2711	          2.23	2.43	3.79	3.72	0.156㈢	    17.90	81455040	  1.07	         36.31亿	浙江	3.72	3.74	122114	95444	  1.28	3.71	1218	 -0.85	
300059	东方财富	0.24	-0.23	证券	16195	20.40	--  	20.96	5927731	52977	         14.27	10.91	22.68	20.95	0.160㈢	   101.40	12622613504	  1.08	        870.16亿	上海	21.35	21.29	2895507	3032223	  0.95	20.95	1782	 -2.13	
300231	银信科技	0.13	-0.12	软件服务	666	7.94	--  	7.96	239657	3466	          7.09	4.15	8.27	7.96	0.227㈢	    26.33	193752896	  1.11	         26.91亿	北京	8.02	8.08	128952	110704	  1.16	7.95	451	 -2.24	
300044	赛为智能	0.12	-0.11	软件服务	592	8.30	--  	8.35	574597	6269	         10.82	4.56	8.68	8.34	0.141㈢	    44.50	485924064	  1.12	         44.30亿	深圳	8.50	8.46	302486	272111	  1.11	8.34	1375	 -2.24	
600070	浙江富润	0.00	-0.12	纺织	664	7.76	--  	7.84	159088	1896	          3.96	4.09	8.08	7.83	0.272㈢	    21.59	125712024	  0.78	         31.44亿	浙江	7.92	7.90	81836	77252	  1.06	7.83	293	 -1.12	
300420	五洋停车	0.00	0.16	机械基件	124	6.22	--  	6.37	232285	2247	          4.95	5.81	6.59	6.37	0.125㈢	    38.33	148443760	  0.93	         29.89亿	江苏	6.39	6.39	127677	104608	  1.22	6.36	107	 -2.36	
002622	融钰集团	0.00	-0.24	电气设备	5597	3.98	--  	4.03	822713	8908	          9.79	3.73	4.13	4.02	0.023㈢	   129.46	332943104	  0.80	         33.77亿	吉林	4.04	4.05	424475	398237	  1.07	4.02	1061	 -2.36	
002122	*ST天马	0.00	0.49	机械基件	4534	2.01	--  	2.04	262698	1067	          2.22	2.94	2.07	2.04	-0.173㈢	--  	53630044	  1.07	         24.16亿	浙江	2.05	2.04	148839	113858	  1.31	2.03	318	 -2.36	
600745	闻泰科技	-0.14	0.66	通信设备	22	28.89	--  	29.14	124536	543	          1.95	7.93	31.20	29.10	-0.266㈢	--  	373633792	  1.50	        185.44亿	湖北	30.01	30.00	73200	51336	  1.43	29.10	20	 -1.26	
002707	众信旅游	-0.14	0.43	旅游服务	1276	6.96	--  	7.08	209910	1470	          3.97	4.94	7.31	7.07	0.250㈢	    22.48	149571280	  1.02	         37.37亿	北京	6.97	7.13	119608	90302	  1.32	7.07	951	 -2.51	
000851	高鸿股份	-0.17	0.00	软件服务	6507	5.88	--  	5.96	788235	6700	          9.20	7.87	6.35	5.96	0.039㈢	   113.54	480487264	  1.38	         51.07亿	贵州	6.08	6.10	443538	344697	  1.29	5.95	1518	 -2.53	
000158	常山北明	-0.17	0.52	纺织	940	5.77	--  	5.82	277276	862	          1.71	3.95	6.00	5.82	0.024㈢	   181.64	163466800	  1.10	         94.53亿	河北	5.90	5.90	146856	130419	  1.13	5.81	320	 -2.54	
002212	南洋股份	-0.20	-0.19	电气设备	63	15.17	--  	15.33	76108	291	          1.18	4.37	15.84	15.31	0.022㈢	   523.55	118375376	  1.34	         98.36亿	广东	15.44	15.55	41001	35106	  1.17	15.30	22	 -2.56	
300459	金科文化	-0.25	-0.11	化工原料	743	8.04	--  	8.11	106544	698	          1.39	3.45	8.32	8.10	0.383㈢	    15.84	87327576	  1.30	         62.02亿	浙江	8.13	8.20	58224	48320	  1.20	8.10	191	 -2.61	
002306	*ST云网	-0.26	0.00	酒店餐饮	825	3.79	--  	3.82	65325	911	          0.82	1.31	3.84	3.81	0.010㈣	   379.57	24941064	  0.77	         30.22亿	北京	3.84	3.82	32023	33301	  0.96	3.81	505	 -2.63	
000997	新 大 陆	-0.28	0.00	软件服务	2191	17.45	--  	17.55	207602	741	          2.07	3.87	18.13	17.54	0.470㈢	    28.66	369630432	  1.09	        176.18亿	福建	17.76	17.80	106760	100841	  1.06	17.54	41	 -2.65	
600289	*ST信通	-0.36	0.00	软件服务	2489	2.73	--  	2.75	108371	521	          1.91	2.90	2.81	2.75	-0.726㈢	--  	30053516	  0.86	         15.56亿	黑龙江	2.76	2.77	65318	43052	  1.52	2.74	2731	 -1.48	
600633	浙数文化	-0.36	0.37	互联网	93	10.80	--  	10.96	469420	3127	          3.64	4.45	11.29	10.96	0.307㈢	    26.78	516272960	  1.18	        141.41亿	浙江	11.09	11.00	263268	206152	  1.28	10.95	661	 -1.49	
300188	美亚柏科	-0.47	0.24	软件服务	898	16.50	--  	16.84	167370	1185	          3.17	6.51	17.60	16.83	0.060㈢	   211.78	288326176	  1.29	         88.86亿	福建	17.06	17.23	87007	80362	  1.08	16.83	109	 -2.84	
002491	通鼎互联	-0.50	0.00	通信设备	787	9.95	--  	10.00	534375	5163	          4.54	3.98	10.35	9.99	0.372㈢	    20.13	541207424	  1.04	        117.46亿	江苏	10.25	10.13	297597	236778	  1.26	9.99	1558	 -2.86	
002174	游族网络	-0.98	0.65	互联网	20	19.77	--  	20.14	180006	815	          2.80	5.70	20.93	20.14	0.780㈢	    19.65	366301216	  1.16	        129.35亿	福建	20.53	20.35	91787	88218	  1.04	20.13	433	 -3.35	
300226	上海钢联	-1.02	-0.50	互联网	1	77.00	--  	78.00	59940	662	          3.95	6.33	81.99	78.00	0.608㈢	    96.22	475427584	  0.89	        118.37亿	上海	78.09	79.32	31447	28492	  1.10	77.99	1140	 -3.38	
603881	数据港	-1.04	0.53	电信运营	183	31.90	--  	32.33	67754	529	          5.30	7.04	34.20	32.32	0.455㈢	    53.27	224718688	  1.76	         41.32亿	上海	32.98	33.17	37202	30552	  1.22	32.32	100	 -2.16	
300384	三联虹普	-1.20	0.00	纺织机械	2028	16.30	--  	16.41	137257	1660	          7.55	5.36	17.19	16.40	0.350㈢	    35.18	229043104	  0.86	         29.83亿	北京	16.70	16.69	74440	62816	  1.19	16.40	142	 -3.57	
数据来源:通达信
