代码	名称	涨幅%%	涨速%%	细分行业	买量	最低	未匹配量	卖价	总量	现量	换手%%	振幅%%	最高	现价	每股收益	市盈(动)	总金额	量比	流通市值	地区	今开	均价	内盘	外盘	内外比	买价	卖量	强弱度%%	
600651	飞乐音响	10.13	0.00	电器仪表	90010	4.25	--  	--  	375450	103	          3.81	2.53	4.35	4.35	-0.837㈢	--  	163177792	  1.00	         42.86亿	上海	4.35	4.35	308577	66872	  4.61	4.35	0	  9.01	
600072	中船科技	10.01	0.00	船舶	25857	9.80	--  	--  	446367	2879	          7.43	9.91	10.77	10.77	0.004㈢	  2257.89	461120192	  1.71	         64.70亿	上海	9.80	10.33	223351	223016	  1.00	10.77	0	  8.89	
600775	南京熊猫	10.01	0.00	通信设备	13948	10.16	--  	--  	743171	599	         11.06	10.30	11.21	11.21	0.089㈢	    94.59	816658688	  1.31	         75.31亿	江苏	10.38	10.99	424959	318211	  1.34	11.21	0	  8.89	
600536	中国软件	10.00	0.00	软件服务	22073	29.40	--  	--  	572197	848	         11.57	7.59	31.58	31.58	-0.485㈢	--  	1770019840	  1.44	        156.18亿	北京	29.66	30.93	282173	290023	  0.97	31.58	0	  8.87	
002189	利达光电	9.99	0.84	元器件	1205	19.01	--  	--  	183487	1781	          9.33	7.34	20.37	20.37	0.220㈢	    82.09	366178336	  1.62	         40.07亿	河南	19.69	19.96	95982	87504	  1.10	20.37	0	  7.62	
600962	国投中鲁	9.97	0.00	软饮料	8018	9.31	--  	--  	223228	990	          8.79	12.28	10.48	10.48	0.025㈢	   313.50	225935824	  2.92	         26.62亿	北京	9.45	10.12	138339	84889	  1.63	10.48	0	  8.85	
000727	华东科技	9.96	0.00	元器件	182204	2.52	--  	--  	3677277	2258	         12.55	5.39	2.65	2.65	-0.348㈢	--  	966334976	  1.19	         77.66亿	江苏	2.65	2.63	2080530	1596746	  1.30	2.65	0	  7.59	
002080	中材科技	9.51	0.00	化纤	689	11.74	--  	12.78	331059	1887	          5.17	9.43	12.84	12.78	0.578㈢	    16.60	413728704	  2.34	         81.79亿	江苏	11.80	12.50	155533	175525	  0.89	12.77	807	  7.15	
000695	滨海能源	8.05	5.52	供气供热	1390	10.38	--  	11.30	37108	3311	          1.67	8.62	11.28	11.28	0.165㈢	    51.17	39439140	  2.27	         25.01亿	天津	10.45	10.63	12377	24731	  0.50	11.28	38	  5.68	
600685	中船防务	6.27	0.19	船舶	1879	14.60	--  	15.77	298332	8528	          3.63	8.43	15.85	15.76	-0.408㈢	--  	450750720	  1.29	        129.46亿	广东	14.78	15.11	147322	151009	  0.98	15.76	384	  5.15	
300557	理工光科	5.38	2.12	电器仪表	15	26.05	--  	27.40	20587	572	          6.06	7.54	28.01	27.40	-0.562㈢	--  	55213904	  2.86	          9.31亿	湖北	26.06	26.82	7134	13452	  0.53	27.28	42	  3.02	
600452	涪陵电力	5.31	0.18	水力发电	0	20.99	--  	22.04	49618	348	          2.22	6.88	22.43	22.03	0.940㈢	    17.58	109032304	  1.68	         49.35亿	重庆	20.99	21.97	21369	28249	  0.76	22.03	29	  4.18	
600027	华电国际	5.20	0.00	火力发电	3528	4.45	--  	4.66	1250667	9658	          1.79	4.75	4.66	4.65	0.155㈢	    22.54	571828672	  2.66	        325.30亿	山东	4.45	4.57	474170	776496	  0.61	4.65	7015	  4.08	
600011	华能国际	4.88	0.57	火力发电	3267	6.77	--  	7.09	702956	11568	          0.67	4.88	7.10	7.09	0.120㈢	    41.97	489494784	  1.65	        744.45亿	北京	6.78	6.96	278511	424445	  0.66	7.08	314	  3.76	
000151	中成股份	4.87	-0.06	商贸代理	373	13.03	--  	13.99	289733	2618	         10.87	11.77	14.60	13.99	0.223㈢	    47.05	395792448	  1.46	         37.29亿	北京	13.30	13.66	142390	147342	  0.97	13.98	152	  2.51	
002066	瑞泰科技	4.66	0.32	其他建材	893	8.80	--  	9.43	173068	1294	          7.49	8.66	9.58	9.43	0.035㈢	   200.39	159590544	  1.55	         21.78亿	北京	8.97	9.22	86254	86813	  0.99	9.42	1143	  2.30	
000786	北新建材	4.46	0.40	其他建材	194	19.10	--  	19.90	362419	2624	          2.56	7.09	20.45	19.89	1.160㈢	    12.34	719646656	  1.16	        281.24亿	北京	19.10	19.86	193504	168914	  1.15	19.89	133	  2.10	
000877	天山股份	4.40	0.10	水泥	3016	10.15	--  	10.45	1029467	11367	         11.70	8.20	10.97	10.44	0.730㈢	    10.73	1088057856	  2.20	         91.88亿	新疆	10.45	10.57	542557	486910	  1.11	10.44	2011	  2.04	
601989	中国重工	4.13	2.02	船舶	7369	5.29	--  	5.56	3308750	97003	          1.80	4.88	5.55	5.55	0.062㈢	    67.30	1783735808	  1.37	       1019.07亿	北京	5.34	5.39	1636650	1672099	  0.98	5.55	7325	  3.01	
600602	云赛智联	3.84	0.00	软件服务	1534	6.36	--  	6.49	171602	859	          1.66	4.96	6.67	6.49	0.133㈢	    36.68	112390032	  1.58	         67.07亿	上海	6.36	6.55	89505	82096	  1.09	6.48	718	  2.72	
600495	晋西车轴	3.83	0.18	运输设备	1209	5.20	--  	5.43	623494	6936	          5.16	9.20	5.68	5.42	0.033㈢	   123.30	336629728	  1.37	         65.48亿	山西	5.27	5.40	278984	344509	  0.81	5.42	2511	  2.71	
600505	西昌电力	3.77	0.85	水力发电	152	6.99	--  	7.15	118994	1633	          3.26	5.52	7.37	7.15	0.131㈢	    40.80	85239840	  1.25	         26.07亿	四川	6.99	7.16	64409	54585	  1.18	7.14	655	  2.65	
002423	中原特钢	3.69	0.37	特种钢	676	12.18	--  	13.49	498299	2745	          9.91	13.23	13.90	13.48	-0.130㈢	--  	648349824	  2.29	         67.80亿	河南	12.40	13.01	249973	248326	  1.01	13.48	148	  1.33	
601718	际华集团	3.61	0.23	服饰	2360	4.13	--  	4.31	757344	4217	          1.72	8.19	4.47	4.30	0.039㈢	    83.14	323805024	  1.37	        188.84亿	北京	4.19	4.28	379724	377619	  1.01	4.30	1564	  2.49	
002205	国统股份	3.36	-0.18	其他建材	176	15.15	--  	15.67	34525	810	          2.97	5.28	15.95	15.67	-0.041㈢	--  	53769960	  1.44	         18.20亿	新疆	15.21	15.57	15496	19029	  0.81	15.66	37	  1.00	
600292	远达环保	3.29	0.16	环境保护	270	6.08	--  	6.28	185982	1351	          2.38	5.26	6.40	6.28	0.138㈢	    34.14	116606496	  1.60	         49.04亿	重庆	6.10	6.27	96950	89031	  1.09	6.27	528	  2.17	
600406	国电南瑞	3.29	0.00	软件服务	490	18.90	--  	19.17	531743	3514	          2.08	3.99	19.64	19.17	0.520㈢	    28.46	1026720576	  1.40	        489.45亿	江苏	18.90	19.31	299738	232004	  1.29	19.16	177	  2.17	
600876	洛阳玻璃	3.05	-0.22	玻璃	353	12.37	--  	12.86	114924	994	          4.39	8.42	13.42	12.85	0.004㈢	  2206.29	147590400	  1.77	         33.64亿	河南	12.38	12.84	55394	59530	  0.93	12.85	356	  1.93	
002265	西仪股份	2.99	0.00	汽车配件	247	9.06	--  	9.29	82914	1407	          2.73	4.10	9.43	9.29	0.004㈢	  1942.09	76421872	  1.23	         28.16亿	云南	9.06	9.22	37451	45463	  0.82	9.28	229	  0.63	
000930	中粮生化	2.93	0.24	农业综合	5353	8.16	--  	8.44	483207	4700	          5.95	5.37	8.60	8.43	0.350㈢	    34.40	406194048	  1.49	         68.49亿	安徽	8.22	8.41	214214	268992	  0.80	8.43	1469	  0.57	
000751	锌业股份	2.90	0.52	铅锌	3994	3.82	--  	3.90	765758	7915	          5.43	3.96	3.97	3.90	0.039㈢	    75.75	297661088	  0.92	         54.98亿	辽宁	3.85	3.89	396767	368991	  1.08	3.89	2264	  0.54	
000652	泰达股份	2.80	1.25	批发业	477	3.94	--  	4.04	543363	6206	          3.69	5.34	4.15	4.04	0.049㈢	    61.79	218534192	  0.93	         59.55亿	天津	4.03	4.02	288097	255266	  1.13	4.03	299	  0.43	
000031	中粮地产	2.76	0.85	全国地产	320	5.82	--  	5.95	377417	1827	          2.08	3.80	6.04	5.95	0.500㈢	    19.29	224735104	  1.35	        107.92亿	深圳	5.82	5.95	190237	187179	  1.02	5.94	1158	  0.40	
600489	中金黄金	2.42	0.23	黄金	1981	8.51	--  	8.88	788859	13824	          2.29	4.73	8.92	8.87	0.056㈢	   119.71	687226944	  1.39	        306.12亿	北京	8.52	8.71	376744	412115	  0.91	8.87	4200	  1.30	
600654	ST中安	2.42	0.47	软件服务	2778	2.07	--  	2.12	235494	2180	          3.12	4.35	2.16	2.12	-0.084㈢	--  	49975308	  1.43	         16.01亿	上海	2.07	2.12	99402	136092	  0.73	2.11	2205	  1.29	
600710	苏美达	2.35	0.21	工程机械	379	4.67	--  	4.81	162094	922	          2.53	4.48	4.88	4.80	0.266㈢	    13.52	77749496	  1.06	         30.73亿	江苏	4.75	4.80	75091	87003	  0.86	4.80	849	  1.22	
000733	振华科技	2.30	-0.57	元器件	264	13.51	--  	13.78	137533	402	          2.93	3.57	13.99	13.77	0.450㈢	    25.15	189159872	  1.27	         64.63亿	贵州	13.56	13.75	64779	72754	  0.89	13.77	5	 -0.06	
600061	国投资本	2.26	0.00	证券	354	12.79	--  	13.55	689566	6036	          1.65	12.91	14.50	13.55	0.260㈢	    39.13	936735552	  1.13	        565.55亿	上海	13.20	13.58	356211	333355	  1.07	13.54	544	  1.14	
600552	凯盛科技	2.12	0.32	玻璃	2511	5.83	--  	6.27	1057375	11901	         13.84	9.46	6.41	6.26	0.095㈢	    49.29	646939840	  1.19	         47.82亿	安徽	6.15	6.12	536141	521234	  1.03	6.26	1632	  1.00	
300140	中环装备	2.04	0.20	电气设备	414	9.76	--  	9.98	172901	1770	          7.00	5.11	10.26	9.98	-0.080㈢	--  	172951168	  1.06	         24.64亿	陕西	9.87	10.00	88622	84279	  1.05	9.97	704	 -0.32	
000400	许继电气	2.01	0.00	电气设备	154	11.00	--  	11.16	298323	2045	          2.96	3.84	11.42	11.16	0.154㈢	    54.31	335641760	  1.23	        112.51亿	河南	11.00	11.25	153164	145159	  1.06	11.15	1144	 -0.35	
600621	华鑫股份	1.98	-0.07	证券	981	12.13	--  	12.86	708928	4255	         13.24	13.25	13.80	12.85	0.037㈢	   262.06	914240128	  1.60	         68.78亿	上海	12.51	12.90	364719	344209	  1.06	12.85	1015	  0.86	
600787	中储股份	1.95	0.48	仓储物流	309	6.14	--  	6.27	161824	1154	          0.74	4.07	6.39	6.26	0.033㈢	   140.24	101498144	  1.35	        137.71亿	天津	6.18	6.27	76915	84908	  0.91	6.26	983	  0.83	
600150	*ST船舶	1.92	-0.37	船舶	1495	15.50	--  	15.90	260072	3482	          1.89	4.43	16.19	15.89	0.225㈢	    53.03	411588256	  1.46	        218.98亿	上海	15.86	15.83	159174	100897	  1.58	15.89	289	  0.80	
000815	美利云	1.89	0.23	造纸	1178	8.35	--  	8.63	95716	1710	          3.02	3.66	8.66	8.63	0.047㈢	   136.48	81978008	  1.22	         27.34亿	宁夏	8.61	8.56	49755	45961	  1.08	8.62	325	 -0.48	
600058	五矿发展	1.88	0.62	商贸代理	50	7.96	--  	8.11	94779	687	          0.88	5.40	8.39	8.11	-0.369㈢	--  	77079800	  1.03	         86.93亿	北京	7.96	8.13	41844	52934	  0.79	8.10	449	  0.76	
600698	湖南天雁	1.77	0.00	汽车配件	6046	4.00	--  	4.04	263789	2818	          3.58	2.27	4.09	4.03	-0.002㈢	--  	106536760	  0.93	         29.71亿	湖南	4.01	4.04	120654	143135	  0.84	4.03	2591	  0.65	
601611	中国核建	1.76	0.25	建筑施工	3763	8.02	--  	8.11	313679	5109	          3.26	2.89	8.25	8.10	0.220㈢	    27.62	255200496	  1.04	         77.91亿	上海	8.11	8.14	157167	156512	  1.00	8.10	267	  0.64	
600435	北方导航	1.72	0.64	专用机械	3629	9.25	--  	9.47	568731	7782	          3.82	4.19	9.64	9.46	0.003㈢	  2623.64	536396320	  1.05	        140.89亿	北京	9.32	9.43	292945	275785	  1.06	9.46	372	  0.60	
600099	林海股份	1.68	-0.14	摩托车	126	6.53	--  	6.67	51436	397	          2.35	3.66	6.77	6.67	0.001㈢	  5287.74	34158172	  1.25	         14.62亿	江苏	6.57	6.64	25633	25803	  0.99	6.66	311	  0.56	
600726	华电能源	1.65	0.00	火力发电	769	2.43	--  	2.46	190733	1978	          1.24	3.31	2.51	2.46	-0.266㈢	--  	47096776	  1.05	         37.75亿	黑龙江	2.43	2.47	94226	96507	  0.98	2.45	7910	  0.53	
600335	国机汽车	1.59	0.13	汽车配件	640	7.53	--  	7.66	252384	2723	          2.45	4.12	7.84	7.65	0.475㈢	    12.09	193977168	  1.02	         78.77亿	天津	7.58	7.69	125211	127173	  0.98	7.65	267	  0.47	
002246	北化股份	1.54	0.38	化工原料	498	7.77	--  	7.92	110445	1384	          2.45	3.85	8.07	7.92	0.137㈢	    43.44	87267632	  1.33	         35.63亿	四川	7.83	7.90	52281	58164	  0.90	7.91	93	 -0.83	
600795	国电电力	1.51	0.37	火力发电	8083	2.64	--  	2.69	1634978	7978	          0.83	3.02	2.72	2.69	0.130㈢	    15.06	439192000	  1.19	        528.60亿	辽宁	2.65	2.69	755377	879600	  0.86	2.68	19079	  0.39	
600125	铁龙物流	1.49	0.25	铁路	474	8.08	--  	8.16	466804	6485	          3.58	3.73	8.38	8.16	0.313㈢	    19.57	381977088	  1.43	        106.53亿	辽宁	8.10	8.18	234629	232175	  1.01	8.15	1256	  0.37	
000897	津滨发展	1.48	0.00	区域地产	2960	2.69	--  	2.75	459227	3524	          2.84	5.17	2.83	2.75	-0.023㈢	--  	126955040	  1.09	         44.47亿	天津	2.70	2.76	203574	255652	  0.80	2.74	2146	 -0.89	
600967	内蒙一机	1.45	0.59	运输设备	2838	11.66	--  	11.88	350816	3913	          3.65	3.50	12.07	11.87	0.207㈢	    43.06	416756672	  1.12	        114.01亿	内蒙	11.77	11.88	193684	157132	  1.23	11.87	505	  0.33	
600021	上海电力	1.45	0.22	火力发电	60	8.93	--  	9.08	128106	1449	          1.50	2.68	9.17	9.08	0.290㈢	    24.97	116214408	  1.21	         77.71亿	上海	8.93	9.07	70554	57552	  1.23	9.07	211	  0.33	
000066	中国长城	1.43	0.00	电脑设备	1672	7.00	--  	7.10	916800	5148	          3.68	5.01	7.35	7.09	0.071㈢	    75.06	655728640	  1.11	        176.59亿	深圳	7.12	7.15	448445	468354	  0.96	7.09	1613	 -0.93	
601858	中国科传	1.36	0.10	出版业	391	10.35	--  	10.46	112231	633	          5.89	2.91	10.65	10.46	0.241㈢	    32.61	118076888	  0.85	         19.93亿	北京	10.41	10.52	60562	51669	  1.17	10.45	438	  0.24	
600863	内蒙华电	1.35	0.33	火力发电	1366	2.98	--  	3.01	284333	1690	          0.49	2.69	3.06	3.01	0.090㈢	    24.38	86068440	  0.82	        174.82亿	内蒙	2.98	3.03	151121	133212	  1.13	3.00	653	  0.23	
600176	中国巨石	1.33	0.18	玻璃	3311	11.25	--  	11.43	1039889	9134	          2.97	3.55	11.65	11.42	0.546㈢	    15.69	1190814336	  1.55	        399.96亿	浙江	11.51	11.45	550571	489317	  1.13	11.42	292	  0.21	
600420	现代制药	1.33	0.00	化学制药	741	9.80	--  	9.92	97409	630	          1.69	2.86	10.08	9.91	0.520㈢	    13.61	96847776	  1.13	         57.03亿	上海	9.80	9.94	43720	53688	  0.81	9.91	605	  0.21	
000666	经纬纺机	1.31	-0.26	纺织机械	6	14.40	--  	14.69	236635	2396	          8.06	6.14	15.29	14.68	0.717㈢	    15.35	350280256	  0.68	         43.09亿	北京	14.49	14.80	114959	121675	  0.94	14.68	18	 -1.05	
600184	光电股份	1.25	0.71	专用机械	28	11.18	--  	11.32	62105	1015	          1.22	2.59	11.47	11.32	0.088㈢	    96.68	70344744	  0.97	         57.59亿	湖北	11.23	11.33	32852	29253	  1.12	11.31	6	  0.13	
600056	中国医药	1.24	0.39	医药商业	26	15.33	--  	15.49	238810	1775	          2.36	4.12	15.96	15.49	1.161㈢	    10.01	373030496	  1.12	        156.78亿	北京	15.52	15.62	121389	117420	  1.03	15.48	879	  0.12	
000883	湖北能源	1.21	0.48	火力发电	576	4.11	--  	4.17	196711	1212	          0.30	2.67	4.22	4.17	0.267㈢	    11.70	82140512	  1.05	        271.24亿	湖北	4.12	4.18	94887	101823	  0.93	4.16	422	 -1.15	
000831	五矿稀土	1.21	0.30	小金属	790	9.90	--  	10.03	312962	1424	          3.19	3.53	10.25	10.03	0.082㈢	    92.25	315197344	  0.98	         98.38亿	山西	9.95	10.07	161214	151748	  1.06	10.02	202	 -1.15	
002128	露天煤业	1.17	0.00	煤炭开采	1076	8.58	--  	8.66	281803	990	          1.72	2.92	8.83	8.66	0.923㈢	     7.04	245654896	  1.14	        141.54亿	内蒙	8.64	8.72	142214	139588	  1.02	8.65	585	 -1.20	
600511	国药股份	1.17	0.36	医药商业	197	24.80	--  	25.13	53323	338	          1.92	2.13	25.33	25.12	1.243㈢	    15.15	134001600	  1.02	         69.74亿	北京	24.85	25.13	25729	27593	  0.93	25.12	33	  0.05	
000985	大庆华科	1.16	0.00	化工原料	53	13.60	--  	13.97	22684	137	          1.75	6.45	14.49	13.95	-0.072㈢	--  	31837348	  1.48	         18.08亿	黑龙江	13.75	14.04	10720	11963	  0.90	13.95	21	 -1.20	
601088	中国神华	1.15	0.05	煤炭开采	734	20.91	--  	21.08	460492	2129	          0.28	3.70	21.68	21.07	1.774㈢	     8.91	980873216	  1.37	       3474.66亿	北京	20.99	21.30	215511	244980	  0.88	21.07	292	  0.03	
603126	中材节能	1.13	0.32	环境保护	528	6.19	--  	6.27	119621	1472	          1.96	3.87	6.43	6.27	0.150㈢	    31.25	75554576	  1.19	         38.28亿	天津	6.23	6.32	63570	56051	  1.13	6.26	196	  0.01	
000519	中兵红箭	1.13	0.25	矿物制品	783	7.92	--  	8.08	496907	8992	          6.76	2.88	8.15	8.07	0.186㈢	    32.46	398621920	  0.95	         59.33亿	湖南	8.00	8.02	258932	237974	  1.09	8.07	2012	 -1.24	
600444	国机通用	1.10	-0.08	塑料	18	10.85	--  	10.99	25925	381	          1.77	2.48	11.12	10.99	0.230㈢	    35.90	28544380	  1.17	         16.09亿	安徽	10.90	11.01	9545	16379	  0.58	10.98	192	 -0.02	
000780	平庄能源	1.09	0.27	煤炭开采	1384	3.63	--  	3.73	241273	1636	          2.38	5.98	3.85	3.72	-0.051㈢	--  	90179016	  0.92	         37.73亿	内蒙	3.67	3.74	112655	128617	  0.88	3.72	1930	 -1.28	
000767	漳泽电力	1.09	0.72	火力发电	988	2.75	--  	2.79	247125	1168	          0.85	2.90	2.83	2.79	0.062㈢	    33.86	69030440	  1.05	         81.25亿	山西	2.76	2.79	124253	122872	  1.01	2.78	2858	 -1.28	
601798	*ST蓝科	1.07	-0.34	化工机械	317	5.56	--  	5.68	46716	159	          1.32	2.85	5.72	5.67	-0.257㈢	--  	26211296	  1.28	         20.10亿	甘肃	5.64	5.61	25047	21668	  1.16	5.67	160	 -0.05	
002039	黔源电力	1.06	0.21	水力发电	77	14.11	--  	14.28	32782	228	          1.07	1.98	14.39	14.28	0.959㈢	    11.17	46799324	  1.25	         43.61亿	贵州	14.12	14.28	16849	15932	  1.06	14.24	23	 -1.30	
600737	中粮糖业	1.06	0.12	食品	106	8.45	--  	8.62	366099	1561	          1.78	5.63	8.93	8.61	0.389㈢	    16.60	316598304	  1.43	        176.67亿	新疆	8.52	8.65	206910	159188	  1.30	8.61	755	 -0.07	
000059	华锦股份	1.04	0.30	石油加工	1077	6.68	--  	6.77	320365	1998	          2.00	2.84	6.87	6.77	0.662㈢	     7.67	217321248	  1.03	        108.28亿	辽宁	6.72	6.78	162992	157373	  1.04	6.76	794	 -1.32	
600449	宁夏建材	1.01	0.22	水泥	1246	8.90	--  	9.02	236616	3209	          4.95	2.80	9.15	9.02	0.728㈢	     9.30	213522688	  1.49	         43.13亿	宁夏	8.97	9.02	130873	105743	  1.24	9.01	365	 -0.11	
600148	长春一东	0.98	0.18	汽车配件	310	16.41	--  	16.57	40980	630	          2.90	3.41	16.97	16.56	0.171㈢	    72.76	68192592	  0.89	         23.44亿	吉林	16.45	16.64	20476	20503	  1.00	16.56	9	 -0.15	
000021	深科技	0.94	0.00	电脑设备	655	7.48	--  	7.53	216660	804	          1.47	3.22	7.72	7.52	0.300㈢	    18.82	164730912	  1.08	        110.49亿	深圳	7.49	7.60	106033	110626	  0.96	7.52	1294	 -1.42	
600171	上海贝岭	0.93	0.67	半导体	795	11.83	--  	11.95	386606	2164	          5.74	3.55	12.25	11.94	0.126㈢	    70.85	465697664	  1.14	         80.45亿	上海	12.12	12.05	195211	191395	  1.02	11.94	1011	 -0.19	
300105	龙源技术	0.90	-0.43	电器仪表	552	4.43	--  	4.49	87917	253	          1.71	4.05	4.61	4.48	-0.010㈢	--  	39795648	  1.07	         22.99亿	山东	4.45	4.53	42256	45660	  0.93	4.48	128	 -1.46	
600963	岳阳林纸	0.88	0.22	造纸	1718	4.51	--  	4.57	307948	2315	          2.95	3.09	4.65	4.57	0.244㈢	    14.05	141132096	  1.10	         47.67亿	湖南	4.53	4.58	154625	153323	  1.01	4.56	111	 -0.24	
601918	新集能源	0.88	0.29	煤炭开采	4897	3.40	--  	3.43	418122	3775	          1.61	2.94	3.50	3.43	0.350㈢	     7.34	144053136	  0.88	         88.86亿	安徽	3.42	3.45	220934	197187	  1.12	3.42	1013	 -0.24	
600480	凌云股份	0.87	0.65	汽车配件	135	9.23	--  	9.33	91967	1219	          2.04	2.81	9.49	9.32	0.490㈢	    14.45	86038784	  1.08	         42.03亿	河北	9.28	9.36	49953	42013	  1.19	9.32	119	 -0.26	
600886	国投电力	0.86	0.24	水力发电	212	8.09	--  	8.22	569191	4475	          0.84	2.70	8.31	8.21	0.530㈢	    11.62	466435680	  1.15	        557.13亿	北京	8.14	8.19	286150	283041	  1.01	8.21	1025	 -0.26	
600115	东方航空	0.85	0.34	空运	2661	5.85	--  	5.90	608114	3442	          0.62	3.08	6.03	5.90	0.310㈢	    14.26	361130336	  0.71	        578.70亿	上海	5.87	5.94	281327	326786	  0.86	5.89	1690	 -0.27	
601618	中国中冶	0.85	0.28	建筑施工	9649	3.52	--  	3.56	2500664	11598	          1.40	3.68	3.65	3.56	0.182㈢	    14.69	894667072	  1.16	        635.55亿	北京	3.54	3.58	1210271	1290392	  0.94	3.55	3697	 -0.27	
600877	ST嘉陵	0.83	0.00	摩托车	805	4.71	--  	4.84	113862	1056	          1.66	3.13	4.86	4.84	-0.235㈢	--  	54584824	  1.24	         33.26亿	重庆	4.80	4.79	58654	55207	  1.06	4.83	172	 -0.29	
600482	中国动力	0.83	0.39	电气设备	20	25.01	--  	25.57	66136	932	          0.74	3.43	25.88	25.55	0.580㈢	    33.06	168829472	  1.02	        227.68亿	河北	25.49	25.53	32753	33382	  0.98	25.55	60	 -0.29	
000778	新兴铸管	0.81	0.20	钢加工	2727	4.93	--  	4.98	728972	4903	          1.86	2.64	5.06	4.97	0.454㈢	     8.22	363619936	  1.07	        194.88亿	河北	4.95	4.99	347092	381879	  0.91	4.97	2877	 -1.55	
600198	*ST大唐	0.81	-0.10	通信设备	498	8.60	--  	8.71	181759	1548	          2.08	4.28	8.97	8.71	0.286㈢	    22.84	160583088	  1.03	         76.24亿	北京	8.65	8.83	94227	87532	  1.08	8.70	23	 -0.31	
002046	轴研科技	0.80	-0.12	机械基件	7	7.50	--  	7.55	49944	140	          1.26	3.07	7.73	7.54	0.080㈢	    70.76	38036812	  0.83	         29.83亿	河南	7.52	7.62	25459	24485	  1.04	7.54	15	 -1.56	
600268	国电南自	0.80	0.20	电气设备	219	5.00	--  	5.05	166630	857	          2.62	3.00	5.15	5.04	-0.034㈢	--  	84527616	  0.98	         32.02亿	江苏	5.00	5.07	80784	85846	  0.94	5.04	757	 -0.32	
601038	一拖股份	0.79	-0.19	农用机械	620	5.04	--  	5.09	122617	577	          2.06	2.98	5.19	5.08	-0.403㈢	--  	62712424	  0.92	         30.17亿	河南	5.05	5.11	61602	61015	  1.01	5.08	633	 -0.33	
000411	英特集团	0.77	-0.07	医药商业	57	12.98	--  	13.07	41805	435	          2.02	3.09	13.38	13.06	0.361㈢	    27.15	54990284	  1.12	         27.07亿	浙江	13.03	13.15	18132	23673	  0.77	13.06	33	 -1.59	
600178	东安动力	0.75	0.19	汽车配件	625	5.28	--  	5.35	122777	664	          2.66	2.82	5.43	5.35	0.143㈢	    28.06	65800636	  1.05	         24.72亿	黑龙江	5.31	5.36	56844	65932	  0.86	5.34	186	 -0.37	
600517	置信电气	0.71	0.23	电气设备	453	4.22	--  	4.29	196823	756	          1.58	3.53	4.37	4.28	-0.111㈢	--  	84709216	  0.79	         53.27亿	上海	4.25	4.30	98834	97989	  1.01	4.28	1928	 -0.42	
600262	北方股份	0.69	0.10	汽车整车	120	18.96	--  	19.10	21610	144	          1.27	2.58	19.45	19.09	0.428㈢	    33.44	41452384	  1.20	         32.45亿	内蒙	19.19	19.18	10134	11476	  0.88	19.09	177	 -0.44	
600550	保变电气	0.68	0.23	电气设备	717	4.37	--  	4.42	212199	2671	          1.38	2.51	4.48	4.41	-0.120㈢	--  	94061128	  1.08	         67.68亿	河北	4.39	4.43	107848	104351	  1.03	4.41	1704	 -0.44	
600707	彩虹股份	0.62	0.31	元器件	91	6.40	--  	6.53	419616	4159	          3.26	8.47	6.95	6.53	-0.074㈢	--  	276264448	  1.16	         84.10亿	陕西	6.73	6.58	218503	201113	  1.09	6.52	862	 -0.51	
600970	中材国际	0.58	0.29	建筑施工	2977	6.89	--  	6.93	530604	2898	          3.05	2.90	7.09	6.93	0.581㈢	     8.94	371452608	  1.10	        120.38亿	江苏	6.97	7.00	297721	232882	  1.28	6.92	112	 -0.54	
000635	英 力 特	0.54	0.11	化工原料	83	9.21	--  	9.33	76044	524	          2.51	2.48	9.44	9.32	0.292㈢	    23.91	70979232	  1.47	         28.25亿	宁夏	9.30	9.33	43452	32592	  1.33	9.32	406	 -1.83	
000591	太阳能	0.52	0.00	新型电力	5470	3.81	--  	3.84	593996	5679	          2.92	3.14	3.93	3.84	0.239㈢	    12.05	229157888	  1.02	         78.22亿	重庆	3.82	3.86	319503	274493	  1.16	3.83	1462	 -1.84	
600995	文山电力	0.52	0.13	水力发电	854	7.70	--  	7.74	108820	541	          2.27	1.95	7.85	7.73	0.687㈢	     8.44	84582656	  1.27	         36.99亿	云南	7.71	7.77	58120	50699	  1.15	7.73	587	 -0.60	
600742	一汽富维	0.51	-0.16	汽车配件	362	11.77	--  	11.80	99800	488	          1.97	2.73	12.09	11.79	0.764㈢	    11.57	119065328	  1.45	         59.85亿	吉林	11.77	11.93	47944	51855	  0.92	11.79	40	 -0.61	
002232	启明信息	0.48	0.12	软件服务	233	8.32	--  	8.36	100939	739	          2.50	3.13	8.58	8.36	0.098㈢	    63.80	85096344	  1.08	         33.75亿	吉林	8.32	8.43	46156	54783	  0.84	8.35	189	 -1.88	
000881	中广核技	0.48	-0.11	综合类	86	8.34	--  	8.38	91732	1007	          2.98	2.76	8.57	8.37	0.184㈢	    34.12	77465352	  1.05	         25.78亿	辽宁	8.34	8.44	46924	44808	  1.05	8.37	11	 -1.88	
000657	中钨高新	0.47	-0.15	小金属	33	6.34	--  	6.38	139929	741	          3.08	3.15	6.54	6.37	0.150㈢	    40.65	89880672	  1.03	         28.90亿	海南	6.39	6.42	74950	64978	  1.15	6.37	30	 -1.89	
600720	祁连山	0.37	0.25	水泥	305	8.09	--  	8.19	429554	3415	          5.53	3.44	8.37	8.18	0.710㈢	     8.64	353588576	  1.52	         63.49亿	甘肃	8.23	8.23	235184	194370	  1.21	8.18	2337	 -0.75	
002643	万润股份	0.36	-0.08	化工原料	580	11.18	--  	11.23	185342	2248	          2.08	3.67	11.59	11.22	0.337㈢	    24.98	210170432	  0.94	        100.10亿	山东	11.26	11.34	86821	98521	  0.88	11.22	80	 -2.01	
600029	南方航空	0.36	0.00	空运	3748	8.30	--  	8.43	991383	5235	          1.41	3.93	8.63	8.42	0.400㈢	    18.56	838009152	  0.80	        591.31亿	广东	8.44	8.45	461255	530127	  0.87	8.42	2993	 -0.76	
000875	吉电股份	0.35	0.00	火力发电	6658	2.86	--  	2.88	566144	4192	          2.90	2.79	2.94	2.88	0.000㈢	  4945.11	164050960	  0.94	         56.28亿	吉林	2.88	2.90	315867	250277	  1.26	2.87	7547	 -2.02	
002281	光迅科技	0.34	0.06	通信设备	686	31.77	--  	32.02	301061	1992	          4.83	4.33	33.15	32.01	0.410㈢	    59.12	979701056	  1.06	        199.35亿	湖北	32.24	32.54	155882	145178	  1.07	32.01	64	 -2.02	
000028	国药一致	0.33	-0.03	医药商业	144	45.86	--  	46.02	27958	140	          0.91	3.31	47.38	46.01	2.165㈢	    15.94	130254056	  1.10	        141.59亿	深圳	45.87	46.59	15989	11968	  1.34	46.01	2	 -2.04	
600345	长江通信	0.33	-0.23	通信设备	449	24.21	--  	24.60	100660	978	          5.08	4.20	25.24	24.59	1.089㈢	    16.94	250353856	  1.18	         48.69亿	湖北	24.66	24.87	54623	46037	  1.19	24.59	2	 -0.80	
600050	中国联通	0.31	0.31	电信运营	14817	6.50	--  	6.58	4582494	31186	          2.16	5.80	6.88	6.57	0.112㈢	    44.06	3075330816	  0.93	       1392.62亿	北京	6.70	6.71	2374456	2208037	  1.08	6.57	11129	 -0.82	
600498	烽火通信	0.28	0.06	通信设备	66	32.41	--  	32.71	545099	4642	          4.94	4.63	33.92	32.70	0.560㈢	    45.41	1810175232	  1.17	        360.48亿	湖北	33.00	33.21	264780	280318	  0.94	32.70	50	 -0.85	
000927	一汽夏利	0.26	-0.25	汽车整车	1936	3.77	--  	3.81	227579	2791	          1.43	3.69	3.91	3.80	-0.629㈢	--  	87140208	  1.10	         60.62亿	天津	3.82	3.83	112258	115321	  0.97	3.80	924	 -2.10	
000922	佳电股份	0.25	-0.24	电气设备	79	7.75	--  	7.89	153655	977	          3.17	3.94	8.06	7.88	0.527㈢	    11.21	121919904	  1.39	         38.24亿	黑龙江	7.80	7.93	79256	74398	  1.07	7.88	162	 -2.11	
600433	冠豪高新	0.24	0.47	造纸	1822	4.20	--  	4.26	405736	3773	          3.19	4.24	4.38	4.26	0.069㈢	    46.60	174132688	  1.33	         54.16亿	广东	4.23	4.29	212473	193263	  1.10	4.25	1465	 -0.89	
000625	长安汽车	0.23	0.11	汽车整车	371	8.71	--  	8.78	324513	2083	          0.86	3.54	9.02	8.77	0.242㈢	    27.16	287896576	  1.12	        329.83亿	重庆	8.75	8.87	159791	164721	  0.97	8.77	668	 -2.14	
000032	深桑达Ａ	0.22	0.00	元器件	163	8.92	--  	8.95	81694	539	          1.99	2.80	9.17	8.94	0.202㈢	    33.18	73887312	  1.03	         36.77亿	深圳	8.95	9.04	42339	39354	  1.08	8.94	137	 -2.14	
600764	中国海防	0.11	0.61	通信设备	78	27.60	--  	27.94	24005	202	          0.73	3.05	28.45	27.91	0.064㈢	   328.53	67140056	  0.85	         91.76亿	北京	27.88	27.97	12941	11063	  1.17	27.91	13	 -1.01	
600500	中化国际	0.00	-0.12	商贸代理	1212	7.71	--  	7.78	303386	1261	          1.46	3.35	7.97	7.77	0.371㈢	    15.71	237876848	  1.18	        161.85亿	上海	7.80	7.84	165289	138096	  1.20	7.77	334	 -1.12	
600396	金山股份	0.00	0.00	火力发电	947	2.24	--  	2.27	275168	2951	          1.87	2.65	2.30	2.26	-0.295㈢	--  	62318260	  0.92	         33.28亿	辽宁	2.25	2.26	147758	127409	  1.16	2.26	4053	 -1.12	
002116	中国海诚	0.00	-0.09	建筑施工	342	9.42	--  	9.52	76408	1089	          1.84	5.78	9.97	9.52	0.356㈢	    20.07	73713088	  0.79	         39.53亿	上海	9.50	9.65	39197	37210	  1.05	9.51	869	 -2.36	
000065	北方国际	0.00	-0.10	建筑施工	1151	9.15	--  	9.22	117661	377	          1.87	2.93	9.42	9.21	0.574㈢	    12.04	109307632	  0.88	         57.93亿	北京	9.27	9.29	66275	51386	  1.29	9.21	304	 -2.36	
600390	五矿资本	-0.10	0.19	多元金融	1461	10.20	--  	10.33	299236	1785	          5.83	5.90	10.81	10.33	0.452㈢	    17.13	312095264	  0.72	         53.05亿	湖南	10.38	10.43	160849	138387	  1.16	10.32	93	 -1.22	
000800	一汽轿车	-0.12	0.12	汽车整车	1869	8.34	--  	8.40	212787	1183	          1.51	3.45	8.63	8.40	0.083㈢	    75.88	181449232	  1.09	        118.59亿	吉林	8.46	8.53	115530	97256	  1.19	8.39	42	 -2.48	
000851	高鸿股份	-0.17	0.00	软件服务	6507	5.88	--  	5.96	788235	6700	          9.20	7.87	6.35	5.96	0.039㈢	   113.54	480487264	  1.38	         51.07亿	贵州	6.08	6.10	443538	344697	  1.29	5.95	1518	 -2.53	
002051	中工国际	-0.22	0.00	建筑施工	952	13.44	--  	13.55	264110	3066	          2.38	3.46	13.91	13.54	0.844㈢	    12.03	361771072	  0.96	        150.46亿	北京	13.65	13.70	143188	120921	  1.18	13.54	654	 -2.59	
000958	东方能源	-0.23	0.00	火力发电	4229	4.22	--  	4.25	322457	3719	          2.93	2.35	4.32	4.25	0.122㈢	    26.11	137538576	  1.08	         46.72亿	河北	4.28	4.27	173968	148489	  1.17	4.24	106	 -2.60	
000966	长源电力	-0.24	0.24	火力发电	1281	4.11	--  	4.16	256357	4084	          2.31	3.60	4.26	4.16	0.153㈢	    20.38	107591608	  0.88	         46.10亿	湖北	4.19	4.20	152516	103841	  1.47	4.15	2879	 -2.60	
600640	号百控股	-0.33	0.08	酒店餐饮	162	11.95	--  	12.01	128752	1658	          2.18	4.15	12.45	12.00	0.232㈢	    38.76	157044288	  0.84	         70.73亿	上海	12.15	12.20	72149	56603	  1.27	12.00	250	 -1.45	
600436	片仔癀	-0.34	0.01	中成药	195	106.38	--  	107.00	90529	496	          1.50	2.84	109.43	106.99	1.525㈢	    52.62	977067392	  1.24	        645.49亿	福建	109.40	107.93	46454	44074	  1.05	106.99	21	 -1.46	
600961	株冶集团	-0.44	0.45	铅锌	17	8.94	--  	9.00	52591	444	          1.00	1.66	9.09	9.00	-2.979㈢	--  	47376720	  0.76	         47.47亿	湖南	9.02	9.01	30027	22564	  1.33	8.99	254	 -1.56	
600161	天坛生物	-0.70	0.49	生物制药	8	22.36	--  	22.78	122090	521	          1.40	3.62	23.19	22.78	0.455㈢	    37.53	278794272	  1.86	        198.45亿	北京	22.94	22.84	72604	49486	  1.47	22.76	138	 -1.82	
600312	平高电气	-0.88	0.00	电气设备	2113	8.98	--  	9.04	328486	2647	          2.42	4.71	9.41	9.04	0.002㈢	  4100.70	302765696	  1.33	        122.67亿	河南	9.19	9.22	164206	164280	  1.00	9.03	468	 -2.00	
000720	*ST新能	-1.07	0.22	火力发电	127	4.59	--  	4.63	171392	974	          1.98	3.43	4.75	4.62	0.431㈢	     8.05	79991944	  1.30	         39.89亿	山东	4.68	4.67	109621	61771	  1.77	4.62	438	 -3.44	
600486	扬农化工	-1.10	0.17	农药化肥	54	47.32	--  	47.53	27303	54	          0.88	3.16	48.84	47.52	2.536㈢	    14.05	131420144	  0.82	        147.26亿	江苏	47.88	48.13	14584	12719	  1.15	47.52	9	 -2.22	
数据来源:通达信
