代码	名称	涨幅%%	涨速%%	细分行业	买量	最低	未匹配量	卖价	总量	现量	换手%%	振幅%%	最高	现价	每股收益	市盈(动)	总金额	量比	流通市值	地区	今开	均价	内盘	外盘	内外比	买价	卖量	强弱度%%	
002600	领益智造	10.09	0.00	元器件	248154	5.62	--  	--  	1954521	1569	         13.14	6.97	6.00	6.00	-0.050㈢	--  	1158442624	  0.64	         89.27亿	广东	6.00	5.93	1404683	549838	  2.55	6.00	0	  7.73	
002903	宇环数控	10.02	0.00	机床制造	4249	18.22	--  	--  	187012	173	         28.34	10.29	20.10	20.10	0.284㈢	    53.08	366120704	  2.55	         13.27亿	湖南	18.39	19.58	106717	80294	  1.33	20.10	0	  7.65	
300538	同益股份	10.01	0.00	批发业	42837	30.11	--  	--  	11181	101	          4.66	0.00	30.11	30.11	0.300㈢	    73.28	33667316	  0.64	          7.23亿	深圳	30.11	30.11	10531	650	 16.20	30.11	0	  7.65	
002148	北纬科技	9.83	-0.12	互联网	332	6.93	--  	7.61	791893	4579	         17.83	9.83	7.61	7.60	0.068㈢	    83.66	584241024	  2.39	         33.75亿	北京	6.95	7.38	377055	414837	  0.91	7.60	1051	  7.46	
300679	电连技术	9.50	1.16	元器件	114	33.73	--  	36.79	105838	2341	         10.48	9.59	36.95	36.78	0.932㈢	    29.59	379696640	  1.41	         37.16亿	深圳	33.73	35.88	45707	60131	  0.76	36.78	237	  7.13	
002913	奥士康	4.93	0.02	元器件	116	54.40	--  	56.00	97802	2628	         27.16	7.87	58.60	56.00	1.280㈢	    33.40	552035392	  1.62	         20.17亿	湖南	56.00	56.44	45666	52136	  0.88	55.99	45	  2.56	
000100	TCL 集团	4.86	0.29	家用电器	22912	3.42	--  	3.46	5397387	70686	          4.22	3.65	3.54	3.45	0.184㈢	    14.08	1873347584	  1.42	        441.18亿	广东	3.48	3.47	2590115	2807271	  0.92	3.45	32677	  2.50	
000889	中嘉博创	4.27	0.40	通信设备	12	12.50	--  	12.70	72739	289	          1.17	6.40	13.28	12.70	0.260㈢	    39.47	93793832	  1.02	         78.95亿	河北	12.70	12.89	38183	34556	  1.10	12.69	167	  1.90	
300598	诚迈科技	4.12	0.29	软件服务	377	23.66	--  	24.51	46227	743	          9.56	3.61	24.51	24.51	0.123㈢	   149.90	111793960	  1.21	         11.85亿	江苏	23.70	24.18	22048	24178	  0.91	24.50	10	  1.76	
300242	佳云科技	3.78	0.43	互联网	978	4.57	--  	4.67	270707	1429	          5.25	5.11	4.80	4.67	0.052㈢	    66.96	126587944	  1.30	         24.09亿	广东	4.58	4.68	115933	154773	  0.75	4.66	1531	  1.41	
603386	广东骏亚	3.50	0.45	元器件	340	17.28	--  	18.03	122861	1372	         21.68	9.08	18.86	18.02	0.315㈢	    42.93	219524864	  1.50	         10.21亿	广东	17.51	17.87	58989	63872	  0.92	18.02	65	  2.38	
300433	蓝思科技	3.44	0.00	元器件	1535	8.80	--  	9.03	778535	5255	          1.99	6.88	9.40	9.02	0.270㈢	    24.95	708454144	  1.44	        352.71亿	湖南	8.80	9.10	376921	401614	  0.94	9.02	2324	  1.08	
300083	劲胜智能	3.35	0.82	元器件	358	3.57	--  	3.70	747580	6326	          5.99	9.78	3.92	3.70	-0.071㈢	--  	279985408	  1.42	         46.21亿	广东	3.61	3.75	360161	387418	  0.93	3.69	216	  0.99	
300458	全志科技	3.18	0.26	元器件	1719	22.82	--  	23.03	208194	1559	          8.89	7.71	24.54	23.02	0.437㈢	    39.54	494192384	  1.68	         53.92亿	广东	24.54	23.74	117353	90840	  1.29	23.02	53	  0.82	
002456	欧菲科技	2.97	0.57	元器件	4387	13.91	--  	14.21	1659482	13000	          6.22	4.13	14.48	14.20	0.510㈢	    20.99	2354999808	  1.07	        378.84亿	深圳	14.02	14.19	803107	856374	  0.94	14.20	416	  0.61	
002681	奋达科技	2.81	0.21	家用电器	1771	4.65	--  	4.76	372420	1410	          3.37	4.33	4.85	4.75	0.160㈢	    28.08	177957936	  1.08	         52.48亿	深圳	4.65	4.78	161913	210506	  0.77	4.75	1079	  0.45	
002369	卓翼科技	1.84	0.23	通信设备	635	8.75	--  	8.87	602885	3464	         14.37	4.60	9.15	8.86	0.078㈢	    85.61	538794048	  1.40	         37.18亿	深圳	8.80	8.94	292325	310559	  0.94	8.86	81	 -0.53	
300207	欣旺达	1.75	-0.50	元器件	313	11.40	--  	11.60	167267	713	          1.47	4.82	11.95	11.60	0.300㈢	    31.38	196348608	  1.16	        132.14亿	深圳	11.60	11.74	75403	91864	  0.82	11.59	525	 -0.61	
002768	国恩股份	1.74	0.00	塑料	43	24.24	--  	24.60	43171	487	          1.80	4.72	25.38	24.59	0.760㈢	    24.77	106878056	  0.83	         59.02亿	山东	24.24	24.76	23201	19969	  1.16	24.59	17	 -0.63	
300408	三环集团	1.51	-0.63	元器件	272	19.80	--  	20.20	295375	1041	          1.79	4.27	20.65	20.20	0.540㈢	    28.34	599524672	  1.80	        333.54亿	广东	20.02	20.30	131148	164227	  0.80	20.19	79	 -0.86	
002106	莱宝高科	1.51	0.12	元器件	561	8.02	--  	8.10	302826	2174	          4.30	2.76	8.24	8.09	0.244㈢	    24.82	246365376	  1.04	         56.94亿	深圳	8.08	8.14	146063	156763	  0.93	8.09	718	 -0.86	
300115	长盈精密	1.49	-0.25	元器件	519	11.30	--  	11.55	361440	2291	          3.99	5.10	11.88	11.55	0.195㈢	    44.52	419584704	  0.96	        104.60亿	深圳	11.55	11.61	180789	180651	  1.00	11.54	697	 -0.87	
002635	安洁科技	1.31	0.07	电脑设备	2232	14.50	--  	14.71	259443	1570	          7.09	3.99	15.08	14.71	0.570㈢	    19.11	383059104	  1.06	         53.82亿	江苏	14.52	14.76	130104	129338	  1.01	14.70	53	 -1.06	
002655	共达电声	1.11	0.14	元器件	282	7.20	--  	7.29	109984	1227	          3.06	3.61	7.46	7.28	0.012㈢	   463.67	80672000	  0.94	         26.21亿	山东	7.26	7.33	53707	56276	  0.95	7.28	207	 -1.25	
002885	京泉华	1.00	0.04	元器件	124	23.05	--  	23.34	54809	412	         12.15	3.46	23.85	23.33	0.690㈢	    32.64	128973208	  0.87	         10.53亿	深圳	23.25	23.53	26384	28424	  0.93	23.33	105	 -1.37	
600577	精达股份	0.88	0.29	电气设备	2519	3.40	--  	3.43	465396	2949	          2.42	2.06	3.47	3.43	0.195㈢	    13.16	159616192	  1.21	         65.90亿	安徽	3.41	3.43	268613	196783	  1.37	3.42	5553	 -0.24	
300740	御家汇	0.88	0.00	日用化工	124	17.09	--  	17.27	83311	762	          5.77	2.51	17.52	17.26	0.430㈢	    31.96	143833328	  1.04	         24.90亿	湖南	17.11	17.26	46570	36741	  1.27	17.26	150	 -1.49	
600589	广东榕泰	0.63	0.00	塑料	1639	4.73	--  	4.76	143230	1149	          2.16	2.75	4.86	4.76	0.177㈢	    20.21	68783136	  1.15	         31.49亿	广东	4.77	4.80	75518	67712	  1.12	4.75	597	 -0.49	
002861	瀛通通讯	0.61	0.00	通信设备	7	21.36	--  	21.51	16522	127	          3.29	2.57	21.91	21.50	0.412㈢	    39.16	35808920	  1.35	         10.80亿	湖北	21.60	21.67	8712	7809	  1.12	21.50	31	 -1.76	
300088	长信科技	0.35	-0.16	元器件	2190	5.71	--  	5.75	1229604	11174	          5.44	4.19	5.95	5.75	0.265㈢	    16.30	715721344	  1.13	        130.05亿	安徽	5.83	5.82	610503	619100	  0.99	5.74	923	 -2.02	
002432	九安医疗	0.31	0.15	医疗保健	1609	6.35	--  	6.54	256485	2118	          5.93	4.76	6.66	6.53	-0.160㈢	--  	167743968	  1.19	         28.26亿	天津	6.40	6.54	143183	113301	  1.26	6.53	613	 -2.06	
002303	美盈森	0.19	0.38	造纸	109	5.22	--  	5.27	128205	774	          0.84	3.05	5.38	5.26	0.191㈢	    20.61	67958504	  0.96	         80.52亿	深圳	5.28	5.30	61579	66626	  0.92	5.26	169	 -2.17	
000050	深天马Ａ	0.19	0.06	元器件	2364	15.71	--  	16.22	1369047	13083	          7.52	5.81	16.65	16.21	0.623㈢	    19.53	2217459712	  0.77	        295.00亿	深圳	16.40	16.20	678885	690161	  0.98	16.21	1238	 -2.18	
300221	银禧科技	0.14	0.29	塑料	267	6.88	--  	7.01	365127	2409	          8.62	5.15	7.24	7.00	0.061㈢	    86.60	257455136	  1.24	         29.64亿	广东	7.05	7.05	181735	183392	  0.99	7.00	580	 -2.22	
300701	森霸传感	0.14	0.06	元器件	11	35.00	--  	35.28	25881	295	         11.41	3.12	36.10	35.26	0.653㈢	    40.49	91955976	  1.05	          8.00亿	河南	35.30	35.53	13697	12184	  1.12	35.26	4	 -2.22	
300577	开润股份	0.09	0.59	纺织	3	33.66	--  	34.00	17566	287	          2.74	3.80	34.95	34.00	0.589㈢	    43.31	60220452	  1.74	         21.81亿	安徽	34.27	34.28	9664	7901	  1.22	33.95	1053	 -2.28	
002384	东山精密	0.06	0.12	通信设备	1045	15.81	--  	16.05	743370	7633	          6.39	6.80	16.90	16.04	0.422㈢	    28.53	1212141696	  1.13	        186.55亿	江苏	16.15	16.31	386455	356914	  1.08	16.04	550	 -2.30	
300230	永利股份	0.00	0.00	塑料	565	5.56	--  	5.60	210172	1812	          3.89	3.93	5.78	5.60	0.433㈢	     9.70	118694272	  1.23	         30.24亿	上海	5.62	5.65	120475	89697	  1.34	5.59	6154	 -2.36	
002138	顺络电子	-0.17	0.67	元器件	53	17.55	--  	17.94	200353	2407	          2.87	5.29	18.50	17.94	0.589㈣	    30.44	359605440	  1.40	        125.41亿	深圳	18.47	17.95	107400	92953	  1.16	17.87	55	 -2.53	
300032	金龙机电	-0.27	0.54	元器件	3236	3.67	--  	3.71	595525	3557	          7.54	5.91	3.89	3.71	-1.935㈢	--  	223560160	  1.23	         29.29亿	浙江	3.71	3.75	320438	275087	  1.16	3.70	2589	 -2.63	
300322	硕贝德	-0.34	-0.19	通信设备	324	14.65	--  	14.86	360743	4349	          9.82	4.70	15.35	14.85	0.129㈢	    86.33	542047680	  0.99	         54.58亿	广东	14.79	15.03	192173	168569	  1.14	14.85	749	 -2.70	
002831	裕同科技	-0.58	-0.11	广告包装	36	49.92	--  	50.17	17906	158	          1.50	3.88	51.87	49.95	1.356㈢	    27.62	91036584	  1.11	         59.68亿	深圳	50.95	50.84	8677	9229	  0.94	49.95	5	 -2.94	
002769	普路通	-0.93	0.17	仓储物流	652	11.52	--  	11.69	187240	3063	          8.07	4.83	12.09	11.69	0.267㈢	    32.81	220448416	  1.12	         27.12亿	深圳	11.84	11.77	99290	87949	  1.13	11.68	647	 -3.30	
数据来源:通达信
