代码	名称	涨幅%%	涨速%%	细分行业	买量	最低	未匹配量	卖价	总量	现量	换手%%	振幅%%	最高	现价	每股收益	市盈(动)	总金额	量比	流通市值	地区	今开	均价	内盘	外盘	内外比	买价	卖量	强弱度%%	
600331	宏达股份	10.12	0.84	铅锌	18181	3.18	--  	--  	2077467	27059	         10.22	12.58	3.59	3.59	0.008㈢	   330.86	716350016	  1.73	         72.95亿	四川	3.19	3.45	1090859	986608	  1.11	3.59	0	  9.00	
600839	四川长虹	10.10	0.00	家用电器	319825	3.13	--  	--  	880363	3236	          1.91	1.05	3.16	3.16	0.044㈢	    53.35	277916064	  1.01	        145.81亿	四川	3.13	3.16	753051	127312	  5.92	3.16	0	  8.98	
000876	新 希 望	10.03	0.00	饲料	21653	11.76	--  	--  	1226124	2450	          2.94	6.60	12.51	12.51	0.344㈢	    27.27	1513178112	  1.44	        522.35亿	四川	12.05	12.34	660785	565339	  1.17	12.51	0	  7.66	
600131	岷江水电	10.01	0.00	水力发电	27869	17.18	--  	--  	339752	133	          8.33	3.89	17.81	17.81	0.218㈢	    61.31	601267200	  0.63	         72.60亿	四川	17.28	17.70	193161	146591	  1.32	17.81	0	  8.88	
000810	创维数字	9.96	0.00	家用电器	110382	8.39	--  	--  	48994	1394	          0.50	0.00	8.39	8.39	0.220㈢	    29.36	41105580	  0.22	         81.42亿	四川	8.39	8.39	43227	5766	  7.50	8.39	0	  7.60	
300249	依米康	9.95	0.00	软件服务	43928	6.46	--  	--  	213078	379	          7.00	9.49	7.07	7.07	0.135㈢	    39.32	146507360	  2.05	         21.53亿	四川	6.47	6.88	96516	116561	  0.83	7.07	0	  7.59	
600093	易见股份	7.92	-0.17	仓储物流	958	10.23	--  	11.04	340068	3561	          3.03	8.80	11.13	11.04	0.603㈢	    13.72	363746016	  1.40	        123.92亿	四川	10.28	10.70	165446	174622	  0.95	11.03	510	  6.80	
000688	国城矿业	6.35	0.23	铅锌	70	12.51	--  	13.23	71872	1122	          0.63	6.11	13.27	13.23	0.270㈢	    36.73	93113280	  2.32	        150.46亿	重庆	12.52	12.96	28583	43289	  0.66	13.19	339	  3.99	
002357	富临运业	5.99	-0.29	公路	589	6.15	--  	6.56	129129	2718	          4.12	6.96	6.58	6.55	0.156㈢	    31.53	81996216	  1.60	         20.52亿	四川	6.19	6.35	48238	80890	  0.60	6.55	2624	  3.62	
600452	涪陵电力	5.31	0.18	水力发电	0	20.99	--  	22.04	49618	348	          2.22	6.88	22.43	22.03	0.940㈢	    17.58	109032304	  1.68	         49.35亿	重庆	20.99	21.97	21369	28249	  0.76	22.03	29	  4.18	
600132	重庆啤酒	4.87	0.31	啤酒	50	33.39	--  	35.11	42279	1051	          0.87	5.11	35.10	35.10	0.795㈢	    33.12	145182656	  1.21	        169.87亿	重庆	33.40	34.34	17529	24749	  0.71	35.10	108	  3.75	
002558	巨人网络	4.21	0.00	互联网	387	21.43	--  	22.50	167750	2574	          3.93	6.99	22.94	22.50	0.491㈢	    34.40	372557408	  1.10	         96.10亿	重庆	21.80	22.21	78140	89609	  0.87	22.49	5121	  1.85	
002628	成都路桥	4.20	0.85	建筑施工	87	5.60	--  	5.95	725387	5275	         10.03	11.73	6.27	5.95	0.028㈣	   212.24	424150400	  1.35	         43.05亿	四川	5.74	5.85	346045	379342	  0.91	5.94	1906	  1.84	
600116	三峡水利	3.91	0.31	水力发电	811	9.28	--  	9.58	215680	2908	          2.17	5.21	9.76	9.57	0.176㈢	    40.80	206213072	  1.16	         95.03亿	重庆	9.29	9.56	106565	109114	  0.98	9.57	423	  2.79	
600505	西昌电力	3.77	0.85	水力发电	152	6.99	--  	7.15	118994	1633	          3.26	5.52	7.37	7.15	0.131㈢	    40.80	85239840	  1.25	         26.07亿	四川	6.99	7.16	64409	54585	  1.18	7.14	655	  2.65	
000801	四川九洲	3.70	0.16	通信设备	921	6.06	--  	6.17	512264	7316	          5.01	4.87	6.35	6.17	0.022㈢	   205.72	316357408	  1.13	         63.11亿	四川	6.30	6.18	272260	240003	  1.13	6.16	505	  1.33	
300127	银河磁体	3.63	0.15	元器件	626	12.66	--  	13.15	81202	1466	          3.58	4.65	13.25	13.14	0.383㈢	    25.75	104730280	  1.90	         29.84亿	四川	12.74	12.90	40641	40561	  1.00	13.14	766	  1.26	
000803	金宇车城	3.36	0.58	纺织	214	13.26	--  	13.86	15705	436	          1.23	5.45	13.99	13.85	-0.066㈢	--  	21233998	  1.42	         17.69亿	四川	13.30	13.52	8338	7367	  1.13	13.85	150	  0.99	
000607	华媒控股	3.32	0.20	广告包装	46	4.85	--  	4.98	133054	1185	          1.50	6.02	5.14	4.98	0.060㈢	    62.23	66524316	  1.35	         44.07亿	浙江	4.86	5.00	57847	75207	  0.77	4.97	84	  0.95	
600292	远达环保	3.29	0.16	环境保护	270	6.08	--  	6.28	185982	1351	          2.38	5.26	6.40	6.28	0.138㈢	    34.14	116606496	  1.60	         49.04亿	重庆	6.10	6.27	96950	89031	  1.09	6.27	528	  2.17	
600101	明星电力	3.13	0.59	水力发电	104	8.28	--  	8.57	150203	2303	          4.63	3.37	8.56	8.56	0.324㈢	    19.82	126820912	  1.52	         27.75亿	四川	8.40	8.44	81087	69115	  1.17	8.56	220	  2.01	
000710	贝瑞基因	3.04	0.14	医疗保健	220	43.00	--  	44.37	36330	130	          5.84	7.18	46.09	44.36	0.674㈢	    49.37	162746736	  1.03	         27.59亿	四川	43.59	44.80	19202	17128	  1.12	44.36	2	  0.68	
600369	西南证券	2.97	-0.17	证券	9682	5.25	--  	5.55	2122086	18019	          3.76	11.87	5.89	5.55	0.053㈢	    79.12	1176020096	  1.00	        313.30亿	重庆	5.43	5.54	1012202	1109883	  0.91	5.54	3063	  1.85	
600678	四川金顶	2.95	0.14	水泥	238	7.06	--  	7.34	706928	6711	         20.26	8.71	7.68	7.33	0.089㈢	    61.82	519278976	  2.34	         25.58亿	四川	7.16	7.35	337788	369139	  0.92	7.33	2372	  1.83	
600804	鹏博士	2.90	0.61	电信运营	664	9.70	--  	9.95	838924	16276	          5.86	4.55	10.14	9.94	0.239㈢	    31.26	831614848	  0.95	        142.38亿	四川	9.82	9.91	427628	411295	  1.04	9.94	1897	  1.78	
000586	汇源通信	2.66	0.08	通信设备	223	11.67	--  	11.96	207337	2117	         10.72	4.73	12.22	11.95	-0.010㈢	--  	248529248	  1.00	         23.12亿	四川	11.70	11.99	101422	105914	  0.96	11.95	93	  0.30	
000736	中交地产	2.41	0.00	全国地产	27	9.00	--  	9.34	103563	1042	          2.32	5.93	9.54	9.33	0.663㈢	    10.55	96794352	  1.29	         41.59亿	重庆	9.16	9.35	46057	57506	  0.80	9.33	7	  0.05	
600793	宜宾纸业	2.22	0.30	造纸	41	16.13	--  	16.60	36935	600	          3.51	7.09	17.28	16.59	1.996㈢	     6.23	61047160	  1.44	         17.47亿	四川	16.24	16.53	18619	18315	  1.02	16.59	270	  1.10	
601208	东材科技	2.19	0.36	化工原料	2174	5.28	--  	5.60	570401	8805	          9.10	7.66	5.70	5.60	0.044㈢	    94.75	313221376	  1.10	         35.09亿	四川	5.50	5.49	278506	291895	  0.95	5.59	3828	  1.07	
002507	涪陵榨菜	2.18	0.15	食品	178	26.27	--  	27.20	145800	633	          1.87	7.33	28.22	27.19	0.663㈢	    30.77	399509888	  1.06	        212.02亿	重庆	26.58	27.40	73965	71835	  1.03	27.19	423	 -0.18	
002259	ST升达	2.13	0.42	供气供热	9253	2.34	--  	2.41	234937	15652	          3.25	2.55	2.40	2.40	-0.054㈢	--  	55794384	  1.14	         17.37亿	四川	2.35	2.37	121621	113315	  1.07	2.40	2067	 -0.24	
002004	华邦健康	2.06	0.00	化学制药	302	5.31	--  	5.46	263135	1228	          1.56	3.93	5.52	5.45	0.235㈢	    17.39	142969504	  1.74	         91.94亿	重庆	5.34	5.43	129004	134131	  0.96	5.45	876	 -0.30	
600129	太极集团	1.98	0.00	中成药	83	10.68	--  	10.84	66083	596	          1.21	4.70	11.18	10.84	0.263㈢	    30.90	72134736	  0.90	         58.96亿	重庆	10.74	10.92	32355	33727	  0.96	10.83	120	  0.85	
600039	四川路桥	1.88	0.53	建筑施工	448	3.72	--  	3.80	734105	1748	          2.12	4.56	3.89	3.80	0.153㈢	    18.65	279467200	  1.31	        131.37亿	四川	3.75	3.81	332331	401774	  0.83	3.79	5794	  0.76	
000858	五 粮 液	1.78	0.34	白酒	204	75.51	--  	77.25	612471	4044	          1.61	5.26	79.50	77.25	2.470㈢	    23.69	4731317760	  1.27	       2932.23亿	四川	76.59	77.25	304414	308057	  0.99	77.24	54	 -0.59	
000155	川能动力	1.75	0.49	农药化肥	775	4.00	--  	4.08	202462	3123	          2.16	3.49	4.14	4.08	-0.012㈢	--  	82644912	  1.16	         38.24亿	四川	4.00	4.08	88151	114311	  0.77	4.07	2104	 -0.62	
000892	欢瑞世纪	1.74	0.00	影视音像	194	5.17	--  	5.25	76885	143	          1.43	3.10	5.33	5.25	0.176㈢	    22.37	40309416	  0.99	         28.25亿	重庆	5.18	5.24	33224	43661	  0.76	5.24	416	 -0.62	
000568	泸州老窖	1.70	-0.01	白酒	747	53.00	--  	54.41	216438	768	          1.48	5.52	55.95	54.40	1.878㈢	    21.72	1177824640	  1.25	        794.30亿	四川	53.90	54.42	109362	107076	  1.02	54.40	12	 -0.66	
000584	哈工智能	1.60	0.24	化纤	64	8.12	--  	8.24	165560	2041	          2.71	4.20	8.46	8.23	0.164㈢	    37.59	136899920	  0.87	         50.31亿	江苏	8.17	8.27	84820	80739	  1.05	8.23	220	 -0.76	
600875	东方电气	1.53	0.81	电气设备	20	9.83	--  	9.97	246516	2319	          1.23	3.16	10.14	9.97	0.291㈢	    25.67	246571072	  1.17	        199.09亿	四川	9.86	10.00	127214	119302	  1.07	9.96	887	  0.41	
600139	西部资源	1.52	0.25	汽车整车	1870	3.94	--  	4.00	233497	4978	          3.53	3.55	4.08	4.00	-0.055㈢	--  	93825208	  0.92	         26.48亿	四川	3.95	4.02	110058	123438	  0.89	3.99	436	  0.40	
000788	北大医药	1.51	0.17	化学制药	1148	5.97	--  	6.07	103398	1195	          1.73	2.84	6.14	6.07	0.064㈢	    71.49	62772656	  1.17	         36.18亿	重庆	5.97	6.07	49967	53431	  0.94	6.06	1501	 -0.86	
600691	阳煤化工	1.45	0.36	农药化肥	1891	2.76	--  	2.80	348787	3677	          1.99	3.26	2.85	2.80	0.060㈢	    45.62	97597824	  1.04	         49.18亿	山西	2.76	2.80	161855	186931	  0.87	2.79	6744	  0.33	
600466	蓝光发展	1.44	0.63	区域地产	9	6.28	--  	6.36	581062	2592	          1.95	4.63	6.57	6.35	0.310㈢	    11.65	373556832	  1.54	        189.49亿	四川	6.32	6.43	284453	296609	  0.96	6.35	310	  0.32	
600391	航发科技	1.39	0.41	航空	243	14.29	--  	14.61	154034	1379	          4.67	3.54	14.80	14.60	-0.234㈢	--  	224242400	  1.01	         48.20亿	四川	14.52	14.56	80390	73644	  1.09	14.60	108	  0.27	
601005	重庆钢铁	1.36	0.90	普钢	3346	2.20	--  	2.24	710887	1816	          0.85	3.17	2.27	2.24	0.166㈢	    10.12	158774624	  1.07	        187.72亿	重庆	2.22	2.23	339236	371651	  0.91	2.23	7250	  0.24	
600666	奥瑞德	1.33	0.26	元器件	1195	3.76	--  	3.81	882562	11603	         11.11	5.87	3.98	3.80	-0.004㈢	--  	338401792	  0.85	         30.20亿	黑龙江	3.77	3.83	438696	443865	  0.99	3.80	1497	  0.21	
000656	金科股份	1.31	0.00	区域地产	10206	6.09	--  	6.17	468504	2980	          0.89	4.43	6.36	6.17	0.400㈢	    11.28	290681824	  1.92	        324.81亿	重庆	6.14	6.20	213256	255247	  0.84	6.16	208	 -1.05	
000565	渝三峡Ａ	1.31	-0.17	染料涂料	2478	5.27	--  	5.40	94419	349	          2.18	5.07	5.54	5.40	0.104㈢	    38.86	50923512	  1.35	         23.41亿	重庆	5.35	5.39	42815	51603	  0.83	5.39	151	 -1.05	
000509	华塑控股	1.27	0.32	其他建材	4875	3.10	--  	3.18	461535	4994	          5.59	3.82	3.22	3.18	-0.010㈢	--  	146379168	  1.10	         26.25亿	四川	3.12	3.17	218841	242694	  0.90	3.17	1611	 -1.09	
002629	仁智股份	1.26	-0.98	石油开采	851	3.91	--  	4.02	162013	5297	          4.70	5.05	4.11	4.01	-0.051㈢	--  	65251268	  1.34	         13.82亿	浙江	3.91	4.03	64722	97291	  0.67	4.01	95	 -1.10	
000950	重药控股	1.23	0.17	农药化肥	2181	5.64	--  	5.75	192462	2082	          2.71	4.05	5.87	5.75	0.259㈢	    16.64	110772608	  1.22	         40.88亿	重庆	5.71	5.76	90339	102123	  0.88	5.74	316	 -1.13	
000888	峨眉山Ａ	1.21	0.30	旅游景点	354	6.63	--  	6.71	85285	273	          1.62	2.56	6.80	6.71	0.320㈢	    15.71	57309560	  1.22	         35.36亿	四川	6.65	6.72	53212	32073	  1.66	6.70	48	 -1.16	
002630	华西能源	1.17	0.29	专用机械	613	3.41	--  	3.48	1057602	10162	         10.90	5.54	3.60	3.47	0.094㈢	    27.65	369815296	  0.97	         33.67亿	四川	3.44	3.50	543825	513776	  1.06	3.47	4437	 -1.20	
600106	重庆路桥	1.15	0.00	路桥	1467	3.48	--  	3.54	339612	1148	          3.09	4.87	3.65	3.53	0.196㈢	    13.50	120271696	  0.92	         38.77亿	重庆	3.50	3.54	172228	167384	  1.03	3.53	2035	  0.02	
000519	中兵红箭	1.13	0.25	矿物制品	783	7.92	--  	8.08	496907	8992	          6.76	2.88	8.15	8.07	0.186㈢	    32.46	398621920	  0.95	         59.33亿	湖南	8.00	8.02	258932	237974	  1.09	8.07	2012	 -1.24	
601777	力帆股份	1.10	0.44	摩托车	6	4.54	--  	4.60	251894	900	          1.99	3.30	4.69	4.60	0.100㈢	    33.81	116348392	  0.94	         58.15亿	重庆	4.56	4.62	134676	117217	  1.15	4.59	1906	 -0.02	
300101	振芯科技	1.06	0.35	通信设备	2374	11.23	--  	11.41	260461	2930	          4.74	3.81	11.66	11.40	0.048㈢	   179.92	297396160	  1.05	         62.66亿	四川	11.38	11.42	136470	123991	  1.10	11.40	199	 -1.30	
000598	兴蓉环境	1.06	0.00	水务	4125	4.73	--  	4.78	319317	694	          1.07	2.54	4.85	4.77	0.284㈢	    12.58	153077152	  1.19	        142.44亿	四川	4.73	4.79	168195	151122	  1.11	4.77	3630	 -1.31	
601965	中国汽研	1.02	0.38	汽车服务	65	7.87	--  	7.94	53041	383	          0.55	2.29	8.05	7.93	0.266㈢	    22.40	42113604	  0.95	         76.22亿	重庆	7.87	7.94	31469	21571	  1.46	7.93	123	 -0.10	
000593	大通燃气	1.01	0.00	供气供热	117	6.81	--  	6.98	146474	1231	          5.24	3.19	7.03	6.97	0.048㈢	   107.89	101852240	  1.00	         19.50亿	四川	6.81	6.95	76122	70351	  1.08	6.97	811	 -1.35	
002497	雅化集团	1.01	0.25	化工原料	1834	7.88	--  	7.99	450466	4365	          5.53	3.79	8.18	7.99	0.184㈢	    32.55	361128544	  0.88	         65.11亿	四川	7.92	8.02	222582	227884	  0.98	7.98	748	 -1.35	
603077	和邦生物	1.01	0.00	化工原料	18987	1.96	--  	2.00	1346342	9065	          1.52	5.05	2.06	2.00	0.051㈢	    29.54	269768192	  1.07	        176.63亿	四川	1.99	2.00	646000	700341	  0.92	1.99	13715	 -0.11	
300019	硅宝科技	0.97	0.14	化工原料	186	7.17	--  	7.25	42437	642	          1.56	2.79	7.37	7.25	0.062㈢	    87.10	30882808	  1.03	         19.66亿	四川	7.21	7.28	19807	22629	  0.88	7.24	58	 -1.39	
603333	尚纬股份	0.88	0.74	电气设备	580	6.73	--  	6.86	59154	1420	          1.16	3.09	6.94	6.85	0.111㈣	    61.44	40389032	  1.17	         34.97亿	四川	6.90	6.83	38407	20747	  1.85	6.85	101	 -0.24	
000835	长城动漫	0.86	0.43	影视音像	710	4.63	--  	4.68	120029	1413	          3.96	5.18	4.87	4.67	-0.060㈢	--  	56816068	  1.21	         14.15亿	四川	4.80	4.73	61161	58868	  1.04	4.67	1156	 -1.50	
002023	海特高新	0.86	0.00	航空	1276	11.66	--  	11.75	403773	4518	          6.12	3.18	12.03	11.74	0.064㈢	   137.09	477488352	  0.91	         77.40亿	四川	11.67	11.83	199085	204688	  0.97	11.74	454	 -1.51	
300194	福安药业	0.85	-0.27	化学制药	389	3.56	--  	3.58	101211	1672	          1.69	2.54	3.65	3.58	0.192㈢	    13.95	36526504	  0.90	         21.41亿	重庆	3.56	3.61	47033	54178	  0.87	3.57	1304	 -1.52	
300092	科新机电	0.84	0.28	专用机械	1534	7.15	--  	7.25	132803	1509	          7.93	2.79	7.35	7.24	0.029㈢	   189.50	96095584	  0.93	         12.12亿	四川	7.19	7.24	73381	59422	  1.23	7.24	1210	 -1.53	
600877	ST嘉陵	0.83	0.00	摩托车	805	4.71	--  	4.84	113862	1056	          1.66	3.13	4.86	4.84	-0.235㈢	--  	54584824	  1.24	         33.26亿	重庆	4.80	4.79	58654	55207	  1.06	4.83	172	 -0.29	
000510	金路集团	0.82	0.00	化工原料	1583	4.91	--  	4.94	161885	756	          2.95	3.06	5.06	4.94	0.139㈢	    26.73	80797400	  1.00	         27.14亿	四川	4.91	4.99	82861	79024	  1.05	4.93	73	 -1.55	
002386	天原集团	0.80	0.00	化工原料	229	6.26	--  	6.32	156539	2509	          2.33	2.39	6.41	6.32	0.190㈢	    24.92	99177344	  1.01	         42.45亿	四川	6.27	6.34	77855	78683	  0.99	6.31	1201	 -1.57	
001696	宗申动力	0.69	0.52	摩托车	561	5.76	--  	5.84	247228	3671	          2.77	3.45	5.96	5.83	0.256㈢	    17.08	144723472	  0.92	         51.96亿	重庆	5.83	5.85	130866	116361	  1.12	5.83	706	 -1.67	
600378	天科股份	0.58	0.29	化工原料	242	10.30	--  	10.38	29345	136	          0.99	2.52	10.56	10.38	0.130㈢	   163.84	30605498	  1.36	         30.85亿	四川	10.34	10.43	16149	13196	  1.22	10.37	89	 -0.54	
002539	云图控股	0.57	0.19	农药化肥	551	5.21	--  	5.27	169144	2104	          2.79	2.10	5.32	5.26	0.139㈢	    28.29	89180712	  0.93	         31.85亿	四川	5.25	5.27	91881	77262	  1.19	5.26	1944	 -1.79	
600353	旭光股份	0.57	0.00	元器件	2825	5.25	--  	5.28	129148	2405	          2.38	3.82	5.45	5.27	0.098㈢	    40.33	68879704	  1.13	         28.65亿	四川	5.26	5.33	62242	66905	  0.93	5.27	889	 -0.55	
300275	梅安森	0.57	0.00	软件服务	191	8.75	--  	8.85	53946	271	          4.59	3.98	9.10	8.84	0.092㈢	    72.30	48069936	  1.09	         10.40亿	重庆	8.75	8.91	28967	24979	  1.16	8.84	87	 -1.80	
600828	茂业商业	0.55	-0.17	百货	944	5.36	--  	5.44	151836	944	          2.34	3.70	5.56	5.44	0.428㈢	     9.54	82538288	  1.01	         35.31亿	四川	5.44	5.44	80147	71688	  1.12	5.43	91	 -0.57	
002480	新筑股份	0.53	0.35	机械基件	206	5.69	--  	5.74	152705	831	          2.39	2.63	5.84	5.73	0.022㈢	   195.52	88018208	  1.24	         36.60亿	四川	5.73	5.76	74840	77864	  0.96	5.73	221	 -1.84	
601107	四川成渝	0.52	0.00	路桥	1073	3.84	--  	3.86	79140	261	          0.37	2.08	3.92	3.86	0.298㈢	     9.71	30706130	  0.79	         83.48亿	四川	3.85	3.88	40218	38921	  1.03	3.85	283	 -0.60	
600644	乐山电力	0.51	0.17	水力发电	245	5.82	--  	5.94	125250	1170	          2.33	5.41	6.14	5.94	0.253㈢	    17.58	75096208	  1.15	         31.98亿	四川	5.83	6.00	69256	55994	  1.24	5.93	475	 -0.61	
600880	博瑞传播	0.49	0.00	广告包装	1941	4.08	--  	4.11	182776	749	          1.67	2.45	4.18	4.10	0.021㈢	   143.69	75710880	  1.12	         44.81亿	四川	4.08	4.14	89551	93225	  0.96	4.10	1722	 -0.63	
002466	天齐锂业	0.48	0.11	小金属	1601	36.83	--  	37.39	501545	3438	          4.42	6.40	39.21	37.38	1.479㈢	    18.96	1897234688	  1.11	        424.62亿	四川	37.30	37.83	250735	250810	  1.00	37.38	92	 -1.88	
000514	渝 开 发	0.48	-0.23	区域地产	1069	4.19	--  	4.22	90671	361	          1.07	2.39	4.29	4.21	0.014㈢	   226.56	38503928	  0.97	         35.52亿	重庆	4.21	4.25	46031	44639	  1.03	4.21	216	 -1.89	
300006	莱美药业	0.45	0.00	化学制药	145	4.38	--  	4.43	281220	1566	          4.19	2.95	4.51	4.42	0.123㈢	    26.92	125087112	  1.23	         29.67亿	重庆	4.42	4.45	144530	136690	  1.06	4.42	428	 -1.91	
600279	重庆港九	0.45	0.00	港口	965	4.44	--  	4.47	108068	318	          1.56	2.25	4.54	4.46	0.150㈢	    22.24	48518364	  1.10	         30.91亿	重庆	4.47	4.49	55449	52618	  1.05	4.46	608	 -0.67	
603766	隆鑫通用	0.40	0.40	摩托车	21	4.98	--  	5.03	249217	1892	          1.23	2.60	5.11	5.02	0.297㈢	    12.68	125958744	  1.08	        102.11亿	重庆	5.01	5.05	131254	117963	  1.11	5.02	1072	 -0.72	
000935	四川双马	0.34	0.06	水泥	200	17.35	--  	17.53	218879	1761	          2.87	3.09	17.89	17.52	0.652㈢	    20.16	385172480	  1.08	        133.75亿	四川	17.70	17.60	126247	92631	  1.36	17.52	159	 -2.02	
600674	川投能源	0.32	0.22	水力发电	88	9.20	--  	9.30	272484	1215	          0.62	1.51	9.34	9.30	0.630㈢	    11.08	252740720	  1.71	        409.40亿	四川	9.27	9.28	134680	137804	  0.98	9.29	1904	 -0.80	
600565	迪马股份	0.29	-0.28	全国地产	2117	3.41	--  	3.44	516023	1822	          2.18	3.51	3.53	3.43	0.156㈢	    16.46	179600096	  0.94	         81.25亿	重庆	3.42	3.48	254638	261385	  0.97	3.43	2697	 -0.83	
000629	攀钢钒钛	0.27	0.00	小金属	28123	3.64	--  	3.69	2142830	15799	          4.50	5.18	3.83	3.68	0.238㈢	    11.58	795473472	  1.27	        175.43亿	四川	3.70	3.71	1153958	988871	  1.17	3.68	8644	 -2.09	
600528	中铁工业	0.24	0.08	建筑施工	1251	12.27	--  	12.32	436107	2439	          2.37	3.66	12.72	12.31	0.486㈢	    18.99	544646208	  1.08	        226.23亿	四川	12.48	12.49	224633	211473	  1.06	12.31	503	 -0.88	
000625	长安汽车	0.23	0.11	汽车整车	371	8.71	--  	8.78	324513	2083	          0.86	3.54	9.02	8.77	0.242㈢	    27.16	287896576	  1.12	        329.83亿	重庆	8.75	8.87	159791	164721	  0.97	8.77	668	 -2.14	
600979	广安爱众	0.20	0.20	水力发电	889	4.91	--  	4.98	138458	1874	          1.93	5.04	5.16	4.97	0.214㈢	    17.42	69340840	  0.74	         35.68亿	四川	4.92	5.01	84784	53674	  1.58	4.97	1301	 -0.92	
600729	重庆百货	0.19	0.39	百货	14	30.70	--  	30.91	73489	278	          1.81	3.73	31.85	30.91	1.891㈢	    12.26	229501984	  1.40	        125.63亿	重庆	30.87	31.23	38734	34755	  1.11	30.90	18	 -0.93	
002697	红旗连锁	0.18	0.18	超市连锁	1698	5.60	--  	5.64	154367	490	          1.56	1.78	5.70	5.64	0.188㈢	    22.48	87244632	  1.24	         55.63亿	四川	5.66	5.65	80344	74023	  1.09	5.63	212	 -2.19	
601158	重庆水务	0.16	-0.15	水务	258	6.12	--  	6.14	88277	378	          0.18	1.63	6.22	6.13	0.290㈢	    15.86	54539996	  1.08	        294.24亿	重庆	6.16	6.18	47894	40383	  1.19	6.13	466	 -0.96	
600109	国金证券	0.10	0.00	证券	2601	9.98	--  	10.16	1143567	8207	          3.78	7.89	10.78	10.15	0.235㈢	    32.41	1177837696	  1.10	        306.97亿	四川	10.27	10.30	580947	562620	  1.03	10.15	7081	 -1.02	
300122	智飞生物	0.04	0.07	生物制药	257	45.60	--  	45.99	213416	1417	          2.46	3.68	47.29	45.98	0.679㈢	    50.78	988756544	  1.14	        399.64亿	重庆	46.47	46.33	105333	108083	  0.97	45.98	7	 -2.32	
600558	大西洋	0.00	0.25	钢加工	1007	3.97	--  	4.02	188818	2016	          2.10	2.99	4.09	4.02	0.072㈢	    41.67	75967912	  1.07	         36.08亿	四川	4.07	4.02	102898	85920	  1.20	4.01	820	 -1.12	
600321	*ST正源	0.00	0.44	其他建材	4044	2.27	--  	2.29	148115	357	          0.98	3.06	2.34	2.29	0.012㈢	   141.87	34132168	  1.16	         34.59亿	四川	2.30	2.30	90351	57763	  1.56	2.28	98	 -1.12	
300022	吉峰科技	0.00	0.00	农用机械	346	4.39	--  	4.43	164575	1921	          4.80	3.17	4.53	4.42	0.006㈢	   548.85	73229592	  1.00	         15.15亿	四川	4.42	4.45	84132	80442	  1.05	4.42	841	 -2.36	
002422	科伦药业	-0.04	0.00	化学制药	55	23.63	--  	23.89	230966	1290	          2.24	3.22	24.40	23.89	0.711㈢	    25.21	556416064	  1.39	        245.92亿	四川	24.00	24.09	115770	115196	  1.00	23.88	505	 -2.41	
000628	高新发展	-0.09	0.00	园区开发	473	10.73	--  	10.81	111317	1338	          5.92	3.33	11.09	10.81	0.044㈢	   184.67	121575200	  0.87	         20.32亿	四川	10.95	10.92	60988	50329	  1.21	10.80	36	 -2.46	
000912	*ST天化	-0.18	-0.34	农药化肥	432	5.58	--  	5.64	196976	2997	          1.26	4.79	5.85	5.63	0.241㈢	    17.50	111713264	  0.93	         88.28亿	四川	5.61	5.67	112187	84789	  1.32	5.63	683	 -2.54	
000790	泰合健康	-0.20	-0.19	中成药	2553	5.08	--  	5.11	236111	4725	          4.22	3.91	5.28	5.11	0.028㈢	   135.62	122187344	  0.83	         28.60亿	四川	5.15	5.17	121492	114619	  1.06	5.10	1691	 -2.56	
600847	万里股份	-0.31	0.31	电气设备	94	12.81	--  	12.97	11153	331	          0.73	3.31	13.24	12.96	-0.025㈢	--  	14505791	  0.80	         19.87亿	重庆	13.01	13.01	5971	5182	  1.15	12.96	1	 -1.43	
002651	利君股份	-0.38	0.00	专用机械	958	5.20	--  	5.29	185832	1464	          4.45	7.17	5.58	5.28	0.098㈢	    40.49	100333208	  1.78	         22.07亿	四川	5.35	5.40	113842	71989	  1.58	5.28	1142	 -2.74	
002366	台海核电	-0.43	0.29	专用机械	1754	13.78	--  	13.99	234312	2061	          4.79	5.27	14.52	13.99	0.388㈢	    27.07	333001888	  0.91	         68.42亿	四川	14.04	14.21	120132	114179	  1.05	13.98	339	 -2.79	
600779	水井坊	-0.45	0.10	白酒	375	41.33	--  	42.11	101038	825	          2.07	3.83	42.95	42.10	0.947㈢	    33.33	427272352	  1.19	        205.68亿	四川	42.00	42.29	54309	46728	  1.16	42.10	247	 -1.57	
600438	通威股份	-0.58	0.17	饲料	1960	11.73	--  	11.94	916226	4678	          3.10	4.17	12.23	11.93	0.428㈢	    20.93	1095943040	  1.19	        353.06亿	四川	12.16	11.96	444637	471588	  0.94	11.93	414	 -1.70	
600702	舍得酒业	-0.59	0.11	白酒	205	28.00	--  	28.62	279360	1842	          8.48	5.49	29.58	28.61	1.020㈣	    28.24	803177024	  1.25	         94.28亿	四川	28.86	28.75	146272	133087	  1.10	28.61	79	 -1.71	
数据来源:通达信
