代码	名称	涨幅%%	涨速%%	细分行业	买量	最低	未匹配量	卖价	总量	现量	换手%%	振幅%%	最高	现价	每股收益	市盈(动)	总金额	量比	流通市值	地区	今开	均价	内盘	外盘	内外比	买价	卖量	强弱度%%	
600839	四川长虹	10.10	0.00	家用电器	319825	3.13	--  	--  	880363	3236	          1.91	1.05	3.16	3.16	0.044㈢	    53.35	277916064	  1.01	        145.81亿	四川	3.13	3.16	753051	127312	  5.92	3.16	0	  8.98	
002157	正邦科技	10.04	0.00	饲料	19681	12.12	--  	--  	894186	634	          4.14	6.89	12.93	12.93	0.020㈢	   651.87	1127549440	  0.70	        279.31亿	江西	12.57	12.61	488864	405321	  1.21	12.93	0	  7.68	
000911	南宁糖业	10.03	0.00	食品	19975	6.79	--  	--  	229494	283	          7.08	11.34	7.57	7.57	-1.999㈢	--  	168156368	  1.79	         24.53亿	广西	6.87	7.33	108145	121348	  0.89	7.57	0	  7.66	
600682	南京新百	10.00	0.00	百货	34529	11.59	--  	--  	163467	77	          1.63	9.22	12.65	12.65	-1.070㈢	--  	201758608	  0.88	        126.77亿	江苏	11.59	12.34	97511	65956	  1.48	12.65	0	  8.88	
300016	北陆药业	10.00	0.00	中成药	10092	9.24	--  	--  	375641	753	          9.40	7.33	9.90	9.90	0.302㈣	    32.76	364081504	  1.39	         39.57亿	北京	9.42	9.69	203140	172501	  1.18	9.90	0	  7.64	
600604	市北高新	9.98	0.00	园区开发	50851	11.88	--  	--  	2454147	472	         18.39	9.48	13.00	13.00	0.031㈢	   318.89	3099451392	  1.42	        173.44亿	上海	12.34	12.63	1308396	1145751	  1.14	13.00	0	  8.86	
300279	和晶科技	9.98	0.00	元器件	142906	6.39	--  	--  	53453	414	          1.71	0.00	6.39	6.39	-0.089㈢	--  	34156524	  0.28	         19.97亿	江苏	6.39	6.39	43221	10232	  4.22	6.39	0	  7.62	
300070	碧水源	9.97	0.10	环境保护	1543	9.61	--  	10.48	1258299	8844	          6.24	9.13	10.48	10.48	0.182㈢	    43.19	1291084160	  1.90	        211.22亿	北京	9.62	10.26	614239	644060	  0.95	10.47	12904	  7.60	
002238	天威视讯	9.95	0.00	影视音像	32011	8.21	--  	--  	143713	178	          2.33	2.49	8.40	8.40	0.244㈢	    25.81	120648176	  1.15	         51.86亿	深圳	8.40	8.40	132129	11584	 11.41	8.40	0	  7.58	
600031	三一重工	7.65	-0.08	工程机械	225	10.93	--  	11.55	2681238	19645	          3.45	8.02	11.79	11.54	0.630㈢	    13.83	3085041920	  2.42	        895.85亿	北京	11.00	11.51	1301433	1379805	  0.94	11.54	843	  6.53	
603588	高能环境	6.85	0.19	环境保护	974	9.71	--  	10.30	234348	2218	          3.58	7.99	10.48	10.30	0.365㈢	    21.14	238360976	  2.08	         67.40亿	北京	9.80	10.17	101586	132762	  0.77	10.29	6	  5.72	
002030	达安基因	6.75	0.00	生物制药	992	11.86	--  	12.50	357802	1950	          4.68	8.71	12.88	12.50	0.098㈢	    95.28	441462112	  1.61	         95.48亿	广东	11.86	12.34	165426	192376	  0.86	12.49	1455	  4.38	
600571	信雅达	6.70	-0.35	软件服务	320	10.13	--  	10.99	663519	5149	         15.39	11.65	11.33	10.99	0.021㈢	   390.30	717282304	  1.66	         47.38亿	浙江	10.35	10.81	340420	323098	  1.05	10.98	2194	  5.58	
600119	长江投资	6.59	0.53	仓储物流	369	7.17	--  	7.60	223740	4339	          7.28	6.45	7.63	7.60	-0.947㈢	--  	165866384	  1.66	         23.36亿	上海	7.24	7.41	96479	127260	  0.76	7.59	2390	  5.47	
300020	银江股份	6.58	0.72	软件服务	263	7.96	--  	8.42	353750	4387	          5.63	6.71	8.49	8.42	0.019㈢	   335.03	291571008	  1.46	         52.88亿	浙江	8.10	8.24	164225	189524	  0.87	8.41	1292	  4.22	
300687	赛意信息	5.96	1.12	软件服务	194	25.55	--  	26.16	88662	538	         14.16	6.45	27.14	26.14	0.480㈢	    41.54	234810192	  1.82	         16.37亿	广东	25.55	26.48	48362	40299	  1.20	26.14	149	  3.59	
000156	华数传媒	5.96	0.09	影视音像	391	10.55	--  	10.68	250282	2182	          1.95	4.47	11.00	10.67	0.337㈢	    23.76	268807840	  1.92	        136.61亿	浙江	10.70	10.74	134064	116218	  1.15	10.67	479	  3.59	
002548	金新农	5.74	0.22	饲料	95	8.54	--  	9.03	165819	837	          4.90	7.50	9.18	9.02	-0.140㈢	--  	147407008	  1.37	         30.53亿	深圳	8.66	8.89	84217	81601	  1.03	9.02	324	  3.38	
300126	锐奇股份	5.46	0.17	轻工机械	993	5.52	--  	5.80	239022	1634	         11.35	9.47	6.04	5.79	-0.074㈢	--  	138944816	  2.37	         12.20亿	上海	5.55	5.81	121594	117428	  1.04	5.79	2378	  3.10	
600783	鲁信创投	5.44	0.09	矿物制品	1198	22.30	--  	23.46	640983	6708	          8.61	7.33	23.93	23.46	0.291㈢	    60.38	1484397696	  1.00	        174.63亿	山东	23.11	23.16	327642	313341	  1.05	23.45	267	  4.32	
000961	中南建设	5.21	0.24	建筑施工	229	7.76	--  	8.28	791296	3524	          2.14	8.77	8.45	8.28	0.342㈢	    18.18	647502912	  1.33	        306.35亿	江苏	7.83	8.18	398056	393239	  1.01	8.27	4834	  2.85	
002279	久其软件	5.09	0.63	软件服务	4453	7.68	--  	8.06	279759	3355	          4.67	8.09	8.30	8.05	0.240㈢	    25.67	225553184	  1.31	         48.17亿	北京	7.69	8.06	130012	149747	  0.87	8.05	1780	  2.73	
002008	大族激光	4.97	0.65	电器仪表	7	40.23	--  	42.00	388593	1994	          3.91	5.92	42.60	42.00	1.550㈢	    20.29	1618060672	  1.38	        417.19亿	深圳	40.25	41.64	208377	180215	  1.16	41.99	1023	  2.61	
000100	TCL 集团	4.86	0.29	家用电器	22912	3.42	--  	3.46	5397387	70686	          4.22	3.65	3.54	3.45	0.184㈢	    14.08	1873347584	  1.42	        441.18亿	广东	3.48	3.47	2590115	2807271	  0.92	3.45	32677	  2.50	
002052	同洲电子	4.86	-0.20	通信设备	3154	4.51	--  	4.76	652022	4996	          8.74	10.38	4.98	4.75	-0.092㈢	--  	318067616	  2.06	         35.43亿	深圳	4.95	4.88	338606	313415	  1.08	4.75	2734	  2.49	
002139	拓邦股份	4.81	0.18	元器件	4049	5.42	--  	5.66	492331	2170	          6.28	6.30	5.76	5.66	0.200㈢	    22.25	277222240	  1.45	         44.38亿	深圳	5.45	5.63	225113	267218	  0.84	5.65	5887	  2.45	
603598	引力传媒	4.77	-0.43	影视音像	43	10.40	--  	11.20	197351	1093	          7.37	12.72	11.76	11.20	0.188㈢	    44.67	214934288	  1.24	         30.00亿	北京	10.76	10.89	99340	98010	  1.01	11.19	164	  3.65	
600185	格力地产	4.66	0.20	区域地产	690	4.73	--  	4.94	319166	3502	          1.55	8.90	5.15	4.94	0.190㈢	    19.57	156957184	  1.93	        101.77亿	广东	4.74	4.92	143494	175671	  0.82	4.93	1319	  3.54	
002121	科陆电子	4.47	0.75	电器仪表	1031	5.20	--  	5.37	197683	5183	          2.18	3.50	5.38	5.37	0.014㈢	   286.34	104918840	  1.14	         48.63亿	深圳	5.25	5.31	93226	104457	  0.89	5.36	181	  2.11	
000786	北新建材	4.46	0.40	其他建材	194	19.10	--  	19.90	362419	2624	          2.56	7.09	20.45	19.89	1.160㈢	    12.34	719646656	  1.16	        281.24亿	北京	19.10	19.86	193504	168914	  1.15	19.89	133	  2.10	
002917	金奥博	4.31	0.61	化工原料	1602	27.70	--  	29.51	124559	2953	         36.79	6.36	29.50	29.50	0.443㈢	    49.99	357335936	  1.97	          9.99亿	深圳	27.74	28.69	64123	60435	  1.06	29.50	92	  1.95	
002429	兆驰股份	4.30	0.00	家用电器	14687	2.89	--  	2.91	1232116	6157	          3.10	6.45	3.07	2.91	0.079㈢	    27.73	365148032	  1.16	        115.61亿	深圳	2.97	2.96	632883	599232	  1.06	2.90	2973	  1.94	
600718	东软集团	4.22	0.08	软件服务	301	12.17	--  	12.60	451298	1377	          3.63	6.53	12.96	12.60	0.100㈢	    94.27	569866368	  1.48	        156.54亿	辽宁	12.51	12.63	213783	237514	  0.90	12.59	952	  3.10	
300271	华宇软件	4.11	-0.09	软件服务	147	19.10	--  	19.76	158322	533	          2.83	6.22	20.28	19.76	0.410㈢	    36.59	311335808	  1.04	        110.47亿	北京	19.30	19.66	86138	72183	  1.19	19.75	32	  1.75	
002028	思源电气	4.06	-0.07	电气设备	390	11.56	--  	12.06	312827	2824	          5.39	5.95	12.25	12.06	0.315㈢	    28.69	373443232	  1.72	         69.97亿	上海	11.65	11.94	142462	170364	  0.84	12.05	119	  1.69	
002285	世联行	3.95	0.17	房产服务	124	5.84	--  	6.06	407757	4339	          2.03	6.36	6.21	6.05	0.184㈢	    24.69	246697344	  1.30	        121.61亿	深圳	5.85	6.05	182061	225695	  0.81	6.05	709	  1.59	
000062	深圳华强	3.92	0.00	批发业	151	20.15	--  	20.96	98178	1717	          1.39	7.44	21.65	20.95	0.719㈢	    21.84	202649504	  1.59	        147.87亿	深圳	20.20	20.64	48903	49274	  0.99	20.95	49	  1.55	
600739	辽宁成大	3.86	0.00	商贸代理	213	13.79	--  	14.00	673614	6065	          4.40	6.01	14.60	14.00	0.457㈢	    22.99	951783936	  1.29	        214.16亿	辽宁	13.90	14.13	343364	330250	  1.04	13.99	665	  2.74	
300171	东富龙	3.70	0.22	医疗保健	255	8.95	--  	9.25	400616	5586	         12.01	6.95	9.57	9.25	0.105㈢	    66.31	371215040	  1.59	         30.86亿	上海	9.39	9.27	215864	184751	  1.17	9.24	162	  1.34	
002423	中原特钢	3.69	0.37	特种钢	676	12.18	--  	13.49	498299	2745	          9.91	13.23	13.90	13.48	-0.130㈢	--  	648349824	  2.29	         67.80亿	河南	12.40	13.01	249973	248326	  1.01	13.48	148	  1.33	
300377	赢时胜	3.66	0.53	软件服务	15	14.97	--  	15.31	606700	6368	         11.83	7.66	16.10	15.30	0.159㈢	    72.25	935280640	  1.06	         78.44亿	深圳	15.02	15.42	298415	308284	  0.97	15.30	444	  1.29	
002012	凯恩股份	3.63	1.68	造纸	55	4.63	--  	4.85	600862	6544	         12.87	5.77	4.90	4.85	0.040㈢	    91.86	286197856	  1.35	         22.65亿	浙江	4.63	4.76	294430	306432	  0.96	4.84	3871	  1.27	
002368	太极股份	3.60	0.04	软件服务	19	27.40	--  	28.21	240588	1413	          6.01	5.80	28.98	28.20	0.167㈢	   126.32	680156224	  1.75	        112.93亿	北京	28.00	28.27	103413	137174	  0.75	28.20	215	  1.24	
600410	华胜天成	3.57	0.83	软件服务	1597	7.07	--  	7.26	584483	3750	          5.32	5.86	7.48	7.25	0.046㈢	   117.09	424425440	  1.48	         79.66亿	北京	7.16	7.26	274834	309649	  0.89	7.25	486	  2.45	
600895	张江高科	3.51	0.05	园区开发	2126	18.72	--  	19.16	838006	6227	          5.41	5.30	19.70	19.15	0.296㈢	    48.60	1608378496	  0.82	        296.57亿	上海	19.09	19.19	422177	415828	  1.02	19.15	1152	  2.39	
002312	三泰控股	3.42	0.26	电脑设备	2329	3.89	--  	3.94	726473	10088	          7.16	5.00	4.08	3.93	-0.110㈢	--  	288601888	  1.09	         39.87亿	四川	3.98	3.97	382913	343560	  1.11	3.93	2141	  1.06	
300043	星辉娱乐	3.41	0.00	文教休闲	584	4.21	--  	4.26	402339	1859	          4.46	6.81	4.49	4.25	0.171㈢	    18.66	175920304	  1.87	         38.36亿	广东	4.35	4.37	190860	211478	  0.90	4.25	2090	  1.04	
300024	机器人	3.35	0.17	专用机械	1010	17.00	--  	17.27	471214	3640	          3.11	4.49	17.75	17.27	0.211㈢	    61.38	820223168	  1.32	        261.40亿	辽宁	17.25	17.41	245281	225932	  1.09	17.26	2681	  0.99	
000607	华媒控股	3.32	0.20	广告包装	46	4.85	--  	4.98	133054	1185	          1.50	6.02	5.14	4.98	0.060㈢	    62.23	66524316	  1.35	         44.07亿	浙江	4.86	5.00	57847	75207	  0.77	4.97	84	  0.95	
002202	金风科技	3.26	0.00	电气设备	259	13.95	--  	14.55	600709	2651	          2.10	7.52	15.01	14.55	0.670㈢	    16.04	868766336	  1.42	        415.37亿	新疆	14.15	14.46	286011	314697	  0.91	14.54	209	  0.90	
300096	易联众	3.12	0.52	软件服务	453	11.31	--  	11.57	183841	1602	          4.88	7.04	12.10	11.57	-0.040㈢	--  	214131200	  0.81	         43.56亿	福建	11.34	11.65	88737	95104	  0.93	11.56	70	  0.75	
002054	德美化工	3.12	-0.42	化工原料	408	6.77	--  	6.95	353228	7293	         11.31	4.15	7.05	6.95	0.088㈢	    59.16	242769184	  0.92	         21.70亿	广东	6.83	6.87	164917	188311	  0.88	6.94	540	  0.75	
000839	中信国安	3.03	0.00	综合类	9508	4.66	--  	4.76	1839058	22573	          4.69	6.06	4.94	4.76	0.001㈢	  2570.12	880746560	  0.93	        186.54亿	北京	4.76	4.79	916047	923010	  0.99	4.75	53	  0.67	
600138	中青旅	3.03	0.71	旅游服务	230	15.21	--  	15.66	218526	1263	          3.02	4.74	15.93	15.66	0.755㈢	    15.55	341537504	  1.30	        113.35亿	北京	15.28	15.63	108851	109674	  0.99	15.65	679	  1.90	
300213	佳讯飞鸿	2.95	0.00	通信设备	1576	7.53	--  	7.67	353994	2966	          9.18	5.10	7.91	7.67	0.113㈢	    50.77	272161280	  1.14	         29.59亿	北京	7.58	7.69	163487	190506	  0.86	7.66	510	  0.59	
600122	宏图高科	2.90	0.47	其他商业	2420	4.17	--  	4.27	643917	6513	          5.56	3.86	4.33	4.26	-0.310㈢	--  	274246208	  0.89	         49.34亿	江苏	4.17	4.26	313869	330048	  0.95	4.26	3340	  1.78	
600658	电子城	2.82	0.17	园区开发	256	5.68	--  	5.85	180862	1990	          1.62	4.23	5.92	5.84	0.272㈢	    16.13	104939312	  1.25	         65.33亿	北京	5.68	5.80	78750	102111	  0.77	5.84	2293	  1.70	
002130	沃尔核材	2.80	0.00	电气设备	1503	4.26	--  	4.40	660362	9296	          6.98	9.35	4.66	4.40	0.113㈢	    29.09	291125632	  1.46	         41.63亿	深圳	4.30	4.41	313428	346934	  0.90	4.39	952	  0.44	
600521	华海药业	2.77	0.36	化学制药	126	13.41	--  	13.76	262806	1436	          2.13	5.01	14.08	13.75	0.204㈢	    50.51	360540480	  1.14	        170.02亿	浙江	13.42	13.72	136102	126703	  1.07	13.75	21	  1.64	
600082	海泰发展	2.73	0.00	园区开发	1028	4.83	--  	4.89	252629	2197	          3.99	3.15	4.98	4.89	0.002㈢	  2199.40	123925008	  0.72	         31.00亿	天津	4.83	4.91	104760	147869	  0.71	4.88	2004	  1.61	
002362	汉王科技	2.43	0.17	电脑设备	384	17.02	--  	17.31	129944	901	          7.31	4.80	17.83	17.30	0.124㈢	   104.95	226777440	  0.89	         30.75亿	北京	17.10	17.45	64168	65775	  0.98	17.30	48	  0.06	
300027	华谊兄弟	2.39	0.18	影视音像	633	5.45	--  	5.57	823138	4946	          3.72	5.70	5.76	5.57	0.118㈢	    35.55	460324864	  1.37	        123.16亿	浙江	5.60	5.59	423586	399552	  1.06	5.56	2007	  0.03	
300192	科斯伍德	2.37	-0.20	染料涂料	30	9.27	--  	9.49	79969	586	          4.64	6.69	9.89	9.49	0.354㈢	    20.09	75962776	  1.22	         16.36亿	江苏	9.27	9.50	36931	43037	  0.86	9.48	369	  0.01	
002292	奥飞娱乐	2.37	0.29	影视音像	1118	6.75	--  	6.92	434983	2371	          5.35	4.88	7.08	6.92	0.053㈢	    97.02	300290368	  1.46	         56.29亿	广东	6.88	6.90	192963	242019	  0.80	6.91	721	  0.00	
600624	复旦复华	2.36	0.00	综合类	1641	6.87	--  	6.96	397601	3750	          5.81	3.68	7.12	6.95	0.048㈢	   108.06	277699936	  0.71	         47.59亿	上海	6.94	6.98	207839	189762	  1.10	6.95	1195	  1.23	
600165	新日恒力	2.34	0.57	钢加工	1044	5.10	--  	5.25	463818	17666	          6.77	3.90	5.30	5.25	0.000㈢	  8194.26	240864224	  0.99	         35.96亿	宁夏	5.14	5.19	232332	231486	  1.00	5.24	6031	  1.22	
000735	罗 牛 山	2.34	-0.28	农业综合	4914	13.11	--  	13.58	1380111	33212	         13.02	4.68	13.73	13.57	0.338㈢	    30.07	1851764608	  1.05	        143.79亿	海南	13.20	13.42	676054	704056	  0.96	13.57	3383	 -0.03	
000938	紫光股份	2.34	-0.07	软件服务	402	39.49	--  	39.88	142723	909	          4.95	3.93	41.02	39.86	0.796㈢	    37.53	574379136	  1.33	        115.00亿	北京	39.76	40.24	67854	74869	  0.91	39.86	530	 -0.03	
002340	格林美	2.33	0.21	小金属	4800	4.76	--  	4.84	1471553	11587	          3.89	4.03	4.95	4.83	0.130㈢	    29.04	715116992	  1.15	        182.75亿	深圳	4.76	4.86	721628	749925	  0.96	4.83	4130	 -0.03	
002197	证通电子	2.33	-0.10	电器仪表	243	8.62	--  	8.80	233795	2742	          5.38	5.47	9.09	8.79	0.071㈢	    93.30	205514848	  0.91	         38.20亿	深圳	8.63	8.79	113957	119838	  0.95	8.79	534	 -0.04	
600868	梅雁吉祥	2.32	0.57	水力发电	2746	3.44	--  	3.53	766536	4764	          4.04	4.35	3.59	3.53	0.010㈢	   274.24	269341728	  1.15	         67.00亿	广东	3.49	3.51	325665	440871	  0.74	3.52	6901	  1.20	
300157	恒泰艾普	2.29	-0.19	石油开采	1950	4.80	--  	4.93	305646	1353	          4.98	4.37	5.01	4.92	0.045㈢	    82.02	150006256	  1.16	         30.19亿	北京	4.83	4.91	151974	153672	  0.99	4.92	1249	 -0.08	
600665	天地源	2.23	0.00	全国地产	814	4.04	--  	4.13	115725	766	          1.34	4.71	4.23	4.12	0.408㈢	     7.57	47805760	  1.25	         35.60亿	陕西	4.05	4.13	61970	53754	  1.15	4.12	2129	  1.11	
000404	长虹华意	2.23	-0.21	专用机械	919	4.49	--  	4.59	139271	529	          2.01	3.56	4.65	4.59	0.090㈢	    38.22	64007904	  0.97	         31.81亿	江西	4.49	4.60	61695	77576	  0.80	4.58	191	 -0.14	
002004	华邦健康	2.06	0.00	化学制药	302	5.31	--  	5.46	263135	1228	          1.56	3.93	5.52	5.45	0.235㈢	    17.39	142969504	  1.74	         91.94亿	重庆	5.34	5.43	129004	134131	  0.96	5.45	876	 -0.30	
002426	胜利精密	2.03	0.28	元器件	3985	3.44	--  	3.52	1363912	13689	          6.32	6.09	3.65	3.52	0.089㈢	    29.59	483329472	  1.20	         75.95亿	江苏	3.49	3.54	660788	703124	  0.94	3.51	7346	 -0.34	
600008	首创股份	1.99	0.24	环境保护	855	4.00	--  	4.10	807493	7852	          1.68	4.23	4.17	4.10	0.090㈢	    40.73	331088384	  1.34	        197.65亿	北京	4.01	4.10	362944	444549	  0.82	4.09	1571	  0.87	
000063	中兴通讯	1.95	0.00	通信设备	2743	29.90	--  	30.32	2159491	14881	          6.29	5.55	31.55	30.31	-1.732㈢	--  	6625920512	  0.98	       1040.88亿	深圳	30.11	30.68	1088681	1070810	  1.02	30.31	745	 -0.41	
600874	创业环保	1.92	0.00	环境保护	1475	9.37	--  	9.56	376960	1774	          3.47	4.38	9.78	9.55	0.292㈢	    24.51	362063424	  1.19	        103.83亿	天津	9.47	9.60	180344	196615	  0.92	9.55	687	  0.80	
000532	华金资本	1.90	-0.16	元器件	696	11.80	--  	11.81	183264	1571	          5.34	3.36	12.19	11.81	0.060㈢	   148.27	219115664	  0.81	         40.57亿	广东	12.06	11.96	91158	92106	  0.99	11.80	227	 -0.47	
600363	联创光电	1.88	0.00	元器件	477	9.55	--  	9.74	199184	1797	          4.49	3.25	9.86	9.73	0.395㈢	    18.47	193355056	  1.12	         43.15亿	江西	9.59	9.71	106694	92489	  1.15	9.73	599	  0.76	
002094	青岛金王	1.86	0.55	日用化工	233	5.40	--  	5.47	238800	2401	          3.96	2.98	5.56	5.47	0.310㈢	    17.49	130531176	  1.04	         32.98亿	山东	5.43	5.47	123346	115453	  1.07	5.46	455	 -0.50	
300470	日机密封	1.85	-0.15	机械基件	41	24.31	--  	24.78	47035	379	          2.62	3.54	25.17	24.76	0.643㈢	    28.87	116369496	  1.66	         44.45亿	四川	24.39	24.74	26074	20960	  1.24	24.76	5	 -0.51	
002453	华软科技	1.82	0.00	化工原料	4350	6.06	--  	6.14	202030	1743	          3.64	3.48	6.27	6.14	0.040㈢	   116.34	124657952	  0.88	         34.06亿	江苏	6.11	6.17	102690	99340	  1.03	6.13	599	 -0.54	
000828	东莞控股	1.82	0.00	路桥	120	9.85	--  	10.05	114064	1527	          1.10	3.75	10.22	10.05	0.684㈢	    11.02	114482688	  0.95	        104.47亿	广东	9.98	10.04	65435	48628	  1.35	10.04	1054	 -0.54	
002860	星帅尔	1.82	0.23	电气设备	90	21.31	--  	21.82	59467	330	         12.57	5.46	22.48	21.82	0.670㈢	    25.08	129871832	  1.26	         10.32亿	浙江	21.66	21.84	29811	29655	  1.01	21.80	84	 -0.54	
601002	晋亿实业	1.82	0.14	机械基件	4081	7.11	--  	7.28	456213	4338	          5.76	5.31	7.49	7.28	0.151㈢	    36.21	330953504	  1.09	         57.71亿	浙江	7.19	7.25	224679	231533	  0.97	7.27	146	  0.70	
000539	粤电力Ａ	1.82	0.22	火力发电	38	4.42	--  	4.49	227579	1182	          0.89	2.95	4.55	4.48	0.179㈢	    18.79	102027264	  1.07	        114.42亿	广东	4.43	4.48	111658	115920	  0.96	4.48	1878	 -0.55	
300190	维尔利	1.76	0.00	环境保护	345	5.67	--  	5.79	126219	863	          1.77	3.87	5.89	5.78	0.202㈢	    21.47	73141840	  1.67	         41.32亿	江苏	5.68	5.79	64106	62112	  1.03	5.78	185	 -0.60	
300134	大富科技	1.76	0.35	通信设备	1329	13.90	--  	14.46	460497	3837	          6.46	7.46	14.96	14.45	-0.091㈢	--  	667980992	  1.04	        102.94亿	深圳	14.15	14.51	217907	242590	  0.90	14.45	74	 -0.60	
300207	欣旺达	1.75	-0.50	元器件	313	11.40	--  	11.60	167267	713	          1.47	4.82	11.95	11.60	0.300㈢	    31.38	196348608	  1.16	        132.14亿	深圳	11.60	11.74	75403	91864	  0.82	11.59	525	 -0.61	
300050	世纪鼎利	1.75	0.31	软件服务	802	6.30	--  	6.38	234813	2025	          6.36	4.47	6.58	6.38	0.058㈢	    81.89	151423840	  1.21	         23.55亿	广东	6.33	6.45	110965	123847	  0.90	6.37	1042	 -0.61	
002762	金发拉比	1.75	-0.52	服饰	347	7.30	--  	7.57	207264	2566	         10.90	4.85	7.66	7.56	0.170㈢	    33.35	155095552	  1.22	         14.37亿	广东	7.33	7.48	108107	99156	  1.09	7.56	291	 -0.61	
600810	神马股份	1.74	0.15	化纤	1135	13.29	--  	13.47	279049	2017	          6.31	3.93	13.81	13.46	1.277㈢	     7.91	378202528	  0.99	         59.53亿	河南	13.40	13.55	135666	143382	  0.95	13.46	603	  0.62	
600079	人福医药	1.74	0.36	化学制药	656	10.95	--  	11.13	230474	409	          1.79	3.39	11.32	11.12	0.430㈢	    17.41	257483120	  1.11	        143.01亿	湖北	10.98	11.17	118504	111970	  1.06	11.12	23	  0.62	
002137	麦达数字	1.73	0.00	互联网	1763	7.03	--  	7.06	217971	1461	          5.97	5.63	7.42	7.05	0.133㈢	    39.62	156010592	  1.24	         25.72亿	深圳	7.31	7.16	120967	97004	  1.25	7.05	543	 -0.63	
600435	北方导航	1.72	0.64	专用机械	3629	9.25	--  	9.47	568731	7782	          3.82	4.19	9.64	9.46	0.003㈢	  2623.64	536396320	  1.05	        140.89亿	北京	9.32	9.43	292945	275785	  1.06	9.46	372	  0.60	
600282	南钢股份	1.71	0.48	普钢	3251	4.11	--  	4.16	1143020	7212	          2.58	3.18	4.24	4.16	0.780㈢	     4.01	475521088	  1.14	        183.97亿	江苏	4.13	4.16	623601	519418	  1.20	4.15	1013	  0.59	
000987	越秀金控	1.71	0.47	多元金融	1086	10.51	--  	10.73	214741	1683	          3.99	6.64	11.21	10.72	0.130㈢	    75.44	233582560	  0.97	         57.71亿	广东	11.08	10.88	118453	96288	  1.23	10.72	238	 -0.66	
002612	朗姿股份	1.70	0.69	服饰	401	9.99	--  	10.19	58120	777	          2.87	2.70	10.26	10.18	0.462㈢	    16.54	58893928	  1.30	         20.63亿	北京	10.01	10.13	28352	29767	  0.95	10.18	188	 -0.67	
000783	长江证券	1.66	0.55	证券	1754	7.16	--  	7.35	1270319	7361	          2.30	7.47	7.70	7.35	0.100㈢	    53.37	939996288	  0.95	        406.41亿	湖北	7.28	7.40	597834	672484	  0.89	7.34	4231	 -0.70	
600770	综艺股份	1.66	0.33	综合类	1283	6.06	--  	6.14	410517	2550	          3.16	4.31	6.32	6.13	0.065㈢	    70.21	253153984	  1.18	         79.69亿	江苏	6.13	6.17	202891	207626	  0.98	6.13	2542	  0.54	
002388	新亚制程	1.64	0.18	元器件	378	5.49	--  	5.57	96245	456	          2.41	3.28	5.67	5.57	0.045㈢	    92.68	53933588	  0.84	         22.26亿	深圳	5.51	5.60	44702	51543	  0.87	5.56	564	 -0.72	
300078	思创医惠	1.62	-0.19	元器件	387	9.95	--  	10.07	304980	1835	          4.18	3.54	10.30	10.06	0.135㈢	    55.97	309067616	  1.28	         73.37亿	浙江	10.20	10.13	158688	146292	  1.08	10.06	623	 -0.75	
600103	青山纸业	1.57	-0.30	造纸	2351	3.15	--  	3.24	370988	2014	          3.49	5.66	3.33	3.23	0.097㈢	    24.94	119314736	  1.01	         34.30亿	福建	3.21	3.22	179167	191821	  0.93	3.23	2435	  0.45	
000931	中 关 村	1.57	0.00	生物制药	1100	8.28	--  	8.40	268977	2653	          3.83	3.87	8.60	8.40	0.130㈢	    48.29	226741712	  0.79	         58.98亿	北京	8.50	8.43	133665	135312	  0.99	8.39	669	 -0.79	
000863	三湘印象	1.56	0.00	区域地产	79	4.50	--  	4.57	61629	683	          0.67	2.90	4.63	4.56	0.081㈢	    42.37	28177996	  0.73	         41.80亿	上海	4.52	4.57	30426	31202	  0.98	4.56	538	 -0.81	
600582	天地科技	1.55	0.26	工程机械	944	3.89	--  	3.93	444331	587	          1.07	2.84	4.00	3.93	0.164㈢	    17.98	175171632	  1.18	        162.65亿	北京	3.89	3.94	213254	231077	  0.92	3.92	794	  0.43	
002471	中超控股	1.54	0.30	电气设备	1854	3.22	--  	3.29	369557	3089	          2.94	3.70	3.34	3.29	0.095㈢	    26.02	121333120	  1.08	         41.35亿	江苏	3.25	3.28	192421	177135	  1.09	3.28	1576	 -0.82	
002632	道明光学	1.53	0.23	化工原料	1123	8.50	--  	8.64	127516	881	          2.23	3.88	8.83	8.63	0.267㈢	    24.28	110474152	  1.42	         49.34亿	浙江	8.52	8.66	64943	62573	  1.04	8.63	147	 -0.84	
002580	圣阳股份	1.53	0.50	电气设备	564	5.85	--  	5.99	141108	1449	          4.73	3.90	6.08	5.99	0.040㈢	   112.41	84487152	  1.11	         17.87亿	山东	5.96	5.99	70883	70224	  1.01	5.98	285	 -0.84	
300368	汇金股份	1.51	0.11	专用机械	1186	8.41	--  	8.77	359632	3858	          7.74	10.43	9.31	8.76	0.097㈢	    67.87	318465568	  1.40	         40.73亿	河北	8.60	8.86	186310	173321	  1.07	8.76	648	 -0.86	
002077	大港股份	1.50	0.21	区域地产	27	4.67	--  	4.74	225757	1753	          4.25	4.71	4.89	4.74	-0.181㈢	--  	107405680	  1.06	         25.20亿	江苏	4.68	4.76	107060	118696	  0.90	4.73	1933	 -0.87	
000690	宝新能源	1.50	0.00	火力发电	914	7.31	--  	7.46	273701	1056	          1.34	4.63	7.65	7.46	0.282㈢	    19.85	206055136	  1.48	        152.12亿	广东	7.31	7.53	126719	146981	  0.86	7.45	237	 -0.87	
002258	利尔化学	1.49	0.13	农药化肥	861	15.47	--  	15.64	171229	1327	          3.27	2.34	15.83	15.63	1.102㈣	    14.18	268206032	  0.70	         81.74亿	四川	15.50	15.66	72012	99217	  0.73	15.63	160	 -0.87	
002654	万润科技	1.48	0.00	半导体	4471	4.75	--  	4.80	183071	1293	          3.18	3.38	4.91	4.80	0.155㈢	    23.15	88432648	  0.73	         27.61亿	深圳	4.75	4.83	96201	86869	  1.11	4.79	1422	 -0.88	
000936	华西股份	1.48	0.24	化纤	1717	8.18	--  	8.25	859485	6909	          9.71	5.05	8.59	8.24	0.331㈢	    18.68	720736256	  0.99	         72.95亿	江苏	8.52	8.39	441196	418288	  1.05	8.24	988	 -0.89	
600551	时代出版	1.46	0.10	出版业	55	9.65	--  	9.75	50407	196	          1.00	2.40	9.88	9.74	0.471㈢	    15.49	49199104	  0.99	         49.27亿	安徽	9.69	9.76	21631	28776	  0.75	9.74	226	  0.34	
300058	蓝色光标	1.46	0.00	广告包装	1894	4.83	--  	4.87	696182	4777	          4.19	3.54	5.00	4.87	0.190㈢	    19.31	342274080	  1.28	         80.96亿	北京	4.85	4.92	340535	355647	  0.96	4.86	1836	 -0.91	
600736	苏州高新	1.44	0.16	园区开发	2155	6.29	--  	6.35	331818	1469	          2.88	3.83	6.53	6.35	0.290㈢	    12.85	212064416	  0.93	         73.11亿	江苏	6.38	6.39	174062	157755	  1.10	6.34	1322	  0.32	
000682	东方电子	1.43	0.24	电气设备	178	4.20	--  	4.26	191726	1889	          1.96	3.10	4.33	4.25	0.080㈢	    47.00	81976600	  1.11	         41.57亿	山东	4.22	4.28	99765	91961	  1.08	4.25	2271	 -0.93	
300142	沃森生物	1.41	-0.04	生物制药	18	21.30	--  	21.58	231376	2278	          1.68	1.79	21.68	21.58	0.059㈢	   273.08	497219008	  1.11	        297.17亿	云南	21.54	21.49	120165	111211	  1.08	21.57	54	 -0.95	
600096	云天化	1.39	0.00	农药化肥	34	6.47	--  	6.56	125419	255	          0.95	3.86	6.72	6.56	0.060㈢	    84.70	82588328	  1.22	         86.68亿	云南	6.47	6.58	62587	62832	  1.00	6.55	803	  0.27	
300526	中潜股份	1.38	0.16	专用机械	122	12.23	--  	12.47	35038	350	          5.83	4.39	12.77	12.46	0.120㈢	    77.85	43797904	  1.38	          7.49亿	广东	12.32	12.50	16167	18870	  0.86	12.46	99	 -0.98	
600278	东方创业	1.37	0.31	商贸代理	409	9.45	--  	9.65	149843	905	          2.87	4.62	9.89	9.65	0.199㈢	    36.35	144812288	  1.39	         50.40亿	上海	9.70	9.66	74440	75402	  0.99	9.64	172	  0.24	
600705	中航资本	1.33	0.33	多元金融	8398	5.91	--  	6.08	1750008	10832	          1.95	6.67	6.31	6.08	0.245㈢	    18.60	1067667648	  0.87	        545.76亿	黑龙江	6.05	6.10	769755	980252	  0.79	6.07	3384	  0.21	
000009	中国宝安	1.33	0.19	综合类	717	5.31	--  	5.36	676081	3165	          3.19	5.11	5.58	5.35	0.046㈢	    87.46	368026592	  1.39	        113.41亿	深圳	5.45	5.44	349016	327064	  1.07	5.35	2673	 -1.04	
600064	南京高科	1.32	0.22	园区开发	595	9.12	--  	9.19	453362	2244	          3.67	3.64	9.45	9.19	0.645㈢	    10.69	421196288	  1.01	        113.58亿	江苏	9.26	9.29	229764	223598	  1.03	9.18	636	  0.20	
600343	航天动力	1.32	0.60	航空	400	9.85	--  	10.00	213507	3704	          3.35	3.25	10.17	9.99	0.016㈢	   480.60	213127616	  0.91	         63.76亿	陕西	10.00	9.98	108778	104729	  1.04	9.99	453	  0.20	
002009	天奇股份	1.31	0.28	工程机械	21	10.67	--  	10.83	212224	1806	          7.17	6.65	11.38	10.82	0.370㈢	    21.93	233012448	  1.01	         32.04亿	江苏	10.83	10.98	112310	99914	  1.12	10.82	12	 -1.05	
002298	中电兴发	1.27	0.14	软件服务	87	7.12	--  	7.19	114818	879	          2.21	3.39	7.36	7.18	0.170㈢	    31.62	83069048	  1.16	         37.23亿	安徽	7.12	7.23	55793	59025	  0.95	7.18	146	 -1.10	
300133	华策影视	1.25	0.00	影视音像	565	8.03	--  	8.12	239306	1326	          1.73	3.87	8.34	8.11	0.201㈢	    30.32	195611728	  0.88	        112.11亿	浙江	8.09	8.17	122622	116684	  1.05	8.11	203	 -1.12	
002584	西陇科学	1.21	0.00	化工原料	272	6.61	--  	6.69	339293	3258	          8.90	3.48	6.84	6.68	0.130㈢	    38.46	228063056	  0.99	         25.46亿	广东	6.65	6.72	165712	173581	  0.95	6.68	1595	 -1.15	
002307	北新路桥	1.18	0.29	建筑施工	3314	6.67	--  	6.85	737319	7528	          8.27	7.10	7.15	6.84	0.035㈢	   146.37	506974560	  1.34	         60.99亿	新疆	6.75	6.88	348473	388846	  0.90	6.84	1438	 -1.18	
600177	雅戈尔	1.17	0.00	服饰	422	8.54	--  	8.65	348163	1854	          0.97	3.27	8.82	8.65	0.654㈢	     9.92	302194464	  1.35	        309.80亿	浙江	8.57	8.68	170723	177439	  0.96	8.64	1046	  0.05	
002483	润邦股份	1.15	0.69	工程机械	337	4.32	--  	4.39	145594	987	          2.17	3.00	4.45	4.39	0.098㈢	    33.67	63861004	  0.97	         29.47亿	江苏	4.35	4.39	66783	78811	  0.85	4.38	473	 -1.21	
300259	新天科技	1.15	0.00	电器仪表	4213	3.46	--  	3.52	326082	1256	          4.50	4.02	3.60	3.52	0.092㈢	    28.60	115505168	  0.96	         25.50亿	河南	3.51	3.54	152164	173918	  0.87	3.51	2394	 -1.22	
002437	誉衡药业	1.14	0.57	化学制药	2043	3.50	--  	3.54	518130	3655	          2.39	2.86	3.60	3.54	0.143㈢	    18.58	183268800	  1.11	         76.71亿	黑龙江	3.50	3.54	276201	241929	  1.14	3.53	10180	 -1.22	
002467	二六三	1.14	0.16	电信运营	2523	6.18	--  	6.22	327446	2515	          5.11	3.41	6.39	6.22	0.090㈢	    53.60	205506544	  0.92	         39.86亿	北京	6.18	6.28	173697	153748	  1.13	6.21	1125	 -1.23	
002783	凯龙股份	1.13	0.25	化工原料	33	7.94	--  	8.08	81807	1007	          3.17	4.01	8.26	8.07	0.302㈢	    20.07	66286888	  1.02	         20.82亿	湖北	8.00	8.10	38849	42957	  0.90	8.07	130	 -1.24	
300066	三川智慧	1.12	0.00	电器仪表	8188	4.42	--  	4.51	388566	2306	          3.90	6.07	4.69	4.50	0.080㈢	    42.30	176435984	  1.08	         44.82亿	江西	4.49	4.54	185065	203501	  0.91	4.50	2442	 -1.24	
002215	诺 普 信	1.12	0.00	农药化肥	1483	6.26	--  	6.31	203224	1366	          2.80	2.40	6.41	6.31	0.324㈢	    14.61	128707440	  1.05	         45.76亿	深圳	6.27	6.33	95477	107746	  0.89	6.30	1070	 -1.24	
002089	新 海 宜	1.12	0.00	通信设备	2830	5.35	--  	5.42	901417	6831	          9.63	4.10	5.57	5.42	0.078㈢	    52.09	492252096	  0.78	         50.75亿	江苏	5.41	5.46	490545	410871	  1.19	5.41	935	 -1.25	
000973	佛塑科技	1.09	0.22	塑料	2709	4.59	--  	4.65	410379	4456	          4.24	4.35	4.79	4.65	0.043㈢	    81.06	192029504	  0.71	         44.98亿	广东	4.64	4.68	199430	210949	  0.95	4.64	115	 -1.28	
000920	南方汇通	1.07	0.30	环境保护	412	6.52	--  	6.62	91871	936	          2.18	4.43	6.81	6.61	0.158㈢	    31.39	61400984	  1.20	         27.89亿	贵州	6.57	6.68	41074	50796	  0.81	6.61	407	 -1.29	
002591	恒大高新	1.06	0.13	化工原料	1699	7.55	--  	7.62	74818	501	          4.11	3.19	7.79	7.61	0.076㈢	    74.93	57377092	  0.63	         13.84亿	江西	7.63	7.67	33297	41520	  0.80	7.61	841	 -1.30	
000516	国际医学	1.04	-0.16	百货	1307	5.76	--  	5.82	573583	2486	          2.97	2.78	5.92	5.81	1.132㈢	     3.85	335000832	  1.08	        112.29亿	陕西	5.79	5.84	301664	271918	  1.11	5.81	2438	 -1.32	
600133	东湖高新	1.04	0.15	园区开发	1048	6.75	--  	6.79	291023	2232	          4.88	2.98	6.95	6.79	0.240㈢	    19.78	199278480	  0.76	         40.53亿	湖北	6.81	6.85	145895	145128	  1.01	6.78	2457	 -0.08	
002067	景兴纸业	1.02	0.00	造纸	4856	3.94	--  	3.98	434036	4714	          4.45	3.05	4.06	3.98	0.330㈢	     9.25	173184656	  1.10	         38.80亿	浙江	3.94	3.99	218113	215922	  1.01	3.97	7797	 -1.35	
002489	浙江永强	0.96	0.32	家居用品	577	3.12	--  	3.17	216111	2496	          1.16	3.19	3.22	3.16	-0.052㈢	--  	68500400	  0.99	         59.11亿	浙江	3.17	3.17	108095	108015	  1.00	3.16	1096	 -1.41	
601118	海南橡胶	0.94	0.37	橡胶	1808	5.29	--  	5.38	737279	4535	          1.72	3.20	5.46	5.37	0.105㈢	    38.27	396156192	  1.13	        229.81亿	海南	5.33	5.37	375011	362268	  1.04	5.37	4018	 -0.18	
002402	和而泰	0.93	-0.22	元器件	962	8.62	--  	8.68	258722	1771	          3.58	3.73	8.94	8.67	0.216㈢	    30.14	227023088	  0.94	         62.66亿	深圳	8.70	8.77	130901	127821	  1.02	8.67	198	 -1.43	
600171	上海贝岭	0.93	0.67	半导体	795	11.83	--  	11.95	386606	2164	          5.74	3.55	12.25	11.94	0.126㈢	    70.85	465697664	  1.14	         80.45亿	上海	12.12	12.05	195211	191395	  1.02	11.94	1011	 -0.19	
300003	乐普医疗	0.92	0.11	医疗保健	179	25.77	--  	26.20	522635	3550	          3.45	3.20	26.60	26.19	0.642㈢	    30.61	1368483840	  0.90	        396.85亿	北京	26.13	26.18	260363	262271	  0.99	26.19	1590	 -1.44	
000507	珠海港	0.89	0.13	港口	3389	7.90	--  	7.96	390793	7028	          5.06	2.03	8.06	7.95	0.181㈢	    32.87	311439456	  0.97	         61.39亿	广东	7.90	7.97	188228	202564	  0.93	7.95	2691	 -1.48	
600577	精达股份	0.88	0.29	电气设备	2519	3.40	--  	3.43	465396	2949	          2.42	2.06	3.47	3.43	0.195㈢	    13.16	159616192	  1.21	         65.90亿	安徽	3.41	3.43	268613	196783	  1.37	3.42	5553	 -0.24	
000878	云南铜业	0.87	0.29	铜	995	10.22	--  	10.39	499701	2363	          3.53	4.28	10.66	10.38	0.280㈢	    33.56	522074624	  1.17	        147.02亿	云南	10.40	10.45	234830	264870	  0.89	10.38	263	 -1.49	
002010	传化智联	0.86	0.61	仓储物流	816	8.16	--  	8.25	145051	1686	          0.46	2.93	8.40	8.25	0.124㈢	    49.84	120148392	  1.00	        262.57亿	浙江	8.24	8.28	74085	70966	  1.04	8.24	455	 -1.51	
600533	栖霞建设	0.84	0.00	区域地产	2010	3.56	--  	3.61	366741	6930	          3.49	3.35	3.68	3.61	0.107㈢	    25.35	132887312	  0.82	         37.90亿	江苏	3.61	3.62	193826	172915	  1.12	3.60	1152	 -0.28	
600373	中文传媒	0.78	0.35	出版业	138	14.00	--  	14.19	141083	638	          1.02	3.91	14.55	14.18	0.876㈢	    12.14	201401552	  1.22	        195.39亿	江西	14.18	14.28	74092	66990	  1.11	14.18	251	 -0.34	
600588	用友网络	0.77	0.19	软件服务	651	30.80	--  	31.31	448750	3060	          2.36	7.60	33.16	31.30	0.080㈢	   298.49	1432818304	  1.24	        595.24亿	北京	32.00	31.93	213784	234966	  0.91	31.30	542	 -0.35	
300389	艾比森	0.76	0.64	半导体	71	17.08	--  	17.22	37437	227	          2.28	3.22	17.63	17.20	0.554㈢	    23.29	65149380	  1.41	         28.20亿	深圳	17.34	17.40	20298	17138	  1.18	17.20	4	 -1.60	
600869	智慧能源	0.76	0.00	电气设备	1136	5.28	--  	5.32	225017	2019	          1.01	2.27	5.40	5.32	0.134㈢	    29.72	120244856	  0.90	        118.07亿	青海	5.30	5.34	111829	113188	  0.99	5.31	657	 -0.36	
300301	长方集团	0.76	0.00	半导体	390	3.95	--  	4.00	114518	845	          2.08	2.27	4.04	3.99	0.006㈢	   534.21	45755384	  1.28	         21.96亿	深圳	3.97	4.00	71218	43300	  1.64	3.99	1260	 -1.61	
000551	创元科技	0.74	0.15	专用机械	968	6.82	--  	6.84	84284	958	          2.11	1.91	6.95	6.84	0.200㈢	    25.60	58017716	  1.25	         27.37亿	江苏	6.85	6.88	41162	43121	  0.95	6.83	134	 -1.63	
600358	国旅联合	0.72	0.00	旅游服务	1237	4.14	--  	4.17	127339	682	          2.52	3.14	4.27	4.17	-0.033㈢	--  	53448392	  1.49	         21.06亿	江苏	4.17	4.20	64313	63026	  1.02	4.16	363	 -0.40	
600889	南京化纤	0.72	-0.35	化纤	206	5.48	--  	5.58	104598	1016	          3.41	4.34	5.72	5.57	-0.231㈢	--  	58374052	  1.18	         17.10亿	江苏	5.49	5.58	54042	50556	  1.07	5.57	886	 -0.40	
000913	钱江摩托	0.69	0.39	摩托车	407	10.04	--  	10.25	50299	726	          1.11	3.24	10.37	10.25	0.162㈢	    47.42	51564036	  1.29	         46.49亿	浙江	10.04	10.25	23217	27082	  0.86	10.24	214	 -1.68	
002038	双鹭药业	0.67	0.00	生物制药	85	27.01	--  	27.24	178282	1257	          3.14	2.62	27.72	27.23	0.777㈢	    26.29	488532000	  1.06	        154.38亿	北京	27.28	27.40	95167	83115	  1.15	27.23	78	 -1.70	
600280	中央商场	0.66	0.44	百货	1617	4.48	--  	4.57	355217	3718	          3.09	4.64	4.69	4.56	0.070㈢	    53.33	162775488	  0.82	         52.36亿	江苏	4.57	4.58	184051	171165	  1.08	4.56	2665	 -0.46	
002702	海欣食品	0.66	-0.21	食品	1738	4.53	--  	4.58	176231	584	          5.53	2.64	4.65	4.57	0.056㈢	    61.50	80909824	  1.11	         14.57亿	福建	4.56	4.59	91283	84948	  1.07	4.57	3283	 -1.70	
601901	方正证券	0.65	0.00	证券	1484	7.61	--  	7.74	1180742	7552	          1.43	7.81	8.21	7.73	0.055㈢	   104.99	925785920	  0.91	        636.34亿	湖南	7.75	7.84	588647	592095	  0.99	7.73	1510	 -0.47	
000008	神州高铁	0.64	0.43	运输设备	1350	4.62	--  	4.71	1141007	6572	          4.46	5.35	4.87	4.70	0.044㈢	    79.33	537997440	  1.10	        120.22亿	北京	4.63	4.72	573727	567280	  1.01	4.70	2015	 -1.72	
600310	桂东电力	0.64	-0.41	水力发电	1028	4.72	--  	4.74	206330	1248	          2.49	4.46	4.93	4.74	0.012㈢	   306.87	99416456	  0.96	         39.24亿	广西	4.75	4.82	108834	97495	  1.12	4.73	3012	 -0.48	
002144	宏达高科	0.63	0.36	纺织	99	11.11	--  	11.24	29710	180	          2.11	2.78	11.42	11.23	0.437㈢	    19.26	33490724	  1.35	         15.78亿	浙江	11.11	11.27	15985	13724	  1.16	11.23	47	 -1.74	
002349	精华制药	0.61	-0.14	中成药	334	6.56	--  	6.60	54299	385	          0.66	2.14	6.70	6.59	0.280㈣	    23.98	36029820	  1.39	         54.06亿	江苏	6.58	6.64	28998	25300	  1.15	6.59	143	 -1.75	
600744	华银电力	0.61	-0.29	火力发电	202	3.28	--  	3.32	182238	1124	          2.20	3.65	3.40	3.31	-0.001㈢	--  	60477788	  0.78	         27.39亿	湖南	3.28	3.32	101575	80662	  1.26	3.31	1335	 -0.51	
600353	旭光股份	0.57	0.00	元器件	2825	5.25	--  	5.28	129148	2405	          2.38	3.82	5.45	5.27	0.098㈢	    40.33	68879704	  1.13	         28.65亿	四川	5.26	5.33	62242	66905	  0.93	5.27	889	 -0.55	
002465	海格通信	0.51	0.10	通信设备	136	9.73	--  	9.83	634058	3688	          3.06	3.28	10.05	9.82	0.111㈢	    66.43	627777664	  1.16	        203.32亿	广东	9.91	9.90	328048	306009	  1.07	9.82	906	 -1.85	
002482	广田集团	0.51	0.34	装修装饰	33	5.86	--  	5.91	189790	655	          1.24	3.41	6.06	5.90	0.300㈢	    14.73	112851976	  1.38	         90.23亿	深圳	5.88	5.95	84206	105584	  0.80	5.90	809	 -1.85	
002255	海陆重工	0.48	0.24	专用机械	2999	4.12	--  	4.21	179652	670	          3.34	3.59	4.27	4.20	0.160㈢	    21.08	75584856	  1.13	         22.57亿	江苏	4.17	4.21	82812	96840	  0.86	4.20	82	 -1.89	
600884	杉杉股份	0.45	0.19	综合类	1530	15.59	--  	15.77	362991	1665	          3.23	3.63	16.16	15.77	0.939㈢	    12.60	576018432	  1.22	        177.06亿	浙江	15.95	15.87	203310	159681	  1.27	15.76	336	 -0.68	
000415	渤海租赁	0.44	0.00	多元金融	714	4.52	--  	4.62	1113475	7354	          3.14	5.66	4.78	4.61	0.394㈢	     8.78	516696928	  0.94	        163.56亿	新疆	4.61	4.64	572999	540476	  1.06	4.61	4262	 -1.93	
601238	广汽集团	0.41	0.25	汽车整车	699	12.05	--  	12.15	196563	938	          0.32	2.89	12.40	12.14	0.970㈢	     9.45	240402304	  1.16	        738.16亿	广东	12.21	12.23	111341	85221	  1.31	12.14	1333	 -0.71	
600352	浙江龙盛	0.36	0.00	染料涂料	1800	10.92	--  	11.07	703132	5334	          2.16	2.99	11.25	11.06	0.977㈢	     8.49	779510720	  1.21	        359.82亿	浙江	11.09	11.09	365635	337496	  1.08	11.06	1331	 -0.76	
603116	红蜻蜓	0.36	0.12	服饰	40	8.35	--  	8.42	45217	479	          0.78	3.34	8.63	8.42	0.400㈢	    15.84	38441000	  0.83	         48.52亿	浙江	8.48	8.50	25584	19632	  1.30	8.41	40	 -0.76	
002163	中航三鑫	0.34	0.34	装修装饰	284	5.77	--  	5.85	159707	1221	          1.99	3.78	5.99	5.84	-0.057㈢	--  	93258808	  1.03	         46.92亿	深圳	5.77	5.84	92582	67125	  1.38	5.84	642	 -2.02	
300251	光线传媒	0.34	0.00	影视音像	3839	8.87	--  	8.94	680627	5199	          2.47	3.15	9.15	8.93	0.779㈢	     8.60	613313408	  1.00	        245.76亿	北京	9.00	9.01	340271	340355	  1.00	8.93	1963	 -2.03	
002496	辉丰股份	0.34	0.00	农药化肥	1333	2.95	--  	2.98	306373	1647	          3.17	3.03	3.04	2.98	-0.160㈢	--  	91664264	  0.90	         28.79亿	江苏	2.98	2.99	168617	137756	  1.22	2.97	700	 -2.03	
002400	省广集团	0.28	-0.27	广告包装	6150	3.53	--  	3.57	750223	5633	          4.53	3.10	3.64	3.56	0.085㈢	    31.42	269008864	  0.86	         58.99亿	广东	3.56	3.59	376821	373401	  1.01	3.56	2896	 -2.08	
300035	中科电气	0.18	-0.17	电气设备	1522	5.58	--  	5.62	156579	751	          3.98	3.04	5.75	5.61	0.140㈢	    31.09	88679064	  0.99	         22.07亿	湖南	5.61	5.66	82967	73611	  1.13	5.61	759	 -2.19	
300095	华伍股份	0.17	0.00	机械基件	1327	5.74	--  	5.80	134744	991	          5.61	3.46	5.94	5.79	0.110㈢	    39.63	78509352	  0.99	         13.90亿	江西	5.83	5.83	70752	63992	  1.11	5.79	1123	 -2.19	
603701	德宏股份	0.16	0.00	汽车配件	24	12.77	--  	12.88	24336	174	          3.42	3.43	13.21	12.86	0.720㈢	    13.86	31706212	  1.05	          9.15亿	浙江	12.98	13.03	14237	10099	  1.41	12.86	102	 -0.97	
600757	长江传媒	0.14	0.00	出版业	2267	7.11	--  	7.15	226798	826	          1.87	2.38	7.28	7.14	0.523㈢	    10.25	163207616	  1.21	         86.64亿	湖北	7.14	7.20	116557	110241	  1.06	7.14	457	 -0.98	
300057	万顺股份	0.13	0.39	广告包装	2142	7.67	--  	7.75	328095	2895	          9.02	2.46	7.86	7.74	0.160㈢	    41.55	254435440	  0.91	         28.14亿	广东	7.75	7.75	171499	156595	  1.10	7.74	943	 -2.24	
000686	东北证券	0.11	0.11	证券	1867	8.80	--  	8.97	661259	4252	          2.83	8.04	9.52	8.97	0.116㈢	    58.11	601761792	  0.82	        209.94亿	吉林	9.08	9.10	325186	336073	  0.97	8.96	1823	 -2.25	
300252	金信诺	0.07	0.00	电气设备	281	13.98	--  	14.04	235762	2760	          6.03	4.06	14.55	14.04	0.193㈢	    54.68	337521600	  0.94	         54.91亿	深圳	14.13	14.32	117134	118627	  0.99	14.03	212	 -2.29	
300013	新宁物流	0.07	0.14	仓储物流	1249	13.96	--  	14.03	32875	119	          1.21	2.78	14.35	14.03	0.126㈢	    83.37	46430512	  0.92	         38.26亿	江苏	14.06	14.12	18584	14290	  1.30	14.02	61	 -2.29	
002384	东山精密	0.06	0.12	通信设备	1045	15.81	--  	16.05	743370	7633	          6.39	6.80	16.90	16.04	0.422㈢	    28.53	1212141696	  1.13	        186.55亿	江苏	16.15	16.31	386455	356914	  1.08	16.04	550	 -2.30	
600260	凯乐科技	0.05	0.76	通信设备	104	20.90	--  	21.18	425144	3467	          6.77	4.63	21.88	21.18	1.190㈢	    13.47	912305472	  1.17	        133.07亿	湖北	21.60	21.46	230911	194233	  1.19	21.17	1787	 -1.07	
603398	邦宝益智	0.00	0.07	文教休闲	467	13.24	--  	13.43	81166	489	          3.83	3.43	13.70	13.43	0.145㈢	    69.30	109180616	  1.08	         28.43亿	广东	13.43	13.45	43949	37217	  1.18	13.42	152	 -1.12	
600981	汇鸿集团	0.00	-0.20	商贸代理	1212	4.67	--  	4.70	213597	2076	          2.92	2.99	4.81	4.69	0.437㈢	     8.05	101100904	  0.91	         34.28亿	江苏	4.74	4.73	116226	97370	  1.19	4.69	870	 -1.12	
600894	广日股份	0.00	0.14	运输设备	101	7.00	--  	7.05	139678	872	          1.62	3.27	7.23	7.04	0.303㈢	    17.45	99549248	  0.90	         60.54亿	广东	7.08	7.13	72974	66704	  1.09	7.04	1318	 -1.12	
600012	皖通高速	0.00	-0.14	路桥	1015	6.52	--  	6.58	144963	1447	          1.24	3.80	6.77	6.58	0.514㈢	     9.61	96224944	  1.27	         76.70亿	安徽	6.63	6.64	81078	63885	  1.27	6.57	1649	 -1.12	
300098	高新兴	0.00	-0.10	通信设备	377	9.09	--  	9.27	650444	5908	          5.00	6.37	9.68	9.26	0.230㈢	    31.16	609903808	  1.17	        120.56亿	广东	9.56	9.38	347242	303201	  1.15	9.26	2209	 -2.36	
002353	杰瑞股份	0.00	0.10	化工机械	238	19.88	--  	20.00	137877	610	          2.05	2.70	20.42	20.00	0.379㈢	    39.61	277303488	  1.17	        134.60亿	山东	20.08	20.11	64222	73654	  0.87	19.99	295	 -2.36	
002179	中航光电	0.00	0.07	元器件	156	41.73	--  	41.78	74253	928	          0.95	4.45	43.59	41.77	0.890㈢	    35.54	316003488	  1.19	        326.84亿	河南	41.86	42.56	32563	41690	  0.78	41.77	693	 -2.36	
002131	利欧股份	0.00	0.54	互联网	34094	1.83	--  	1.85	3553535	54719	          9.15	4.32	1.91	1.85	0.050㈢	    33.50	664744320	  0.85	         71.85亿	浙江	1.85	1.87	1768987	1784548	  0.99	1.84	5868	 -2.36	
000661	长春高新	--  	--  	生物制药	0	--  	--  	--  	0	0	          0.00	0.00	--  	226.05	4.930㈢	    34.39	0	  0.00	        384.18亿	吉林	--  	226.05	0	0	--  	--  	0	 -2.36	
600872	中炬高新	-0.03	0.72	食品	20	32.99	--  	33.67	129864	449	          1.63	4.37	34.46	33.66	0.610㈢	    41.40	437213504	  1.42	        268.15亿	广东	33.71	33.67	73001	56862	  1.28	33.66	2	 -1.15	
000628	高新发展	-0.09	0.00	园区开发	473	10.73	--  	10.81	111317	1338	          5.92	3.33	11.09	10.81	0.044㈢	   184.67	121575200	  0.87	         20.32亿	四川	10.95	10.92	60988	50329	  1.21	10.80	36	 -2.46	
002707	众信旅游	-0.14	0.43	旅游服务	1276	6.96	--  	7.08	209910	1470	          3.97	4.94	7.31	7.07	0.250㈢	    22.48	149571280	  1.02	         37.37亿	北京	6.97	7.13	119608	90302	  1.32	7.07	951	 -2.51	
000851	高鸿股份	-0.17	0.00	软件服务	6507	5.88	--  	5.96	788235	6700	          9.20	7.87	6.35	5.96	0.039㈢	   113.54	480487264	  1.38	         51.07亿	贵州	6.08	6.10	443538	344697	  1.29	5.95	1518	 -2.53	
300210	森远股份	-0.22	-0.21	专用机械	637	4.56	--  	4.63	164797	1472	          4.12	4.10	4.75	4.62	0.052㈢	    66.67	76928640	  0.99	         18.49亿	辽宁	4.64	4.67	77890	86907	  0.90	4.62	602	 -2.58	
000997	新 大 陆	-0.28	0.00	软件服务	2191	17.45	--  	17.55	207602	741	          2.07	3.87	18.13	17.54	0.470㈢	    28.66	369630432	  1.09	        176.18亿	福建	17.76	17.80	106760	100841	  1.06	17.54	41	 -2.65	
002451	摩恩电气	-0.29	-0.28	电气设备	1391	13.80	--  	13.96	355916	5981	          8.55	3.57	14.30	13.95	0.014㈢	   768.56	500649344	  0.76	         58.09亿	上海	14.20	14.07	185791	170125	  1.09	13.95	1274	 -2.65	
600633	浙数文化	-0.36	0.37	互联网	93	10.80	--  	10.96	469420	3127	          3.64	4.45	11.29	10.96	0.307㈢	    26.78	516272960	  1.18	        141.41亿	浙江	11.09	11.00	263268	206152	  1.28	10.95	661	 -1.49	
002705	新宝股份	-0.38	0.00	家用电器	126	10.58	--  	10.61	55201	1229	          0.69	4.42	11.05	10.60	0.447㈢	    17.79	59557976	  1.80	         84.39亿	广东	10.66	10.79	24289	30912	  0.79	10.60	560	 -2.74	
002339	积成电子	-0.48	0.00	电气设备	1120	8.24	--  	8.32	132384	2606	          4.01	3.23	8.51	8.31	0.092㈢	    67.42	110718440	  0.92	         27.43亿	山东	8.34	8.36	73608	58776	  1.25	8.31	180	 -2.84	
000609	中迪投资	-0.49	0.67	区域地产	382	5.98	--  	6.05	147999	2317	          5.07	4.28	6.24	6.05	-0.021㈢	--  	90258328	  0.90	         17.67亿	北京	6.11	6.10	86505	61493	  1.41	6.04	269	 -2.86	
002491	通鼎互联	-0.50	0.00	通信设备	787	9.95	--  	10.00	534375	5163	          4.54	3.98	10.35	9.99	0.372㈢	    20.13	541207424	  1.04	        117.46亿	江苏	10.25	10.13	297597	236778	  1.26	9.99	1558	 -2.86	
000603	盛达矿业	-0.54	0.18	铅锌	608	11.09	--  	11.13	148533	1061	          3.78	3.13	11.44	11.13	0.367㈢	    22.77	166665760	  1.09	         43.77亿	北京	11.20	11.22	84298	64234	  1.31	11.12	671	 -2.90	
300440	运达科技	-0.55	0.41	软件服务	852	7.21	--  	7.30	121430	522	          2.72	4.50	7.54	7.29	0.132㈢	    41.52	89219112	  1.23	         32.50亿	四川	7.35	7.35	70113	51316	  1.37	7.29	43	 -2.91	
300054	鼎龙股份	-0.56	-0.55	化工原料	788	8.90	--  	8.91	222743	1691	          3.26	4.92	9.34	8.90	0.239㈢	    27.91	203233808	  1.08	         60.89亿	湖北	9.00	9.12	126710	96033	  1.32	8.90	5	 -2.92	
300073	当升科技	-0.68	0.00	矿物制品	30	31.57	--  	31.96	223138	1753	          6.31	4.07	32.88	31.95	0.500㈢	    50.97	715508032	  1.24	        113.05亿	北京	32.40	32.07	116806	106331	  1.10	31.95	545	 -3.05	
002709	天赐材料	-0.70	0.15	化工原料	471	33.48	--  	34.04	101835	618	          3.01	6.16	35.59	34.04	1.392㈢	    18.34	348727808	  1.00	        115.30亿	广东	34.20	34.24	53814	48020	  1.12	34.03	27	 -3.06	
300014	亿纬锂能	-0.72	-0.08	电气设备	481	21.61	--  	22.05	342866	1759	          4.19	4.86	22.69	22.04	0.443㈢	    37.34	758297600	  1.09	        180.56亿	广东	22.28	22.12	182681	160185	  1.14	22.04	284	 -3.09	
600599	熊猫金控	-0.75	0.14	多元金融	520	13.80	--  	14.50	130849	1154	          7.88	11.37	15.46	14.49	-0.159㈢	--  	191493920	  1.28	         24.05亿	湖南	14.10	14.63	67128	63721	  1.05	14.49	240	 -1.88	
002095	生 意 宝	-0.75	-0.20	互联网	830	28.50	--  	28.95	156765	1364	          6.23	6.86	30.50	28.93	0.125㈢	   173.59	460006688	  1.07	         72.80亿	浙江	29.30	29.34	80956	75809	  1.07	28.93	20	 -3.12	
002129	中环股份	-0.91	-0.19	半导体	516	9.69	--  	9.79	900170	7382	          3.40	3.95	10.08	9.78	0.160㈢	    47.98	889187776	  0.81	        258.61亿	天津	9.93	9.88	491241	408929	  1.20	9.78	4010	 -3.28	
000027	深圳能源	-0.93	0.16	火力发电	2018	6.32	--  	6.39	323144	2443	          0.82	3.11	6.52	6.38	0.152㈢	    31.41	207138576	  1.03	        252.93亿	深圳	6.44	6.41	188209	134934	  1.39	6.38	884	 -3.30	
300226	上海钢联	-1.02	-0.50	互联网	1	77.00	--  	78.00	59940	662	          3.95	6.33	81.99	78.00	0.608㈢	    96.22	475427584	  0.89	        118.37亿	上海	78.09	79.32	31447	28492	  1.10	77.99	1140	 -3.38	
600305	恒顺醋业	-1.30	0.75	食品	70	11.95	--  	12.15	315108	2909	          4.02	4.22	12.47	12.15	0.279㈢	    32.71	385578144	  1.01	         95.20亿	江苏	12.25	12.24	172539	142568	  1.21	12.14	1836	 -2.42	
002555	三七互娱	-3.21	0.44	互联网	214	13.38	--  	13.56	253854	1213	          1.59	6.43	14.28	13.55	0.573㈢	    17.72	351533856	  1.27	        215.75亿	安徽	14.14	13.85	139804	114050	  1.23	13.55	20	 -5.58	
数据来源:通达信
