代码	名称	涨幅%%	涨速%%	细分行业	买量	最低	未匹配量	卖价	总量	现量	换手%%	振幅%%	最高	现价	每股收益	市盈(动)	总金额	量比	流通市值	地区	今开	均价	内盘	外盘	内外比	买价	卖量	强弱度%%	
300198	纳川股份	10.06	3.05	塑料	19520	3.37	--  	--  	1084356	74733	         14.49	10.36	3.72	3.72	0.006㈢	   503.87	389107936	  1.89	         27.84亿	福建	3.45	3.59	577814	506542	  1.14	3.72	0	  7.69	
300491	通合科技	10.02	0.00	电气设备	18745	16.56	--  	--  	69985	67	         12.23	10.02	18.22	18.22	0.022㈢	   611.71	123142280	  1.53	         10.43亿	河北	16.56	17.60	31341	38644	  0.81	18.22	0	  7.66	
002190	成飞集成	9.99	0.00	汽车配件	4364	18.85	--  	--  	240775	1497	          6.98	12.42	21.25	21.25	-0.278㈢	--  	481463296	  2.16	         73.35亿	四川	19.08	20.00	110469	130306	  0.85	21.25	0	  7.63	
601608	中信重工	9.98	0.00	专用机械	99886	4.40	--  	--  	1583529	2889	          3.65	7.89	4.74	4.74	0.020㈢	   218.01	736953472	  2.05	        205.69亿	河南	4.54	4.65	841305	742224	  1.13	4.74	0	  8.86	
600094	大名城	9.96	0.00	区域地产	45657	5.38	--  	--  	198771	35	          0.87	2.79	5.52	5.52	0.022㈢	   184.21	109139920	  0.92	        125.67亿	上海	5.39	5.49	136609	62162	  2.20	5.52	0	  8.84	
002519	银河电子	9.93	0.00	通信设备	56737	4.23	--  	--  	789252	522	          9.49	4.96	4.43	4.43	0.117㈢	    28.38	346985280	  2.12	         36.84亿	江苏	4.31	4.40	567976	221275	  2.57	4.43	0	  7.56	
002050	三花智控	7.89	0.25	机械基件	339	14.77	--  	15.88	530506	3987	          2.85	9.59	16.18	15.87	0.480㈢	    24.78	840645248	  3.44	        295.30亿	浙江	14.77	15.85	295460	235046	  1.26	15.87	761	  5.52	
002441	众业达	6.99	-0.11	批发业	445	7.91	--  	8.58	254829	2609	          6.49	9.74	8.69	8.57	0.343㈢	    18.74	210175280	  2.06	         33.66亿	广东	7.99	8.25	120786	134043	  0.90	8.57	234	  4.63	
601689	拓普集团	6.58	0.91	汽车配件	453	18.94	--  	19.91	170850	1433	          6.98	7.76	20.39	19.91	0.848㈢	    17.60	337271840	  1.56	         48.71亿	浙江	18.94	19.74	88855	81994	  1.08	19.90	156	  5.46	
002224	三 力 士	5.66	0.28	橡胶	3169	6.88	--  	7.10	744112	3214	         15.77	7.45	7.38	7.09	0.140㈢	    37.71	530535456	  3.88	         33.45亿	浙江	6.90	7.13	315909	428203	  0.74	7.09	1207	  3.30	
002276	万马股份	5.38	0.28	电气设备	604	6.80	--  	7.05	521439	3308	          5.04	6.58	7.24	7.05	0.065㈢	    81.78	367656736	  1.50	         72.90亿	浙江	6.80	7.05	275529	245909	  1.12	7.04	1060	  3.02	
600459	贵研铂业	4.97	-0.05	小金属	256	14.81	--  	15.64	429574	3675	         12.66	10.48	16.37	15.63	0.354㈢	    33.11	668158336	  1.90	         53.03亿	云南	15.20	15.55	204033	225540	  0.90	15.63	284	  3.85	
002076	雪 莱 特	4.84	0.82	家用电器	1785	3.51	--  	3.69	421045	9719	          9.45	5.41	3.70	3.68	-0.071㈢	--  	151757472	  1.52	         16.39亿	广东	3.53	3.60	159926	261118	  0.61	3.68	4841	  2.48	
002249	大洋电机	4.65	-0.20	电气设备	2961	4.47	--  	4.74	689358	7720	          3.01	8.41	4.85	4.73	0.061㈢	    58.14	320687552	  1.28	        108.49亿	广东	4.55	4.65	316184	373174	  0.85	4.73	2569	  2.28	
600718	东软集团	4.22	0.08	软件服务	301	12.17	--  	12.60	451298	1377	          3.63	6.53	12.96	12.60	0.100㈢	    94.27	569866368	  1.48	        156.54亿	辽宁	12.51	12.63	213783	237514	  0.90	12.59	952	  3.10	
600885	宏发股份	4.15	1.24	电气设备	18	25.59	--  	26.84	67908	367	          0.91	5.47	27.00	26.84	0.790㈢	    25.48	180707024	  1.39	        199.89亿	湖北	25.81	26.61	31601	36306	  0.87	26.83	14	  3.03	
300598	诚迈科技	4.12	0.29	软件服务	377	23.66	--  	24.51	46227	743	          9.56	3.61	24.51	24.51	0.123㈢	   149.90	111793960	  1.21	         11.85亿	江苏	23.70	24.18	22048	24178	  0.91	24.50	10	  1.76	
002733	雄韬股份	4.10	0.16	电气设备	291	23.01	--  	24.63	312749	3485	          9.56	9.04	25.15	24.63	0.205㈢	    90.01	763062656	  0.76	         80.60亿	深圳	23.60	24.40	144307	168441	  0.86	24.62	48	  1.74	
300520	科大国创	3.75	0.73	软件服务	2387	18.78	--  	19.38	122175	4367	         10.85	3.16	19.37	19.37	0.100㈢	   174.83	233626832	  1.14	         21.82亿	安徽	18.92	19.12	56589	65585	  0.86	19.37	127	  1.38	
002184	海得控制	3.64	-0.35	软件服务	652	10.76	--  	11.10	147232	1948	         10.84	8.68	11.69	11.10	-0.203㈢	--  	164658560	  1.45	         15.08亿	上海	10.76	11.18	67397	79834	  0.84	11.09	37	  1.28	
300228	富瑞特装	3.43	0.32	化工机械	1605	6.15	--  	6.33	385190	5211	          9.49	6.54	6.55	6.33	-0.084㈢	--  	243682208	  1.17	         25.71亿	江苏	6.18	6.33	178022	207168	  0.86	6.32	668	  1.07	
002055	得润电子	3.42	0.00	元器件	303	13.43	--  	13.92	197128	1607	          4.63	7.88	14.49	13.91	0.182㈢	    57.19	274360416	  1.31	         59.24亿	深圳	13.45	13.92	93460	103667	  0.90	13.91	357	  1.06	
000981	银亿股份	3.37	0.27	汽车配件	390	3.50	--  	3.69	999746	14216	          3.88	7.87	3.78	3.68	0.212㈢	    13.03	364648736	  1.05	         94.73亿	甘肃	3.53	3.65	443044	556702	  0.80	3.68	3964	  1.01	
002611	东方精工	3.24	0.49	轻工机械	1099	4.03	--  	4.15	543784	4114	          4.90	4.24	4.20	4.14	0.188㈢	    16.50	225013920	  0.92	         45.99亿	广东	4.03	4.14	241421	302362	  0.80	4.14	5235	  0.88	
000868	安凯客车	3.07	0.25	汽车整车	2228	3.85	--  	4.03	483212	2992	          6.95	8.44	4.18	4.03	-0.360㈢	--  	194116640	  1.23	         28.03亿	安徽	3.86	4.02	257269	225943	  1.14	4.02	1768	  0.70	
000839	中信国安	3.03	0.00	综合类	9508	4.66	--  	4.76	1839058	22573	          4.69	6.06	4.94	4.76	0.001㈢	  2570.12	880746560	  0.93	        186.54亿	北京	4.76	4.79	916047	923010	  0.99	4.75	53	  0.67	
600678	四川金顶	2.95	0.14	水泥	238	7.06	--  	7.34	706928	6711	         20.26	8.71	7.68	7.33	0.089㈢	    61.82	519278976	  2.34	         25.58亿	四川	7.16	7.35	337788	369139	  0.92	7.33	2372	  1.83	
300001	特锐德	2.80	-0.23	电气设备	268	24.18	--  	24.57	242963	1899	          2.63	6.49	25.73	24.57	0.144㈢	   127.96	605742912	  1.49	        227.20亿	山东	24.20	24.93	118675	124288	  0.95	24.56	80	  0.44	
300325	德威新材	2.76	0.25	塑料	1266	3.96	--  	4.09	567766	7028	          7.14	5.28	4.17	4.09	0.025㈢	   122.78	230341776	  0.95	         32.51亿	江苏	4.01	4.06	270015	297750	  0.91	4.08	4648	  0.40	
300648	星云股份	2.73	0.05	电器仪表	36	18.65	--  	19.20	47155	374	          7.85	4.39	19.47	19.20	0.250㈢	    79.48	90124792	  1.24	         11.53亿	福建	18.65	19.11	24011	23143	  1.04	19.19	208	  0.36	
300750	宁德时代	2.62	0.13	电气设备	19	90.73	--  	92.39	140369	723	          6.46	4.92	95.16	92.39	1.170㈢	    63.95	1306102144	  1.33	        200.71亿	福建	91.50	93.05	68447	71922	  0.95	92.38	117	  0.26	
600525	长园集团	2.62	0.14	电气设备	4221	6.91	--  	7.07	1272460	8316	          9.74	4.80	7.24	7.06	0.980㈢	     5.49	900597120	  0.81	         92.19亿	深圳	6.95	7.08	677358	595101	  1.14	7.06	2707	  1.49	
002074	国轩高科	2.57	0.23	电气设备	390	17.10	--  	17.53	409963	3262	          4.07	6.14	18.15	17.53	0.580㈢	    22.68	726047040	  1.46	        176.75亿	江苏	17.16	17.71	180859	229103	  0.79	17.52	1093	  0.21	
002418	康盛股份	2.42	0.24	机械基件	1246	4.06	--  	4.25	820812	9075	          8.18	9.18	4.44	4.24	-0.008㈢	--  	347508224	  1.03	         42.55亿	浙江	4.15	4.23	387189	433623	  0.89	4.24	4492	  0.05	
300124	汇川技术	2.38	-0.54	电器仪表	49	26.90	--  	27.14	233573	1143	          1.72	2.94	27.68	27.13	0.477㈢	    42.64	638637056	  1.51	        367.60亿	深圳	27.05	27.34	120240	113332	  1.06	27.13	6	  0.01	
600165	新日恒力	2.34	0.57	钢加工	1044	5.10	--  	5.25	463818	17666	          6.77	3.90	5.30	5.25	0.000㈢	  8194.26	240864224	  0.99	         35.96亿	宁夏	5.14	5.19	232332	231486	  1.00	5.24	6031	  1.22	
002340	格林美	2.33	0.21	小金属	4800	4.76	--  	4.84	1471553	11587	          3.89	4.03	4.95	4.83	0.130㈢	    29.04	715116992	  1.15	        182.75亿	深圳	4.76	4.86	721628	749925	  0.96	4.83	4130	 -0.03	
000733	振华科技	2.30	-0.57	元器件	264	13.51	--  	13.78	137533	402	          2.93	3.57	13.99	13.77	0.450㈢	    25.15	189159872	  1.27	         64.63亿	贵州	13.56	13.75	64779	72754	  0.89	13.77	5	 -0.06	
300274	阳光电源	2.27	0.26	电气设备	742	11.39	--  	11.71	544826	8550	          5.11	5.41	12.01	11.71	0.420㈢	    21.10	638033984	  0.97	        124.82亿	安徽	11.51	11.71	283710	261115	  1.09	11.70	1632	 -0.09	
300161	华中数控	2.08	-0.06	机床制造	443	13.33	--  	13.72	58701	616	          3.50	4.09	13.88	13.72	-0.342㈢	--  	80041328	  1.14	         23.04亿	湖北	13.51	13.64	26147	32553	  0.80	13.71	15	 -0.28	
600733	北汽蓝谷	2.03	0.22	汽车整车	553	8.74	--  	9.03	428157	4013	         10.79	5.42	9.22	9.03	0.050㈢	   178.56	382883424	  1.31	         35.84亿	北京	8.89	8.94	218137	210020	  1.04	9.02	666	  0.91	
002239	奥特佳	2.01	0.40	汽车配件	10793	2.48	--  	2.54	925626	8195	          3.06	5.62	2.62	2.54	0.136㈢	    13.98	235839504	  0.93	         76.85亿	江苏	2.50	2.55	430239	495386	  0.87	2.53	4033	 -0.36	
600741	华域汽车	1.98	0.19	汽车配件	533	20.78	--  	21.13	251819	732	          0.80	4.49	21.71	21.13	2.019㈢	     7.85	536521376	  2.08	        666.17亿	上海	20.78	21.31	124180	127638	  0.97	21.12	32	  0.86	
300484	蓝海华腾	1.96	0.24	电气设备	852	12.25	--  	12.47	86694	583	          9.25	3.84	12.72	12.47	0.067㈢	   139.13	108247120	  1.27	         11.69亿	深圳	12.29	12.49	45897	40796	  1.13	12.46	622	 -0.40	
002851	麦格米特	1.96	-0.02	电气设备	18	28.80	--  	29.15	59720	726	          4.71	5.70	30.43	29.15	0.450㈢	    55.83	176590608	  1.64	         36.95亿	深圳	29.05	29.57	31306	28414	  1.10	29.10	11	 -0.41	
603677	奇精机械	1.96	1.04	机械基件	103	14.29	--  	14.61	34017	905	          5.96	3.14	14.74	14.60	0.266㈢	    41.22	49314492	  1.20	          8.34亿	浙江	14.36	14.50	17372	16645	  1.04	14.60	134	  0.83	
002824	和胜股份	1.95	0.19	铝	165	10.24	--  	10.45	23927	400	          3.24	5.27	10.78	10.45	0.141㈢	    55.42	25103882	  0.82	          7.73亿	广东	10.24	10.49	11300	12627	  0.89	10.44	502	 -0.41	
603305	旭升股份	1.92	0.14	汽车配件	4	34.20	--  	34.55	60181	467	          9.51	8.23	36.99	34.55	0.574㈢	    45.14	213161344	  1.02	         21.86亿	浙江	35.68	35.42	33514	26666	  1.26	34.53	12	  0.80	
603997	继峰股份	1.90	0.12	汽车配件	64	8.44	--  	8.60	59032	1515	          0.94	2.14	8.62	8.59	0.370㈢	    17.72	50437712	  1.18	         54.12亿	浙江	8.45	8.54	31558	27473	  1.15	8.59	1426	  0.78	
002617	露笑科技	1.87	0.23	电气设备	4887	4.25	--  	4.36	572989	4459	          5.47	5.85	4.50	4.35	0.148㈢	    22.09	251374144	  1.08	         45.53亿	浙江	4.28	4.39	292446	280543	  1.04	4.35	2714	 -0.49	
002454	松芝股份	1.84	0.00	汽车配件	232	4.91	--  	4.99	146983	1059	          2.35	3.07	5.06	4.98	0.105㈢	    35.72	73384280	  1.14	         31.16亿	上海	4.92	4.99	61696	85286	  0.72	4.98	644	 -0.52	
300748	金力永磁	1.83	0.82	元器件	1034	26.10	--  	27.21	131721	2487	         31.66	6.44	27.82	27.20	0.390㈣	    76.40	353569536	  0.99	         11.32亿	江西	26.62	26.84	66555	65166	  1.02	27.20	10	 -0.53	
002860	星帅尔	1.82	0.23	电气设备	90	21.31	--  	21.82	59467	330	         12.57	5.46	22.48	21.82	0.670㈢	    25.08	129871832	  1.26	         10.32亿	浙江	21.66	21.84	29811	29655	  1.01	21.80	84	 -0.54	
002176	江特电机	1.77	0.35	电气设备	1930	5.65	--  	5.76	643048	8135	          4.38	4.07	5.88	5.75	0.200㈢	    24.73	371816832	  1.11	         84.43亿	江西	5.68	5.78	318805	324243	  0.98	5.75	1546	 -0.59	
300207	欣旺达	1.75	-0.50	元器件	313	11.40	--  	11.60	167267	713	          1.47	4.82	11.95	11.60	0.300㈢	    31.38	196348608	  1.16	        132.14亿	深圳	11.60	11.74	75403	91864	  0.82	11.59	525	 -0.61	
002472	双环传动	1.72	0.14	机械基件	561	6.96	--  	7.10	192877	2121	          3.51	4.01	7.24	7.10	0.280㈢	    19.22	137111936	  0.90	         39.06亿	浙江	7.06	7.11	89791	103085	  0.87	7.09	2917	 -0.65	
300153	科泰电源	1.67	0.59	电气设备	380	8.33	--  	8.52	159385	1262	          4.99	5.02	8.75	8.51	0.055㈢	   116.03	135150784	  1.26	         27.20亿	上海	8.43	8.48	83087	76298	  1.09	8.51	724	 -0.69	
300644	南京聚隆	1.65	0.13	塑料	50	30.82	--  	31.50	26323	595	          7.85	2.84	31.70	31.50	0.240㈢	   103.18	82441840	  1.12	         10.56亿	江苏	31.11	31.32	12309	14013	  0.88	31.49	85	 -0.72	
600335	国机汽车	1.59	0.13	汽车配件	640	7.53	--  	7.66	252384	2723	          2.45	4.12	7.84	7.65	0.475㈢	    12.09	193977168	  1.02	         78.77亿	天津	7.58	7.69	125211	127173	  0.98	7.65	267	  0.47	
000980	众泰汽车	1.56	0.39	汽车配件	916	5.10	--  	5.22	432085	3486	          3.47	5.07	5.36	5.21	0.205㈢	    19.08	225986752	  1.26	         64.91亿	安徽	5.11	5.23	213526	218558	  0.98	5.21	684	 -0.81	
002664	长鹰信质	1.56	0.44	汽车配件	1689	13.42	--  	13.72	133159	672	          3.80	4.22	13.99	13.71	0.497㈢	    20.68	182808384	  1.13	         47.98亿	浙江	13.55	13.73	69471	63687	  1.09	13.71	294	 -0.81	
002632	道明光学	1.53	0.23	化工原料	1123	8.50	--  	8.64	127516	881	          2.23	3.88	8.83	8.63	0.267㈢	    24.28	110474152	  1.42	         49.34亿	浙江	8.52	8.66	64943	62573	  1.04	8.63	147	 -0.84	
600875	东方电气	1.53	0.81	电气设备	20	9.83	--  	9.97	246516	2319	          1.23	3.16	10.14	9.97	0.291㈢	    25.67	246571072	  1.17	        199.09亿	四川	9.86	10.00	127214	119302	  1.07	9.96	887	  0.41	
600139	西部资源	1.52	0.25	汽车整车	1870	3.94	--  	4.00	233497	4978	          3.53	3.55	4.08	4.00	-0.055㈢	--  	93825208	  0.92	         26.48亿	四川	3.95	4.02	110058	123438	  0.89	3.99	436	  0.40	
300115	长盈精密	1.49	-0.25	元器件	519	11.30	--  	11.55	361440	2291	          3.99	5.10	11.88	11.55	0.195㈢	    44.52	419584704	  0.96	        104.60亿	深圳	11.55	11.61	180789	180651	  1.00	11.54	697	 -0.87	
300681	英搏尔	1.48	0.00	元器件	2	35.19	--  	35.56	12728	53	          6.73	2.97	36.23	35.56	0.718㈢	    37.16	45178744	  1.04	          6.72亿	广东	35.22	35.50	5798	6930	  0.84	35.55	37	 -0.88	
600846	同济科技	1.44	0.24	综合类	899	8.38	--  	8.47	310271	2734	          4.97	3.36	8.66	8.46	0.235㈢	    26.98	263508752	  0.88	         52.85亿	上海	8.40	8.49	152402	157868	  0.97	8.46	557	  0.32	
000795	英洛华	1.41	0.00	矿物制品	3476	4.25	--  	4.32	248312	2436	          2.80	3.29	4.39	4.31	0.060㈢	    53.49	107358744	  0.94	         38.20亿	山西	4.26	4.32	114407	133905	  0.85	4.31	1766	 -0.95	
000413	东旭光电	1.40	0.17	元器件	11896	5.71	--  	5.80	2587803	43325	          5.32	4.55	5.97	5.80	0.230㈢	    18.95	1507967232	  1.04	        282.12亿	河北	5.77	5.83	1333941	1253862	  1.06	5.79	2017	 -0.97	
300742	越博动力	1.38	0.23	汽车配件	60	42.80	--  	43.46	22089	323	         11.25	2.52	43.88	43.45	0.330㈢	   113.54	95997632	  1.01	          8.53亿	江苏	42.86	43.46	9551	12538	  0.76	43.45	11	 -0.99	
000009	中国宝安	1.33	0.19	综合类	717	5.31	--  	5.36	676081	3165	          3.19	5.11	5.58	5.35	0.046㈢	    87.46	368026592	  1.39	        113.41亿	深圳	5.45	5.44	349016	327064	  1.07	5.35	2673	 -1.04	
000559	万向钱潮	1.29	0.16	汽车配件	364	6.17	--  	6.26	224002	2104	          0.81	3.40	6.38	6.26	0.211㈢	    22.29	140905456	  1.27	        172.35亿	浙江	6.25	6.29	111117	112885	  0.98	6.25	612	 -1.07	
300731	科创新源	1.28	0.08	橡胶	129	25.99	--  	26.14	32243	769	          5.49	2.75	26.70	26.14	0.460㈢	    43.13	84920512	  0.97	         15.35亿	深圳	26.00	26.34	14983	17259	  0.87	26.13	13	 -1.09	
002782	可立克	1.28	0.45	电气设备	777	13.38	--  	13.51	133528	907	          3.13	4.20	13.94	13.50	0.180㈢	    56.32	182038384	  1.19	         57.51亿	深圳	13.88	13.63	67890	65638	  1.03	13.50	61	 -1.09	
002334	英威腾	1.27	0.00	电气设备	589	5.47	--  	5.59	194426	1312	          3.36	3.63	5.67	5.58	0.247㈢	    16.94	108384176	  1.11	         32.31亿	深圳	5.54	5.57	100253	94173	  1.06	5.58	821	 -1.09	
000791	甘肃电投	1.22	0.00	水力发电	143	5.72	--  	5.81	204125	2699	          2.10	3.32	5.91	5.80	0.508㈢	     8.56	118771816	  0.93	         56.32亿	甘肃	5.76	5.82	106436	97688	  1.09	5.80	621	 -1.14	
002091	江苏国泰	1.22	-0.29	商贸代理	1270	6.56	--  	6.64	257724	3010	          2.65	5.50	6.92	6.63	0.469㈢	    10.61	173225776	  1.22	         64.46亿	江苏	6.56	6.72	126419	131304	  0.96	6.63	884	 -1.14	
002540	亚太科技	1.14	0.19	铝	395	5.27	--  	5.34	87054	1000	          0.97	2.46	5.40	5.34	0.228㈢	    17.57	46511420	  1.03	         47.79亿	江苏	5.35	5.34	39980	47073	  0.85	5.33	396	 -1.23	
000601	韶能股份	1.12	0.22	水力发电	546	4.45	--  	4.51	127069	311	          1.18	3.60	4.61	4.50	0.249㈢	    13.57	57682184	  1.19	         48.59亿	广东	4.45	4.54	60260	66809	  0.90	4.50	281	 -1.24	
002089	新 海 宜	1.12	0.00	通信设备	2830	5.35	--  	5.42	901417	6831	          9.63	4.10	5.57	5.42	0.078㈢	    52.09	492252096	  0.78	         50.75亿	江苏	5.41	5.46	490545	410871	  1.19	5.41	935	 -1.25	
600522	中天科技	1.10	0.10	通信设备	3118	10.02	--  	10.08	1095327	9757	          3.57	2.81	10.30	10.08	0.533㈢	    14.19	1115324032	  1.10	        309.06亿	江苏	10.09	10.18	551215	544112	  1.01	10.07	1374	 -0.02	
601777	力帆股份	1.10	0.44	摩托车	6	4.54	--  	4.60	251894	900	          1.99	3.30	4.69	4.60	0.100㈢	    33.81	116348392	  0.94	         58.15亿	重庆	4.56	4.62	134676	117217	  1.15	4.59	1906	 -0.02	
000893	*ST东凌	1.07	0.00	食品	200	4.69	--  	4.74	35494	93	          0.89	3.84	4.87	4.74	0.004㈢	   829.83	16989760	  0.99	         19.00亿	广东	4.69	4.79	19014	16480	  1.15	4.73	390	 -1.30	
603922	金鸿顺	1.07	0.17	汽车配件	42	17.83	--  	18.02	16625	132	          5.20	2.36	18.25	18.02	0.376㈢	    35.97	30002198	  0.96	          5.77亿	江苏	17.83	18.05	7830	8795	  0.89	18.00	116	 -0.06	
300048	合康新能	1.06	0.00	电气设备	199	2.83	--  	2.87	280173	2338	          2.78	3.18	2.92	2.86	0.019㈢	   113.90	80522632	  1.04	         28.80亿	北京	2.85	2.87	135781	144391	  0.94	2.86	1506	 -1.30	
600549	厦门钨业	1.05	0.07	小金属	615	14.30	--  	14.45	306556	1629	          2.18	3.01	14.73	14.44	0.318㈢	    34.02	446036800	  1.03	        203.03亿	福建	14.42	14.55	147604	158951	  0.93	14.44	599	 -0.07	
601965	中国汽研	1.02	0.38	汽车服务	65	7.87	--  	7.94	53041	383	          0.55	2.29	8.05	7.93	0.266㈢	    22.40	42113604	  0.95	         76.22亿	重庆	7.87	7.94	31469	21571	  1.46	7.93	123	 -0.10	
601311	骆驼股份	1.01	0.10	电气设备	414	9.95	--  	10.02	224861	1858	          2.65	3.43	10.29	10.02	0.446㈢	    16.85	227599920	  1.20	         85.01亿	湖北	10.00	10.12	123679	101182	  1.22	10.01	479	 -0.11	
002452	长高集团	0.97	0.00	电气设备	747	4.12	--  	4.18	82887	227	          2.07	2.91	4.24	4.17	-0.063㈢	--  	34695124	  1.03	         16.72亿	湖南	4.13	4.19	38432	44455	  0.86	4.17	1704	 -1.40	
603767	中马传动	0.94	-0.25	汽车配件	230	7.40	--  	7.56	68644	818	          7.25	3.48	7.66	7.55	0.164㈢	    34.44	51670544	  1.28	          7.15亿	浙江	7.50	7.53	36492	32152	  1.13	7.55	350	 -0.19	
300258	精锻科技	0.93	0.39	汽车配件	30	12.86	--  	13.03	45356	231	          1.21	2.94	13.24	13.03	0.566㈢	    17.26	59128648	  2.30	         49.04亿	江苏	12.97	13.04	31381	13974	  2.25	13.01	24	 -1.43	
600409	三友化工	0.89	0.30	化工原料	933	6.73	--  	6.79	575112	4606	          2.82	3.27	6.95	6.79	0.748㈢	     6.81	393357792	  1.25	        138.33亿	河北	6.77	6.84	298131	276980	  1.08	6.78	721	 -0.23	
002363	隆基机械	0.85	0.00	汽车配件	134	5.87	--  	5.93	95731	818	          2.30	3.07	6.05	5.92	0.181㈢	    24.57	56824424	  1.28	         24.61亿	山东	5.89	5.94	52532	43199	  1.22	5.92	844	 -1.51	
600074	*ST保千	0.83	0.00	电脑设备	16722	1.19	--  	1.22	235350	2935	          2.29	4.13	1.24	1.22	-0.150㈢	--  	28674538	  0.85	         12.52亿	江苏	1.21	1.22	114878	120471	  0.95	1.21	3968	 -0.30	
600487	亨通光电	0.83	0.14	通信设备	2808	21.87	--  	21.99	807769	4202	          4.34	3.58	22.65	21.98	1.107㈢	    14.89	1802769536	  1.15	        408.90亿	江苏	22.43	22.32	413474	394295	  1.05	21.98	561	 -0.30	
300473	德尔股份	0.82	0.45	汽车配件	7	37.50	--  	38.09	12706	119	          1.26	2.25	38.35	38.09	1.460㈢	    20.14	48289572	  1.10	         38.56亿	辽宁	37.86	38.00	6475	6231	  1.04	38.08	77	 -1.54	
300585	奥联电子	0.80	0.00	汽车配件	719	9.96	--  	10.05	60645	719	          7.24	2.41	10.20	10.04	0.213㈢	    35.36	61215720	  0.97	          8.40亿	江苏	9.99	10.09	32321	28324	  1.14	10.04	127	 -1.56	
300375	鹏翎股份	0.79	0.79	汽车配件	30	6.24	--  	6.36	71240	2000	          2.75	4.12	6.50	6.36	0.230㈢	    20.72	45128496	  1.08	         16.47亿	天津	6.49	6.33	35206	36034	  0.98	6.35	126	 -1.57	
002823	凯中精密	0.78	0.17	机械基件	221	11.45	--  	11.56	44122	271	          4.41	2.44	11.73	11.56	0.427㈢	    20.30	51157952	  1.11	         11.55亿	深圳	11.50	11.59	23077	21044	  1.10	11.55	174	 -1.58	
002284	亚太股份	0.77	0.00	汽车配件	248	5.19	--  	5.24	127927	1395	          1.86	2.89	5.34	5.23	0.050㈢	    81.86	67205504	  0.78	         35.88亿	浙江	5.19	5.25	62039	65888	  0.94	5.23	926	 -1.59	
600175	美都能源	0.77	0.38	综合类	15993	2.56	--  	2.63	1840492	18720	          7.51	5.36	2.70	2.63	0.041㈢	    48.50	485301888	  0.86	         64.46亿	浙江	2.57	2.64	918419	922072	  1.00	2.62	21011	 -0.36	
300476	胜宏科技	0.76	0.15	元器件	528	13.14	--  	13.25	251611	1163	          3.31	3.12	13.55	13.24	0.416㈢	    23.87	336008832	  1.68	        100.57亿	广东	13.23	13.35	140284	111326	  1.26	13.24	32	 -1.60	
603358	华达科技	0.76	0.68	汽车配件	266	13.00	--  	13.30	57993	455	          4.21	6.36	13.84	13.30	0.579㈢	    17.23	77067296	  1.49	         18.31亿	江苏	13.21	13.29	33848	24144	  1.40	13.23	195	 -0.36	
600869	智慧能源	0.76	0.00	电气设备	1136	5.28	--  	5.32	225017	2019	          1.01	2.27	5.40	5.32	0.134㈢	    29.72	120244856	  0.90	        118.07亿	青海	5.30	5.34	111829	113188	  0.99	5.31	657	 -0.36	
600418	江淮汽车	0.75	0.19	汽车整车	228	5.30	--  	5.35	281582	3126	          1.49	2.83	5.45	5.34	0.025㈢	   158.54	151539984	  1.12	        101.10亿	安徽	5.32	5.38	133690	147892	  0.90	5.34	663	 -0.37	
600213	亚星客车	0.74	0.98	汽车整车	457	7.85	--  	8.22	203895	1148	          9.27	6.26	8.36	8.21	0.087㈢	    70.37	165175904	  1.82	         18.06亿	江苏	8.10	8.10	107774	96121	  1.12	8.21	15	 -0.39	
000762	西藏矿业	0.73	0.37	小金属	605	8.18	--  	8.25	151922	731	          3.19	3.18	8.44	8.24	-0.145㈢	--  	125942008	  0.84	         39.22亿	西藏	8.18	8.29	82671	69250	  1.19	8.24	1107	 -1.63	
002011	盾安环境	0.72	0.00	工程机械	1288	5.54	--  	5.60	419197	3251	          4.98	4.86	5.81	5.59	0.045㈢	    92.94	237375024	  0.79	         47.02亿	浙江	5.60	5.66	213516	205680	  1.04	5.59	3358	 -1.64	
600006	东风汽车	0.69	0.46	汽车整车	2809	4.33	--  	4.39	248475	4725	          1.24	3.22	4.47	4.38	0.207㈢	    15.88	109550024	  0.99	         87.60亿	湖北	4.37	4.41	142572	105903	  1.35	4.38	526	 -0.43	
002196	方正电机	0.68	0.51	纺织机械	311	5.88	--  	5.94	65935	722	          2.19	2.54	6.03	5.94	0.130㈢	    37.06	39308152	  1.00	         17.89亿	浙江	5.94	5.96	33615	32320	  1.04	5.93	25	 -1.69	
300582	英飞特	0.66	0.46	半导体	205	14.76	--  	15.17	120951	1886	         10.13	5.25	15.55	15.16	0.260㈢	    43.86	184039328	  0.71	         18.10亿	浙江	15.00	15.22	66556	54394	  1.22	15.16	120	 -1.70	
002389	航天彩虹	0.64	0.07	元器件	502	14.06	--  	14.24	165909	925	          2.45	3.46	14.55	14.24	0.088㈢	   121.73	236734544	  0.99	         96.35亿	浙江	14.18	14.27	84720	81188	  1.04	14.23	62	 -1.73	
002806	华锋股份	0.60	0.30	元器件	186	19.62	--  	20.05	98151	976	         17.01	4.22	20.46	20.04	0.170㈢	   114.51	196828672	  1.16	         11.56亿	广东	20.20	20.05	51714	46437	  1.11	20.04	78	 -1.76	
000887	中鼎股份	0.60	0.26	橡胶	20	11.61	--  	11.70	210846	1413	          1.73	3.18	11.98	11.70	0.860㈢	    10.20	249141168	  0.99	        142.57亿	安徽	11.86	11.82	119584	91261	  1.31	11.69	50	 -1.76	
603158	腾龙股份	0.57	0.38	汽车配件	55	15.52	--  	15.85	17058	171	          0.79	3.05	16.00	15.85	0.377㈢	    31.55	27010484	  1.37	         34.39亿	江苏	15.77	15.83	8321	8737	  0.95	15.83	146	 -0.55	
300100	双林股份	0.57	0.47	汽车服务	886	10.50	--  	10.62	126508	684	          3.27	4.45	10.97	10.61	0.510㈢	    17.60	135901296	  0.99	         41.00亿	浙江	10.69	10.74	76611	49897	  1.54	10.61	10	 -1.80	
002660	茂硕电源	0.56	0.14	电气设备	152	7.01	--  	7.16	231557	1923	         10.96	8.29	7.60	7.16	0.027㈢	   202.49	167321552	  1.38	         15.13亿	深圳	7.14	7.23	124260	107296	  1.16	7.15	550	 -1.80	
600805	悦达投资	0.56	0.00	综合类	944	5.37	--  	5.41	182918	1521	          2.15	2.61	5.51	5.40	0.175㈢	    23.18	99363728	  1.26	         45.91亿	江苏	5.40	5.43	112712	70205	  1.61	5.40	256	 -0.56	
002708	光洋股份	0.54	0.22	汽车配件	284	9.21	--  	9.26	296177	5419	          7.96	4.89	9.66	9.25	0.047㈢	   146.16	278601824	  0.81	         34.44亿	江苏	9.46	9.41	148633	147543	  1.01	9.25	1955	 -1.82	
000970	中科三环	0.54	0.33	元器件	248	9.17	--  	9.26	304192	2149	          2.86	4.13	9.55	9.25	0.176㈢	    39.37	284636896	  1.14	         98.53亿	北京	9.22	9.36	158476	145715	  1.09	9.25	251	 -1.82	
300745	欣锐科技	0.50	0.26	汽车配件	129	37.75	--  	38.41	62506	895	         21.83	2.90	38.86	38.40	0.570㈢	    59.07	239269152	  1.25	         10.99亿	深圳	38.25	38.28	32031	30475	  1.05	38.40	61	 -1.87	
002610	爱康科技	0.50	0.50	电气设备	62883	2.01	--  	2.03	1767643	12820	          4.19	2.97	2.07	2.03	0.030㈢	    50.97	360206624	  0.84	         85.72亿	江苏	2.02	2.04	831242	936401	  0.89	2.02	16605	 -1.87	
600366	宁波韵升	0.49	0.33	电器仪表	1656	6.06	--  	6.12	314809	1169	          3.18	3.45	6.27	6.11	0.066㈢	    69.45	193889600	  1.03	         60.43亿	浙江	6.14	6.16	166468	148341	  1.12	6.11	1410	 -0.63	
600166	福田汽车	0.48	0.48	汽车整车	2581	2.10	--  	2.12	1073255	7700	          1.61	2.86	2.16	2.11	-0.254㈢	--  	228380176	  0.86	        140.74亿	北京	2.10	2.13	577261	495994	  1.16	2.11	16142	 -0.65	
002590	万安科技	0.47	0.71	汽车配件	657	8.21	--  	8.49	269541	2818	          6.20	5.45	8.67	8.48	0.161㈢	    39.40	228540288	  1.25	         36.84亿	浙江	8.28	8.48	132454	137087	  0.97	8.48	477	 -1.89	
600884	杉杉股份	0.45	0.19	综合类	1530	15.59	--  	15.77	362991	1665	          3.23	3.63	16.16	15.77	0.939㈢	    12.60	576018432	  1.22	        177.06亿	浙江	15.95	15.87	203310	159681	  1.27	15.76	336	 -0.68	
601238	广汽集团	0.41	0.25	汽车整车	699	12.05	--  	12.15	196563	938	          0.32	2.89	12.40	12.14	0.970㈢	     9.45	240402304	  1.16	        738.16亿	广东	12.21	12.23	111341	85221	  1.31	12.14	1333	 -0.71	
603766	隆鑫通用	0.40	0.40	摩托车	21	4.98	--  	5.03	249217	1892	          1.23	2.60	5.11	5.02	0.297㈢	    12.68	125958744	  1.08	        102.11亿	重庆	5.01	5.05	131254	117963	  1.11	5.02	1072	 -0.72	
000572	海马汽车	0.39	0.00	汽车整车	8523	2.51	--  	2.56	727364	4535	          4.43	5.88	2.66	2.56	-0.290㈢	--  	186735504	  1.07	         42.04亿	海南	2.54	2.57	389814	337550	  1.15	2.55	5087	 -1.97	
300219	鸿利智汇	0.37	0.25	元器件	482	8.02	--  	8.09	75288	569	          1.31	2.98	8.26	8.08	0.495㈢	    12.25	61298360	  0.91	         46.49亿	广东	8.12	8.14	41198	34090	  1.21	8.08	250	 -1.99	
300088	长信科技	0.35	-0.16	元器件	2190	5.71	--  	5.75	1229604	11174	          5.44	4.19	5.95	5.75	0.265㈢	    16.30	715721344	  1.13	        130.05亿	安徽	5.83	5.82	610503	619100	  0.99	5.74	923	 -2.02	
601127	小康股份	0.30	0.24	汽车配件	87	16.43	--  	16.60	41550	155	          1.88	2.24	16.80	16.59	0.060㈢	   237.62	69019032	  0.92	         36.64亿	重庆	16.80	16.61	19319	22231	  0.87	16.59	63	 -0.82	
002516	旷达科技	0.30	0.30	纺织	6457	3.31	--  	3.34	262058	686	          2.78	2.71	3.40	3.33	0.148㈢	    16.91	87649760	  1.22	         31.39亿	江苏	3.33	3.34	130492	131566	  0.99	3.33	2730	 -2.06	
300224	正海磁材	0.28	0.28	元器件	48	7.04	--  	7.16	88886	241	          1.21	3.78	7.31	7.16	0.070㈢	    76.54	63952544	  1.29	         52.70亿	山东	7.24	7.19	32124	56762	  0.57	7.15	146	 -2.08	
000922	佳电股份	0.25	-0.24	电气设备	79	7.75	--  	7.89	153655	977	          3.17	3.94	8.06	7.88	0.527㈢	    11.21	121919904	  1.39	         38.24亿	黑龙江	7.80	7.93	79256	74398	  1.07	7.88	162	 -2.11	
000957	中通客车	0.24	0.00	汽车整车	3547	8.08	--  	8.40	386558	4611	          6.52	7.76	8.73	8.40	0.057㈢	   110.88	324864608	  0.81	         49.80亿	山东	8.30	8.40	211849	174709	  1.21	8.39	193	 -2.13	
000625	长安汽车	0.23	0.11	汽车整车	371	8.71	--  	8.78	324513	2083	          0.86	3.54	9.02	8.77	0.242㈢	    27.16	287896576	  1.12	        329.83亿	重庆	8.75	8.87	159791	164721	  0.97	8.77	668	 -2.14	
600303	曙光股份	0.22	0.22	汽车整车	2365	4.45	--  	4.53	270150	3980	          4.35	3.55	4.61	4.52	-0.046㈢	--  	122238312	  0.92	         28.04亿	辽宁	4.53	4.52	144403	125747	  1.15	4.52	1658	 -0.90	
002662	京威股份	0.22	0.00	汽车配件	1335	4.51	--  	4.59	484768	5036	          3.32	4.80	4.73	4.59	0.519㈢	     6.64	223417760	  1.04	         66.97亿	北京	4.58	4.61	244647	240120	  1.02	4.58	1725	 -2.15	
300068	南都电源	0.19	0.32	电气设备	5067	15.39	--  	15.57	194629	7942	          3.13	1.55	15.63	15.56	0.500㈢	    23.61	301660960	  1.20	         96.64亿	浙江	15.53	15.50	92356	102272	  0.90	15.56	1299	 -2.17	
603178	圣龙股份	0.19	0.00	汽车配件	84	10.69	--  	10.70	20452	232	          4.01	2.44	10.95	10.69	0.213㈢	    37.65	22121698	  0.62	          5.45亿	浙江	10.77	10.82	11519	8933	  1.29	10.69	182	 -0.93	
300623	捷捷微电	0.16	0.00	半导体	177	30.55	--  	30.59	78629	875	         11.17	4.94	32.06	30.59	0.930㈣	    33.19	246772880	  1.24	         21.53亿	江苏	30.74	31.38	40218	38410	  1.05	30.58	33	 -2.20	
300040	九洲电气	0.16	0.32	电气设备	7	6.28	--  	6.34	117695	1188	          5.01	3.32	6.49	6.33	0.160㈢	    29.76	75281272	  0.97	         14.86亿	黑龙江	6.30	6.40	63768	53926	  1.18	6.33	141	 -2.21	
603009	北特科技	0.15	-0.14	汽车配件	618	6.66	--  	6.74	103969	983	          3.24	2.68	6.84	6.73	0.142㈢	    35.52	70316120	  1.22	         21.58亿	上海	6.76	6.76	56303	47665	  1.18	6.73	1074	 -0.97	
300221	银禧科技	0.14	0.29	塑料	267	6.88	--  	7.01	365127	2409	          8.62	5.15	7.24	7.00	0.061㈢	    86.60	257455136	  1.24	         29.64亿	广东	7.05	7.05	181735	183392	  0.99	7.00	580	 -2.22	
002686	亿利达	0.14	0.28	专用机械	201	7.13	--  	7.22	47037	343	          1.35	3.19	7.36	7.22	0.174㈢	    31.12	34190092	  1.23	         25.14亿	浙江	7.30	7.27	26474	20563	  1.29	7.21	220	 -2.23	
603319	湘油泵	0.13	0.09	汽车配件	10	23.05	--  	23.20	21061	327	          3.72	2.63	23.66	23.20	1.200㈣	    19.33	49131480	  0.95	         13.15亿	湖南	23.17	23.33	11558	9503	  1.22	23.19	16	 -0.99	
002529	海源复材	0.12	0.12	专用机械	821	7.98	--  	8.11	134521	1793	          6.73	3.96	8.30	8.10	0.024㈢	   255.60	109488784	  1.21	         16.20亿	福建	8.09	8.14	73183	61338	  1.19	8.10	181	 -2.24	
300547	川环科技	0.12	0.00	橡胶	524	24.81	--  	24.98	67856	514	         10.84	2.65	25.47	24.98	1.120㈢	    24.90	170797744	  0.71	         15.63亿	四川	25.10	25.17	36805	31051	  1.19	24.97	586	 -2.24	
002355	兴民智通	0.12	-0.46	汽车配件	515	8.26	--  	8.40	44714	1103	          1.15	3.46	8.55	8.40	0.087㈢	    72.68	37706736	  1.01	         32.77亿	山东	8.26	8.43	18508	26206	  0.71	8.39	6	 -2.25	
002407	多氟多	0.07	-0.12	化工原料	959	14.61	--  	14.80	344628	3901	          6.34	3.99	15.20	14.80	0.260㈢	    45.05	516213056	  0.86	         80.44亿	河南	14.92	14.98	180896	163731	  1.10	14.79	935	 -2.30	
600232	金鹰股份	0.00	0.18	纺织	724	5.68	--  	5.72	60629	225	          1.66	2.62	5.83	5.72	0.070㈢	    61.27	34859036	  0.95	         20.86亿	浙江	5.74	5.75	35817	24812	  1.44	5.71	846	 -1.12	
600081	东风科技	0.00	-0.10	汽车配件	385	8.83	--  	8.89	59005	305	          1.88	2.70	9.07	8.88	0.384㈢	    17.33	52727948	  1.19	         27.84亿	上海	8.88	8.94	31475	27529	  1.14	8.88	459	 -1.12	
002684	猛狮科技	0.00	0.15	电气设备	3853	6.74	--  	6.80	283060	3298	          7.01	4.12	7.02	6.79	-1.035㈢	--  	193894000	  1.01	         27.40亿	广东	6.84	6.85	142587	140472	  1.02	6.79	615	 -2.36	
002533	金杯电工	--  	--  	电气设备	0	--  	--  	--  	0	0	          0.00	0.00	--  	5.25	0.200㈢	    19.70	0	  0.00	         27.19亿	湖南	--  	5.25	0	0	--  	--  	0	 -2.36	
002179	中航光电	0.00	0.07	元器件	156	41.73	--  	41.78	74253	928	          0.95	4.45	43.59	41.77	0.890㈢	    35.54	316003488	  1.19	        326.84亿	河南	41.86	42.56	32563	41690	  0.78	41.77	693	 -2.36	
002131	利欧股份	0.00	0.54	互联网	34094	1.83	--  	1.85	3553535	54719	          9.15	4.32	1.91	1.85	0.050㈢	    33.50	664744320	  0.85	         71.85亿	浙江	1.85	1.87	1768987	1784548	  0.99	1.84	5868	 -2.36	
600390	五矿资本	-0.10	0.19	多元金融	1461	10.20	--  	10.33	299236	1785	          5.83	5.90	10.81	10.33	0.452㈢	    17.13	312095264	  0.72	         53.05亿	湖南	10.38	10.43	160849	138387	  1.16	10.32	93	 -1.22	
002126	银轮股份	-0.12	0.00	汽车配件	426	8.47	--  	8.51	197298	1009	          2.57	3.29	8.75	8.51	0.354㈢	    18.02	169496016	  1.56	         65.22亿	浙江	8.70	8.59	113713	83584	  1.36	8.50	52	 -2.48	
603012	创力集团	-0.12	0.12	专用机械	86	8.35	--  	8.48	93565	589	          1.47	2.71	8.58	8.47	0.243㈢	    26.17	79459800	  1.07	         53.92亿	上海	8.51	8.49	51820	41744	  1.24	8.47	60	 -1.24	
000049	德赛电池	-0.12	0.12	电气设备	31	33.59	--  	33.88	42337	166	          2.06	3.45	34.76	33.87	1.338㈢	    18.99	144952320	  0.97	         69.52亿	深圳	33.98	34.24	18911	23426	  0.81	33.87	179	 -2.48	
000800	一汽轿车	-0.12	0.12	汽车整车	1869	8.34	--  	8.40	212787	1183	          1.51	3.45	8.63	8.40	0.083㈢	    75.88	181449232	  1.09	        118.59亿	吉林	8.46	8.53	115530	97256	  1.19	8.39	42	 -2.48	
002594	比亚迪	-0.22	0.37	汽车整车	506	52.73	--  	53.69	302258	1777	          2.65	3.83	54.79	53.68	0.490㈢	    71.93	1617182208	  1.44	        612.92亿	深圳	54.00	53.50	179001	123257	  1.45	53.68	49	 -2.59	
002434	万里扬	-0.29	0.44	汽车配件	91	6.79	--  	6.86	121615	734	          1.19	3.64	7.04	6.85	0.272㈢	    18.85	84303368	  1.09	         69.81亿	浙江	6.88	6.93	65361	56254	  1.16	6.85	667	 -2.66	
002085	万丰奥威	-0.37	0.00	汽车配件	2059	8.00	--  	8.01	304785	1829	          1.44	2.99	8.24	8.00	0.359㈢	    16.72	247280528	  1.37	        169.10亿	浙江	8.05	8.11	173364	131420	  1.32	8.00	320	 -2.74	
600478	科力远	-0.39	0.20	元器件	1274	5.03	--  	5.13	348466	1682	          2.37	4.09	5.24	5.12	0.002㈢	  1544.50	179039856	  0.99	         75.25亿	湖南	5.11	5.14	185140	163326	  1.13	5.12	2041	 -1.51	
300328	宜安科技	-0.39	0.30	铝	227	9.98	--  	10.11	208183	2557	          5.07	4.24	10.41	10.10	0.111㈢	    68.20	211887152	  0.76	         41.44亿	广东	10.04	10.18	114512	93670	  1.22	10.10	206	 -2.76	
600104	上汽集团	-0.49	0.07	汽车整车	2445	28.50	--  	28.55	490702	5097	          0.43	2.62	29.25	28.54	2.369㈢	     9.04	1414312832	  1.57	       3283.08亿	上海	28.62	28.82	260985	229716	  1.14	28.54	91	 -1.61	
600580	卧龙电气	-0.53	0.13	电气设备	360	7.42	--  	7.48	177064	3243	          1.37	3.46	7.68	7.48	0.345㈢	    16.28	134131424	  1.54	         96.41亿	浙江	7.56	7.58	89375	87689	  1.02	7.47	441	 -1.65	
300382	斯莱克	-0.58	-0.43	专用机械	289	6.68	--  	6.81	95177	2827	          1.69	3.65	6.93	6.80	0.149㈢	    34.32	64731800	  0.87	         38.36亿	江苏	6.73	6.80	44621	50555	  0.88	6.80	109	 -2.95	
601633	长城汽车	-0.61	0.25	汽车整车	867	8.05	--  	8.12	299612	1750	          0.50	3.06	8.30	8.11	0.430㈢	    14.14	244232144	  1.11	        488.85亿	河北	8.24	8.15	170137	129474	  1.31	8.11	473	 -1.73	
002048	宁波华翔	-0.63	-0.15	汽车配件	543	12.57	--  	12.62	155551	1106	          2.85	3.39	13.00	12.62	0.805㈢	    11.76	199157696	  1.29	         68.77亿	浙江	12.97	12.80	87448	68102	  1.28	12.61	61	 -2.99	
300073	当升科技	-0.68	0.00	矿物制品	30	31.57	--  	31.96	223138	1753	          6.31	4.07	32.88	31.95	0.500㈢	    50.97	715508032	  1.24	        113.05亿	北京	32.40	32.07	116806	106331	  1.10	31.95	545	 -3.05	
300014	亿纬锂能	-0.72	-0.08	电气设备	481	21.61	--  	22.05	342866	1759	          4.19	4.86	22.69	22.04	0.443㈢	    37.34	758297600	  1.09	        180.56亿	广东	22.28	22.12	182681	160185	  1.14	22.04	284	 -3.09	
000723	美锦能源	-0.91	0.37	焦炭加工	1061	5.39	--  	5.48	901936	5394	          8.34	4.89	5.66	5.47	0.289㈢	    14.21	497102048	  1.20	         59.14亿	山西	5.53	5.51	459802	442134	  1.04	5.47	1354	 -3.27	
600563	法拉电子	-0.95	0.36	元器件	24	47.56	--  	47.95	36121	109	          1.61	3.51	49.26	47.94	1.444㈢	    24.90	175821504	  1.77	        107.86亿	福建	48.85	48.68	19193	16928	  1.13	47.94	228	 -2.07	
600066	宇通客车	-1.26	0.64	汽车整车	97	13.89	--  	14.05	482975	3264	          2.18	4.29	14.50	14.05	0.541㈢	    19.48	683051776	  1.44	        311.06亿	河南	14.22	14.14	260519	222456	  1.17	14.04	2520	 -2.39	
002625	光启技术	-1.29	0.09	汽车配件	582	11.43	--  	11.48	201917	1934	          4.73	3.96	11.89	11.47	0.015㈢	   560.91	235516912	  0.95	         48.98亿	浙江	11.65	11.66	116161	85756	  1.35	11.47	151	 -3.66	
600686	金龙汽车	-1.33	0.00	汽车整车	717	8.86	--  	8.94	207505	1886	          3.42	3.65	9.19	8.93	0.100㈢	    47.28	186808336	  1.02	         54.18亿	福建	9.15	9.00	112531	94974	  1.18	8.93	34	 -2.45	
300116	坚瑞沃能	-1.47	0.00	电气设备	2644	1.98	--  	2.02	1962193	24161	         15.16	5.88	2.10	2.01	-1.197㈢	--  	399245760	  0.73	         26.01亿	陕西	1.98	2.03	1013159	949033	  1.07	2.01	16217	 -3.84	
300351	永贵电器	-2.17	0.09	元器件	437	11.18	--  	11.26	125145	1309	          5.23	4.87	11.74	11.26	0.303㈢	    27.91	143989232	  1.03	         26.96亿	浙江	11.66	11.51	63042	62103	  1.02	11.25	336	 -4.54	
数据来源:通达信
