代码	名称	涨幅%%	涨速%%	细分行业	买量	最低	未匹配量	卖价	总量	现量	换手%%	振幅%%	最高	现价	每股收益	市盈(动)	总金额	量比	流通市值	地区	今开	均价	内盘	外盘	内外比	买价	卖量	强弱度%%	
002112	三变科技	10.03	0.00	电气设备	46674	7.33	--  	--  	122510	7	          6.67	1.92	7.46	7.46	-0.223㈢	--  	91335696	  2.39	         13.71亿	浙江	7.46	7.46	108318	14191	  7.63	7.46	0	  7.66	
300491	通合科技	10.02	0.00	电气设备	18745	16.56	--  	--  	69985	67	         12.23	10.02	18.22	18.22	0.022㈢	   611.71	123142280	  1.53	         10.43亿	河北	16.56	17.60	31341	38644	  0.81	18.22	0	  7.66	
601700	风范股份	10.02	0.00	电气设备	9064	8.15	--  	--  	1574180	11557	         13.89	12.77	9.22	9.22	0.035㈢	   195.94	1384298240	  1.34	        104.48亿	江苏	8.41	8.79	758828	815352	  0.93	9.22	0	  8.90	
300069	金利华电	10.00	0.00	电气设备	60030	12.94	--  	--  	35391	138	          3.83	10.46	14.30	14.30	-0.104㈢	--  	48235756	  1.17	         13.21亿	浙江	13.03	13.63	17035	18356	  0.93	14.30	0	  7.64	
002356	赫美集团	9.97	0.00	其他商业	295341	7.06	--  	--  	8141	12	          0.17	0.00	7.06	7.06	-0.473㈢	--  	5747758	  0.08	         33.90亿	深圳	7.06	7.06	6531	1610	  4.06	7.06	0	  7.60	
002123	梦网集团	7.83	-0.47	互联网	43	11.63	--  	12.40	564913	5777	          8.75	8.87	12.65	12.40	0.188㈢	    49.49	689967744	  1.28	         80.03亿	深圳	11.70	12.21	284441	280472	  1.01	12.39	2328	  5.46	
300365	恒华科技	6.53	-0.32	软件服务	190	23.20	--  	24.48	95960	923	          4.39	7.84	25.00	24.47	0.274㈢	    67.08	231273792	  1.43	         53.49亿	北京	23.20	24.10	44065	51894	  0.85	24.47	103	  4.17	
002121	科陆电子	4.47	0.75	电器仪表	1031	5.20	--  	5.37	197683	5183	          2.18	3.50	5.38	5.37	0.014㈢	   286.34	104918840	  1.14	         48.63亿	深圳	5.25	5.31	93226	104457	  0.89	5.36	181	  2.11	
300356	光一科技	4.24	0.38	电气设备	1537	7.55	--  	7.87	393070	4362	         10.66	7.69	8.13	7.86	0.055㈢	   107.70	307573984	  0.85	         28.99亿	江苏	7.66	7.82	185013	208056	  0.89	7.86	522	  1.88	
600885	宏发股份	4.15	1.24	电气设备	18	25.59	--  	26.84	67908	367	          0.91	5.47	27.00	26.84	0.790㈢	    25.48	180707024	  1.39	        199.89亿	湖北	25.81	26.61	31601	36306	  0.87	26.83	14	  3.03	
002028	思源电气	4.06	-0.07	电气设备	390	11.56	--  	12.06	312827	2824	          5.39	5.95	12.25	12.06	0.315㈢	    28.69	373443232	  1.72	         69.97亿	上海	11.65	11.94	142462	170364	  0.84	12.05	119	  1.69	
002184	海得控制	3.64	-0.35	软件服务	652	10.76	--  	11.10	147232	1948	         10.84	8.68	11.69	11.10	-0.203㈢	--  	164658560	  1.45	         15.08亿	上海	10.76	11.18	67397	79834	  0.84	11.09	37	  1.28	
603666	亿嘉和	3.38	-0.10	专用机械	504	53.00	--  	54.45	35630	292	         14.51	6.27	56.30	54.40	0.914㈢	    44.62	194425536	  1.13	         13.36亿	江苏	53.10	54.57	17388	18242	  0.95	54.40	5	  2.26	
600406	国电南瑞	3.29	0.00	软件服务	490	18.90	--  	19.17	531743	3514	          2.08	3.99	19.64	19.17	0.520㈢	    28.46	1026720576	  1.40	        489.45亿	江苏	18.90	19.31	299738	232004	  1.29	19.16	177	  2.17	
300513	恒实科技	2.95	0.39	软件服务	150	24.92	--  	25.47	48939	176	          7.95	5.38	26.25	25.45	0.500㈢	    43.80	125653128	  1.31	         15.68亿	北京	24.93	25.68	24847	24092	  1.03	25.45	3	  0.59	
300001	特锐德	2.80	-0.23	电气设备	268	24.18	--  	24.57	242963	1899	          2.63	6.49	25.73	24.57	0.144㈢	   127.96	605742912	  1.49	        227.20亿	山东	24.20	24.93	118675	124288	  0.95	24.56	80	  0.44	
600525	长园集团	2.62	0.14	电气设备	4221	6.91	--  	7.07	1272460	8316	          9.74	4.80	7.24	7.06	0.980㈢	     5.49	900597120	  0.81	         92.19亿	深圳	6.95	7.08	677358	595101	  1.14	7.06	2707	  1.49	
002074	国轩高科	2.57	0.23	电气设备	390	17.10	--  	17.53	409963	3262	          4.07	6.14	18.15	17.53	0.580㈢	    22.68	726047040	  1.46	        176.75亿	江苏	17.16	17.71	180859	229103	  0.79	17.52	1093	  0.21	
002169	智光电气	2.24	-0.21	电气设备	222	4.47	--  	4.57	304357	1085	          4.05	5.83	4.73	4.56	0.106㈢	    32.22	139572256	  1.31	         34.24亿	广东	4.52	4.59	155072	149285	  1.04	4.56	1425	 -0.12	
000400	许继电气	2.01	0.00	电气设备	154	11.00	--  	11.16	298323	2045	          2.96	3.84	11.42	11.16	0.154㈢	    54.31	335641760	  1.23	        112.51亿	河南	11.00	11.25	153164	145159	  1.06	11.15	1144	 -0.35	
300514	友讯达	1.93	0.24	通信设备	571	12.55	--  	12.71	77616	653	          8.59	3.05	12.93	12.70	0.119㈢	    79.71	98976024	  1.28	         11.47亿	深圳	12.60	12.75	37058	40557	  0.91	12.70	188	 -0.44	
300682	朗新科技	1.70	0.73	软件服务	439	19.03	--  	19.20	61822	988	          3.76	4.72	19.92	19.19	-0.250㈢	--  	120350816	  1.01	         31.51亿	江苏	19.35	19.47	31982	29840	  1.07	19.19	78	 -0.67	
600973	宝胜股份	1.61	0.00	电气设备	965	4.36	--  	4.43	163532	1761	          1.34	4.37	4.55	4.42	0.094㈢	    35.31	72696880	  1.21	         54.02亿	江苏	4.36	4.45	70719	92813	  0.76	4.42	757	  0.49	
603577	汇金通	1.60	0.19	钢加工	32	10.63	--  	10.77	41025	244	          5.29	2.74	10.92	10.77	0.148㈢	    54.64	44378600	  0.85	          8.35亿	山东	10.64	10.82	20877	20147	  1.04	10.76	8	  0.48	
600112	天成控股	1.56	0.22	电气设备	1127	4.43	--  	4.56	461584	3927	          9.06	4.69	4.64	4.55	0.160㈢	    21.36	209144384	  1.05	         23.17亿	贵州	4.53	4.53	235147	226437	  1.04	4.55	980	  0.44	
300286	安科瑞	1.45	0.62	电器仪表	3	9.64	--  	9.78	20917	191	          1.19	2.60	9.89	9.77	0.361㈢	    20.32	20442152	  0.94	         17.14亿	上海	9.64	9.77	10376	10541	  0.98	9.77	70	 -0.91	
000682	东方电子	1.43	0.24	电气设备	178	4.20	--  	4.26	191726	1889	          1.96	3.10	4.33	4.25	0.080㈢	    47.00	81976600	  1.11	         41.57亿	山东	4.22	4.28	99765	91961	  1.08	4.25	2271	 -0.93	
603829	洛凯股份	1.42	0.09	电气设备	123	10.57	--  	10.70	33369	449	          4.61	2.94	10.88	10.70	0.210㈢	    38.20	35862848	  1.09	          7.75亿	江苏	10.64	10.75	16520	16849	  0.98	10.69	3	  0.30	
600590	泰豪科技	1.40	0.46	电气设备	3	6.45	--  	6.52	146163	964	          1.78	2.95	6.64	6.52	0.186㈢	    26.30	95499184	  1.08	         53.61亿	江西	6.45	6.53	78386	67776	  1.16	6.51	343	  0.28	
002692	远程股份	1.37	0.00	电气设备	801	4.37	--  	4.45	218861	1579	          3.06	2.97	4.50	4.44	0.050㈢	    67.09	97137504	  0.81	         31.76亿	江苏	4.38	4.44	96572	122288	  0.79	4.44	2815	 -0.99	
300670	大烨智能	1.35	0.23	电气设备	507	16.90	--  	17.26	107330	1488	         12.50	5.76	17.88	17.25	0.116㈢	   111.30	184931152	  1.36	         14.82亿	江苏	17.04	17.23	53275	54055	  0.99	17.25	53	 -1.01	
300265	通光线缆	1.28	0.00	电气设备	434	9.45	--  	9.54	141169	1214	          4.19	3.61	9.79	9.53	0.091㈢	    78.46	135824800	  0.89	         32.09亿	江苏	9.55	9.62	70489	70680	  1.00	9.53	10	 -1.09	
300139	晓程科技	1.21	0.12	元器件	1006	8.25	--  	8.35	214554	1708	         10.10	3.64	8.55	8.35	0.080㈢	    78.52	180435408	  0.87	         17.74亿	北京	8.26	8.41	106720	107833	  0.99	8.34	592	 -1.15	
603861	白云电器	1.18	0.17	电气设备	779	11.80	--  	11.96	50970	518	          4.21	2.54	12.10	11.96	0.251㈢	    35.74	61170632	  1.01	         14.48亿	广东	11.93	12.00	25036	25934	  0.97	11.95	12	  0.06	
002180	纳思达	1.10	0.00	电脑设备	37	25.60	--  	25.80	71294	413	          0.71	2.59	26.26	25.80	0.466㈢	    41.49	185431584	  1.02	        257.48亿	广东	25.90	26.01	35922	35371	  1.02	25.79	67	 -1.27	
002879	长缆科技	1.00	0.07	电气设备	934	15.03	--  	15.16	69986	933	          5.53	3.26	15.52	15.16	0.491㈢	    23.16	106817744	  1.03	         19.19亿	湖南	15.16	15.26	36482	33503	  1.09	15.15	121	 -1.37	
601616	广电电气	0.97	0.48	电气设备	3318	4.10	--  	4.16	288825	2256	          3.09	3.40	4.24	4.16	0.203㈢	    15.35	120368240	  0.98	         38.92亿	上海	4.14	4.17	132535	156289	  0.85	4.15	5780	 -0.15	
000021	深科技	0.94	0.00	电脑设备	655	7.48	--  	7.53	216660	804	          1.47	3.22	7.72	7.52	0.300㈢	    18.82	164730912	  1.08	        110.49亿	深圳	7.49	7.60	106033	110626	  0.96	7.52	1294	 -1.42	
000507	珠海港	0.89	0.13	港口	3389	7.90	--  	7.96	390793	7028	          5.06	2.03	8.06	7.95	0.181㈢	    32.87	311439456	  0.97	         61.39亿	广东	7.90	7.97	188228	202564	  0.93	7.95	2691	 -1.48	
002058	威 尔 泰	0.84	-0.07	电器仪表	57	13.07	--  	13.20	35745	421	          2.49	2.67	13.42	13.20	0.008㈢	  1189.89	47362128	  0.80	         18.94亿	上海	13.18	13.25	16571	19173	  0.86	13.19	3	 -1.52	
600268	国电南自	0.80	0.20	电气设备	219	5.00	--  	5.05	166630	857	          2.62	3.00	5.15	5.04	-0.034㈢	--  	84527616	  0.98	         32.02亿	江苏	5.00	5.07	80784	85846	  0.94	5.04	757	 -0.32	
600869	智慧能源	0.76	0.00	电气设备	1136	5.28	--  	5.32	225017	2019	          1.01	2.27	5.40	5.32	0.134㈢	    29.72	120244856	  0.90	        118.07亿	青海	5.30	5.34	111829	113188	  0.99	5.31	657	 -0.36	
000551	创元科技	0.74	0.15	专用机械	968	6.82	--  	6.84	84284	958	          2.11	1.91	6.95	6.84	0.200㈢	    25.60	58017716	  1.25	         27.37亿	江苏	6.85	6.88	41162	43121	  0.95	6.83	134	 -1.63	
002560	通达股份	0.71	0.35	电气设备	1336	5.47	--  	5.67	176419	3344	          6.53	4.09	5.70	5.66	0.060㈢	    67.87	98333344	  1.53	         15.30亿	河南	5.52	5.57	95610	80809	  1.18	5.66	507	 -1.65	
300062	中能电气	0.68	0.00	电气设备	100	5.82	--  	5.89	117500	636	          6.21	3.60	6.03	5.88	0.061㈢	    72.84	69592032	  1.12	         11.13亿	福建	5.82	5.92	55325	62175	  0.89	5.88	167	 -1.68	
300215	电科院	0.61	0.31	电气设备	74	6.50	--  	6.57	143351	1593	          2.36	3.22	6.71	6.56	0.121㈢	    40.63	94714160	  1.13	         39.90亿	江苏	6.59	6.61	74518	68833	  1.08	6.56	384	 -1.75	
002322	理工环科	0.61	0.17	软件服务	282	11.44	--  	11.51	60823	722	          1.69	4.28	11.93	11.51	0.370㈢	    23.91	71088896	  1.05	         41.53亿	浙江	11.58	11.69	32009	28813	  1.11	11.50	847	 -1.75	
300277	海联讯	0.58	0.15	软件服务	423	6.82	--  	6.89	69884	1038	          2.09	4.82	7.15	6.88	-0.004㈢	--  	48772676	  1.06	         23.01亿	深圳	6.91	6.98	37088	32796	  1.13	6.88	225	 -1.78	
603988	中电电机	0.57	0.09	电气设备	628	10.53	--  	10.60	55381	361	          2.35	2.85	10.83	10.60	0.165㈢	    48.15	59016188	  1.11	         24.93亿	江苏	10.56	10.66	29342	26039	  1.13	10.59	85	 -0.55	
600379	宝光股份	0.52	0.13	电气设备	601	7.60	--  	7.67	46116	630	          1.96	4.46	7.94	7.66	0.144㈢	    39.76	35769864	  1.63	         18.07亿	陕西	7.70	7.76	22546	23569	  0.96	7.66	98	 -0.60	
603556	海兴电力	0.51	0.00	电器仪表	154	15.43	--  	15.65	34022	95	          2.03	2.77	15.86	15.62	0.630㈢	    20.77	53281940	  1.22	         26.20亿	浙江	15.43	15.66	16158	17863	  0.90	15.62	10	 -0.61	
601126	四方股份	0.48	0.00	电气设备	685	6.16	--  	6.24	91739	369	          1.13	2.90	6.34	6.23	0.178㈢	    26.31	57369336	  0.96	         50.66亿	北京	6.21	6.25	43231	48507	  0.89	6.23	1363	 -0.64	
600192	长城电工	0.46	0.00	电气设备	2073	6.42	--  	6.57	266697	2755	          6.04	4.13	6.69	6.56	0.029㈢	   168.18	174899936	  0.94	         28.98亿	甘肃	6.58	6.56	139916	126781	  1.10	6.56	621	 -0.66	
300617	安靠智电	0.41	0.21	电气设备	92	24.00	--  	24.21	19139	368	          5.21	2.70	24.65	24.20	0.753㈣	    32.15	46524672	  0.84	          8.88亿	江苏	24.01	24.31	10468	8671	  1.21	24.19	100	 -1.95	
300018	中元股份	0.35	0.00	电气设备	1202	5.74	--  	5.79	232951	3562	          6.39	3.64	5.95	5.79	0.006㈢	   680.83	136188048	  0.78	         21.12亿	湖北	5.89	5.85	119372	113578	  1.05	5.78	60	 -2.02	
300044	赛为智能	0.12	-0.11	软件服务	592	8.30	--  	8.35	574597	6269	         10.82	4.56	8.68	8.34	0.141㈢	    44.50	485924064	  1.12	         44.30亿	深圳	8.50	8.46	302486	272111	  1.11	8.34	1375	 -2.24	
300667	必创科技	--  	--  	电器仪表	0	--  	--  	--  	0	0	          0.00	0.00	--  	27.18	0.112㈢	   182.57	0	  0.00	         18.66亿	北京	--  	27.18	0	0	--  	--  	0	 -2.36	
002684	猛狮科技	0.00	0.15	电气设备	3853	6.74	--  	6.80	283060	3298	          7.01	4.12	7.02	6.79	-1.035㈢	--  	193894000	  1.01	         27.40亿	广东	6.84	6.85	142587	140472	  1.02	6.79	615	 -2.36	
600560	金自天正	-0.10	0.00	电气设备	355	9.67	--  	9.68	112563	1857	          5.03	4.23	10.08	9.68	0.077㈢	    94.16	111135632	  0.99	         21.65亿	北京	9.80	9.87	57619	54943	  1.05	9.67	487	 -1.22	
300120	经纬辉开	-0.12	0.36	电气设备	212	8.19	--  	8.35	138489	755	          5.97	6.71	8.75	8.34	0.237㈢	    26.43	116260656	  1.30	         19.35亿	天津	8.30	8.39	80224	58265	  1.38	8.34	268	 -2.48	
002339	积成电子	-0.48	0.00	电气设备	1120	8.24	--  	8.32	132384	2606	          4.01	3.23	8.51	8.31	0.092㈢	    67.42	110718440	  0.92	         27.43亿	山东	8.34	8.36	73608	58776	  1.25	8.31	180	 -2.84	
300014	亿纬锂能	-0.72	-0.08	电气设备	481	21.61	--  	22.05	342866	1759	          4.19	4.86	22.69	22.04	0.443㈢	    37.34	758297600	  1.09	        180.56亿	广东	22.28	22.12	182681	160185	  1.14	22.04	284	 -3.09	
002090	金智科技	-0.73	0.00	软件服务	327	18.78	--  	19.14	43467	250	          1.88	4.26	19.60	19.12	0.338㈢	    42.38	83391664	  1.57	         44.26亿	江苏	19.31	19.19	25891	17575	  1.47	19.12	3	 -3.09	
000585	*ST东电	-0.81	0.00	电气设备	817	2.41	--  	2.45	168454	678	          2.76	4.88	2.53	2.44	0.037㈢	    49.08	41708988	  1.31	         14.87亿	海南	2.46	2.48	101438	67016	  1.51	2.44	3946	 -3.18	
603050	科林电气	-0.84	0.21	电气设备	408	14.09	--  	14.24	89733	390	         11.17	4.11	14.68	14.23	0.261㈢	    40.96	128560784	  1.23	         11.43亿	河北	14.34	14.33	49937	39795	  1.25	14.23	92	 -1.96	
600312	平高电气	-0.88	0.00	电气设备	2113	8.98	--  	9.04	328486	2647	          2.42	4.71	9.41	9.04	0.002㈢	  4100.70	302765696	  1.33	        122.67亿	河南	9.19	9.22	164206	164280	  1.00	9.03	468	 -2.00	
数据来源:通达信
