代码	名称	涨幅%%	涨速%%	细分行业	买量	最低	未匹配量	卖价	总量	现量	换手%%	振幅%%	最高	现价	每股收益	市盈(动)	总金额	量比	流通市值	地区	今开	均价	内盘	外盘	内外比	买价	卖量	强弱度%%	
002903	宇环数控	10.02	0.00	机床制造	4249	18.22	--  	--  	187012	173	         28.34	10.29	20.10	20.10	0.284㈢	    53.08	366120704	  2.55	         13.27亿	湖南	18.39	19.58	106717	80294	  1.33	20.10	0	  7.65	
603656	泰禾光电	10.01	0.00	专用机械	9724	16.70	--  	--  	35796	115	          5.65	8.68	18.13	18.13	0.441㈢	    30.84	64094768	  2.37	         11.48亿	安徽	16.74	17.91	25858	9937	  2.60	18.13	0	  8.89	
600775	南京熊猫	10.01	0.00	通信设备	13948	10.16	--  	--  	743171	599	         11.06	10.30	11.21	11.21	0.089㈢	    94.59	816658688	  1.31	         75.31亿	江苏	10.38	10.99	424959	318211	  1.34	11.21	0	  8.89	
300278	华昌达	10.00	0.00	专用机械	123031	7.37	--  	--  	3164	3	          0.12	0.00	7.37	7.37	0.008㈢	   668.35	2331883	  0.04	         19.76亿	湖北	7.37	7.37	2831	333	  8.50	7.37	0	  7.64	
300280	紫天科技	10.00	0.00	专用机械	16125	38.31	--  	--  	36019	31	          2.81	11.54	42.80	42.80	0.383㈢	    83.79	146234896	  1.52	         54.78亿	江苏	39.00	40.60	19669	16350	  1.20	42.80	0	  7.63	
601608	中信重工	9.98	0.00	专用机械	99886	4.40	--  	--  	1583529	2889	          3.65	7.89	4.74	4.74	0.020㈢	   218.01	736953472	  2.05	        205.69亿	河南	4.54	4.65	841305	742224	  1.13	4.74	0	  8.86	
300400	劲拓股份	7.38	0.14	专用机械	58	20.20	--  	21.41	147098	565	          9.23	8.63	21.92	21.40	0.300㈢	    53.92	310141120	  1.42	         34.10亿	深圳	20.50	21.08	62165	84932	  0.73	21.40	50	  5.01	
002577	雷柏科技	6.61	0.39	电脑设备	334	12.02	--  	12.75	119735	3074	          4.26	7.19	12.88	12.75	0.065㈢	   147.26	147455760	  1.76	         35.86亿	深圳	12.02	12.32	51404	68330	  0.75	12.74	977	  4.24	
600172	黄河旋风	6.23	0.47	矿物制品	5850	4.02	--  	4.27	1064048	9776	          9.30	7.73	4.33	4.26	0.070㈢	    45.66	443104544	  1.68	         48.76亿	河南	4.02	4.16	486986	577061	  0.84	4.26	2899	  5.11	
300126	锐奇股份	5.46	0.17	轻工机械	993	5.52	--  	5.80	239022	1634	         11.35	9.47	6.04	5.79	-0.074㈢	--  	138944816	  2.37	         12.20亿	上海	5.55	5.81	121594	117428	  1.04	5.79	2378	  3.10	
300076	GQY视讯	5.33	0.78	电脑设备	160	5.02	--  	5.15	307140	8560	          8.04	3.69	5.20	5.14	0.078㈢	    49.36	156403424	  1.38	         19.63亿	浙江	5.04	5.09	128735	178404	  0.72	5.14	2218	  2.96	
000961	中南建设	5.21	0.24	建筑施工	229	7.76	--  	8.28	791296	3524	          2.14	8.77	8.45	8.28	0.342㈢	    18.18	647502912	  1.33	        306.35亿	江苏	7.83	8.18	398056	393239	  1.01	8.27	4834	  2.85	
002008	大族激光	4.97	0.65	电器仪表	7	40.23	--  	42.00	388593	1994	          3.91	5.92	42.60	42.00	1.550㈢	    20.29	1618060672	  1.38	        417.19亿	深圳	40.25	41.64	208377	180215	  1.16	41.99	1023	  2.61	
002139	拓邦股份	4.81	0.18	元器件	4049	5.42	--  	5.66	492331	2170	          6.28	6.30	5.76	5.66	0.200㈢	    22.25	277222240	  1.45	         44.38亿	深圳	5.45	5.63	225113	267218	  0.84	5.65	5887	  2.45	
002917	金奥博	4.31	0.61	化工原料	1602	27.70	--  	29.51	124559	2953	         36.79	6.36	29.50	29.50	0.443㈢	    49.99	357335936	  1.97	          9.99亿	深圳	27.74	28.69	64123	60435	  1.06	29.50	92	  1.95	
600885	宏发股份	4.15	1.24	电气设备	18	25.59	--  	26.84	67908	367	          0.91	5.47	27.00	26.84	0.790㈢	    25.48	180707024	  1.39	        199.89亿	湖北	25.81	26.61	31601	36306	  0.87	26.83	14	  3.03	
300479	神思电子	3.86	0.52	软件服务	46	17.25	--  	17.50	139301	1487	          8.71	5.88	18.24	17.50	0.039㈢	   339.99	246892224	  0.97	         28.00亿	山东	17.54	17.72	63393	75907	  0.84	17.49	37	  1.49	
300757	罗博特科	3.79	-0.07	专用机械	270	68.00	--  	71.00	50781	584	         25.39	6.55	72.48	70.99	0.799㈢	    66.67	355806720	  1.06	         14.20亿	江苏	68.00	70.07	22983	27798	  0.83	70.99	26	  1.42	
002184	海得控制	3.64	-0.35	软件服务	652	10.76	--  	11.10	147232	1948	         10.84	8.68	11.69	11.10	-0.203㈢	--  	164658560	  1.45	         15.08亿	上海	10.76	11.18	67397	79834	  0.84	11.09	37	  1.28	
300751	迈为股份	3.63	-0.06	专用机械	129	165.00	--  	172.86	15371	114	         11.82	6.07	175.13	172.86	4.260㈣	    52.59	261477600	  0.96	         22.47亿	江苏	167.53	170.12	6255	9115	  0.69	172.80	24	  1.26	
300293	蓝英装备	3.41	0.89	专用机械	3437	8.63	--  	9.11	113823	3540	          4.22	7.16	9.26	9.10	0.049㈢	   139.16	101571776	  1.47	         24.57亿	辽宁	8.87	8.92	65276	48547	  1.34	9.10	170	  1.04	
603666	亿嘉和	3.38	-0.10	专用机械	504	53.00	--  	54.45	35630	292	         14.51	6.27	56.30	54.40	0.914㈢	    44.62	194425536	  1.13	         13.36亿	江苏	53.10	54.57	17388	18242	  0.95	54.40	5	  2.26	
300083	劲胜智能	3.35	0.82	元器件	358	3.57	--  	3.70	747580	6326	          5.99	9.78	3.92	3.70	-0.071㈢	--  	279985408	  1.42	         46.21亿	广东	3.61	3.75	360161	387418	  0.93	3.69	216	  0.99	
300024	机器人	3.35	0.17	专用机械	1010	17.00	--  	17.27	471214	3640	          3.11	4.49	17.75	17.27	0.211㈢	    61.38	820223168	  1.32	        261.40亿	辽宁	17.25	17.41	245281	225932	  1.09	17.26	2681	  0.99	
002611	东方精工	3.24	0.49	轻工机械	1099	4.03	--  	4.15	543784	4114	          4.90	4.24	4.20	4.14	0.188㈢	    16.50	225013920	  0.92	         45.99亿	广东	4.03	4.14	241421	302362	  0.80	4.14	5235	  0.88	
300458	全志科技	3.18	0.26	元器件	1719	22.82	--  	23.03	208194	1559	          8.89	7.71	24.54	23.02	0.437㈢	    39.54	494192384	  1.68	         53.92亿	广东	24.54	23.74	117353	90840	  1.29	23.02	53	  0.82	
002689	远大智能	3.16	0.58	运输设备	585	5.01	--  	5.22	482224	4427	          4.63	7.71	5.40	5.22	-0.012㈢	--  	251685424	  0.85	         54.33亿	辽宁	5.11	5.22	237551	244672	  0.97	5.21	98	  0.80	
300213	佳讯飞鸿	2.95	0.00	通信设备	1576	7.53	--  	7.67	353994	2966	          9.18	5.10	7.91	7.67	0.113㈢	    50.77	272161280	  1.14	         29.59亿	北京	7.58	7.69	163487	190506	  0.86	7.66	510	  0.59	
002230	科大讯飞	2.90	0.03	软件服务	1929	36.37	--  	36.87	952582	5525	          5.23	4.55	38.00	36.87	0.110㈢	   264.09	3547937792	  0.97	        671.87亿	安徽	37.30	37.25	481867	470714	  1.02	36.86	90	  0.54	
603960	克来机电	2.82	0.00	专用机械	19	30.31	--  	31.41	16195	218	          3.13	5.54	32.00	31.38	0.314㈢	    74.98	50972120	  1.61	         16.26亿	上海	30.31	31.47	6974	9220	  0.76	31.38	5	  1.70	
002681	奋达科技	2.81	0.21	家用电器	1771	4.65	--  	4.76	372420	1410	          3.37	4.33	4.85	4.75	0.160㈢	    28.08	177957936	  1.08	         52.48亿	深圳	4.65	4.78	161913	210506	  0.77	4.75	1079	  0.45	
000410	沈阳机床	2.64	0.12	机床制造	2932	8.13	--  	8.56	449612	5028	          6.07	12.47	9.17	8.56	-0.229㈢	--  	388662176	  1.21	         63.37亿	辽宁	8.36	8.64	234882	214730	  1.09	8.55	55	  0.27	
300222	科大智能	2.56	0.22	电气设备	1975	17.72	--  	18.01	186940	1540	          5.47	3.99	18.42	18.01	0.320㈢	    44.07	336931040	  1.32	         61.54亿	上海	17.72	18.02	91552	95387	  0.96	18.00	84	  0.20	
300173	智慧松德	2.55	0.36	轻工机械	1286	5.43	--  	5.64	357619	7119	          9.23	6.74	5.80	5.63	0.046㈢	    92.30	200522128	  1.06	         21.81亿	广东	5.50	5.61	179729	177890	  1.01	5.63	1445	  0.19	
002380	科远股份	2.55	0.08	电气设备	218	12.20	--  	12.49	50570	520	          3.53	5.75	12.90	12.48	0.305㈢	    30.71	63767588	  1.49	         17.89亿	江苏	12.32	12.61	22931	27639	  0.83	12.48	1042	  0.18	
000837	秦川机床	2.54	0.77	机床制造	426	5.00	--  	5.25	371524	6882	          6.38	7.63	5.39	5.24	-0.031㈢	--  	192120704	  1.15	         30.53亿	陕西	5.06	5.17	200532	170991	  1.17	5.24	80	  0.18	
300532	今天国际	2.48	0.29	软件服务	440	13.33	--  	14.05	86234	1470	          7.21	5.99	14.15	14.04	0.078㈢	   135.58	120194184	  1.10	         16.80亿	深圳	13.78	13.94	38721	47512	  0.81	14.04	216	  0.12	
300124	汇川技术	2.38	-0.54	电器仪表	49	26.90	--  	27.14	233573	1143	          1.72	2.94	27.68	27.13	0.477㈢	    42.64	638637056	  1.51	        367.60亿	深圳	27.05	27.34	120240	113332	  1.06	27.13	6	  0.01	
002292	奥飞娱乐	2.37	0.29	影视音像	1118	6.75	--  	6.92	434983	2371	          5.35	4.88	7.08	6.92	0.053㈢	    97.02	300290368	  1.46	         56.29亿	广东	6.88	6.90	192963	242019	  0.80	6.91	721	  0.00	
000938	紫光股份	2.34	-0.07	软件服务	402	39.49	--  	39.88	142723	909	          4.95	3.93	41.02	39.86	0.796㈢	    37.53	574379136	  1.33	        115.00亿	北京	39.76	40.24	67854	74869	  0.91	39.86	530	 -0.03	
600503	华丽家族	2.27	0.25	区域地产	2561	3.99	--  	4.05	577992	4039	          3.61	3.54	4.13	4.05	0.022㈢	   135.05	234816432	  0.96	         64.89亿	上海	4.00	4.06	274800	303192	  0.91	4.04	3500	  1.15	
002367	康力电梯	2.27	0.00	运输设备	2035	8.01	--  	8.11	310706	4159	          5.93	5.93	8.48	8.11	0.078㈢	    78.03	255277056	  0.91	         42.52亿	江苏	8.35	8.22	157105	153600	  1.02	8.10	242	 -0.09	
000404	长虹华意	2.23	-0.21	专用机械	919	4.49	--  	4.59	139271	529	          2.01	3.56	4.65	4.59	0.090㈢	    38.22	64007904	  0.97	         31.81亿	江西	4.49	4.60	61695	77576	  0.80	4.58	191	 -0.14	
300161	华中数控	2.08	-0.06	机床制造	443	13.33	--  	13.72	58701	616	          3.50	4.09	13.88	13.72	-0.342㈢	--  	80041328	  1.14	         23.04亿	湖北	13.51	13.64	26147	32553	  0.80	13.71	15	 -0.28	
002426	胜利精密	2.03	0.28	元器件	3985	3.44	--  	3.52	1363912	13689	          6.32	6.09	3.65	3.52	0.089㈢	    29.59	483329472	  1.20	         75.95亿	江苏	3.49	3.54	660788	703124	  0.94	3.51	7346	 -0.34	
300367	东方网力	2.01	0.18	电脑设备	1325	11.06	--  	11.17	458900	2763	          7.67	4.47	11.55	11.17	0.225㈢	    37.29	516372096	  1.30	         66.87亿	北京	11.26	11.25	244538	214362	  1.14	11.16	344	 -0.36	
300403	汉宇集团	1.95	-0.16	家用电器	107	5.65	--  	5.77	69468	1147	          1.82	2.65	5.80	5.76	0.210㈢	    20.60	39840452	  1.12	         21.94亿	广东	5.69	5.74	34182	35285	  0.97	5.76	55	 -0.42	
002073	软控股份	1.95	0.00	软件服务	994	5.10	--  	5.24	431837	2842	          5.27	5.45	5.38	5.24	0.084㈢	    46.96	225276304	  1.56	         42.91亿	山东	5.15	5.22	217637	214199	  1.02	5.23	577	 -0.42	
002006	精功科技	1.91	0.34	专用机械	506	5.77	--  	5.89	147681	879	          3.24	3.64	5.98	5.88	0.070㈢	    62.60	87057968	  0.94	         26.76亿	浙江	5.83	5.90	74112	73568	  1.01	5.88	611	 -0.46	
603486	科沃斯	1.91	1.12	家用电器	3	56.70	--  	57.77	18829	107	          4.70	4.41	59.20	57.77	0.760㈢	    60.30	109186424	  1.23	         23.17亿	江苏	56.71	57.99	10326	8502	  1.21	57.76	5	  0.78	
300607	拓斯达	1.87	0.05	专用机械	1	37.61	--  	38.22	41875	262	          7.30	3.89	39.07	38.22	0.988㈢	    29.02	161064592	  1.22	         21.92亿	广东	37.93	38.46	18872	23003	  0.82	38.21	58	 -0.50	
002698	博实股份	1.86	0.35	化工机械	383	11.25	--  	11.50	60111	808	          1.10	3.55	11.65	11.49	0.192㈢	    44.81	69047976	  1.43	         62.56亿	黑龙江	11.32	11.49	24730	35380	  0.70	11.49	200	 -0.50	
002337	赛象科技	1.85	-0.19	化工机械	2528	4.92	--  	4.97	360613	2980	          6.14	5.34	5.18	4.96	-0.026㈢	--  	181656048	  0.82	         29.14亿	天津	5.07	5.04	188259	172354	  1.09	4.96	1196	 -0.52	
002369	卓翼科技	1.84	0.23	通信设备	635	8.75	--  	8.87	602885	3464	         14.37	4.60	9.15	8.86	0.078㈢	    85.61	538794048	  1.40	         37.18亿	深圳	8.80	8.94	292325	310559	  0.94	8.86	81	 -0.53	
300748	金力永磁	1.83	0.82	元器件	1034	26.10	--  	27.21	131721	2487	         31.66	6.44	27.82	27.20	0.390㈣	    76.40	353569536	  0.99	         11.32亿	江西	26.62	26.84	66555	65166	  1.02	27.20	10	 -0.53	
300307	慈星股份	1.80	0.18	纺织机械	207	5.59	--  	5.65	103224	538	          1.30	3.78	5.80	5.65	0.191㈢	    22.15	58870776	  1.11	         44.82亿	浙江	5.61	5.70	54365	48859	  1.11	5.64	46	 -0.56	
601727	上海电气	1.77	0.70	电气设备	2229	5.66	--  	5.75	503091	5437	          0.50	3.37	5.85	5.74	0.150㈢	    29.22	289067456	  1.25	        573.44亿	上海	5.72	5.75	274692	228399	  1.20	5.74	1901	  0.65	
002270	华明装备	1.72	0.57	电气设备	400	5.23	--  	5.33	256896	3511	          3.48	4.97	5.49	5.32	0.097㈢	    41.23	136948672	  1.22	         39.31亿	山东	5.24	5.33	115289	141607	  0.81	5.32	1158	 -0.64	
002472	双环传动	1.72	0.14	机械基件	561	6.96	--  	7.10	192877	2121	          3.51	4.01	7.24	7.10	0.280㈢	    19.22	137111936	  0.90	         39.06亿	浙江	7.06	7.11	89791	103085	  0.87	7.09	2917	 -0.65	
600282	南钢股份	1.71	0.48	普钢	3251	4.11	--  	4.16	1143020	7212	          2.58	3.18	4.24	4.16	0.780㈢	     4.01	475521088	  1.14	        183.97亿	江苏	4.13	4.16	623601	519418	  1.20	4.15	1013	  0.59	
300475	聚隆科技	1.68	1.26	专用机械	100	9.47	--  	9.66	17583	671	          0.88	2.63	9.72	9.66	0.124㈢	    58.61	16888960	  1.11	         19.32亿	安徽	9.55	9.61	8872	8711	  1.02	9.57	122	 -0.68	
002747	埃斯顿	1.68	-0.18	机械基件	853	10.19	--  	10.31	119332	2568	          1.64	3.75	10.57	10.30	0.084㈢	    91.51	124340712	  1.17	         74.82亿	江苏	10.20	10.42	58839	60492	  0.97	10.30	40	 -0.69	
601369	陕鼓动力	1.66	0.00	机械基件	209	6.61	--  	6.73	79298	555	          0.48	3.17	6.82	6.73	0.228㈢	    22.15	53361204	  1.18	        110.29亿	陕西	6.67	6.73	34052	45246	  0.75	6.72	322	  0.54	
002031	巨轮智能	1.65	0.41	汽车配件	8910	2.43	--  	2.46	585504	7049	          3.10	4.55	2.54	2.46	0.021㈢	    89.82	144935376	  1.02	         46.51亿	广东	2.43	2.48	272183	313320	  0.87	2.45	1216	 -0.71	
000584	哈工智能	1.60	0.24	化纤	64	8.12	--  	8.24	165560	2041	          2.71	4.20	8.46	8.23	0.164㈢	    37.59	136899920	  0.87	         50.31亿	江苏	8.17	8.27	84820	80739	  1.05	8.23	220	 -0.76	
601138	工业富联	1.53	0.07	通信设备	1811	15.13	--  	15.32	938905	8160	          8.40	5.04	15.89	15.31	0.530㈢	    23.18	1458847488	  1.13	        171.15亿	深圳	15.13	15.54	497069	441835	  1.13	15.31	758	  0.40	
300368	汇金股份	1.51	0.11	专用机械	1186	8.41	--  	8.77	359632	3858	          7.74	10.43	9.31	8.76	0.097㈢	    67.87	318465568	  1.40	         40.73亿	河北	8.60	8.86	186310	173321	  1.07	8.76	648	 -0.86	
300115	长盈精密	1.49	-0.25	元器件	519	11.30	--  	11.55	361440	2291	          3.99	5.10	11.88	11.55	0.195㈢	    44.52	419584704	  0.96	        104.60亿	深圳	11.55	11.61	180789	180651	  1.00	11.54	697	 -0.87	
603283	赛腾股份	1.48	0.52	专用机械	5	18.97	--  	19.25	60602	1558	         15.15	4.01	19.73	19.25	0.470㈢	    31.08	116560696	  1.39	          7.70亿	江苏	19.48	19.23	30571	30031	  1.02	19.15	40	  0.35	
000816	*ST慧业	1.46	0.48	农用机械	4661	2.00	--  	2.09	593526	4015	          4.44	7.77	2.16	2.09	-0.063㈢	--  	124822592	  1.32	         27.93亿	江苏	2.09	2.10	300643	292882	  1.03	2.08	459	 -0.91	
002444	巨星科技	1.45	0.00	轻工机械	372	11.07	--  	11.19	161332	1171	          1.59	3.45	11.45	11.18	0.526㈢	    15.93	181731360	  1.22	        113.13亿	浙江	11.07	11.26	70319	91012	  0.77	11.18	100	 -0.91	
002414	高德红外	1.45	0.68	电器仪表	92	25.94	--  	26.62	107703	1479	          2.26	6.60	27.67	26.61	0.155㈢	   128.69	289018464	  0.98	        126.69亿	湖北	26.23	26.83	53840	53863	  1.00	26.61	39	 -0.92	
002527	新时达	1.43	-0.30	电器仪表	670	6.30	--  	6.38	142044	874	          3.38	3.18	6.50	6.38	0.080㈢	    57.06	91074104	  1.00	         26.85亿	上海	6.35	6.41	77442	64602	  1.20	6.37	18	 -0.93	
300358	楚天科技	1.41	0.23	医疗保健	168	8.51	--  	8.62	81308	572	          1.84	3.41	8.80	8.62	0.138㈢	    46.90	70241032	  1.02	         38.07亿	湖南	8.51	8.64	39858	41449	  0.96	8.61	324	 -0.95	
000413	东旭光电	1.40	0.17	元器件	11896	5.71	--  	5.80	2587803	43325	          5.32	4.55	5.97	5.80	0.230㈢	    18.95	1507967232	  1.04	        282.12亿	河北	5.77	5.83	1333941	1253862	  1.06	5.79	2017	 -0.97	
300418	昆仑万维	1.39	0.07	互联网	1314	15.08	--  	15.29	247194	1409	          3.89	3.85	15.66	15.29	0.650㈢	    17.85	380162432	  1.13	         97.06亿	北京	15.21	15.38	126363	120831	  1.05	15.28	109	 -0.97	
002209	达 意 隆	1.32	0.13	轻工机械	347	7.60	--  	7.67	93937	606	          6.11	3.04	7.83	7.66	-0.003㈢	--  	72344736	  1.26	         11.78亿	广东	7.71	7.70	49253	44683	  1.10	7.66	141	 -1.04	
002009	天奇股份	1.31	0.28	工程机械	21	10.67	--  	10.83	212224	1806	          7.17	6.65	11.38	10.82	0.370㈢	    21.93	233012448	  1.01	         32.04亿	江苏	10.83	10.98	112310	99914	  1.12	10.82	12	 -1.05	
603380	易德龙	1.30	0.12	元器件	54	16.17	--  	16.36	31187	351	          6.51	2.48	16.57	16.36	0.457㈢	    26.86	51156724	  1.04	          7.84亿	江苏	16.20	16.40	13579	17607	  0.77	16.35	37	  0.18	
002334	英威腾	1.27	0.00	电气设备	589	5.47	--  	5.59	194426	1312	          3.36	3.63	5.67	5.58	0.247㈢	    16.94	108384176	  1.11	         32.31亿	深圳	5.54	5.57	100253	94173	  1.06	5.58	821	 -1.09	
002298	中电兴发	1.27	0.14	软件服务	87	7.12	--  	7.19	114818	879	          2.21	3.39	7.36	7.18	0.170㈢	    31.62	83069048	  1.16	         37.23亿	安徽	7.12	7.23	55793	59025	  0.95	7.18	146	 -1.10	
300549	优德精密	1.25	0.44	专用机械	84	13.67	--  	13.82	22246	63	          3.21	3.52	14.15	13.81	0.266㈢	    38.89	30897428	  1.16	          9.56亿	江苏	13.80	13.89	9729	12517	  0.78	13.81	41	 -1.12	
300461	田中精机	1.12	-0.20	专用机械	115	23.17	--  	23.51	31386	1813	          3.37	3.06	23.88	23.50	0.850㈢	    21.51	73515344	  1.02	         21.86亿	浙江	23.25	23.42	19029	12357	  1.54	23.50	5	 -1.25	
002283	天润曲轴	1.02	0.25	汽车配件	504	3.94	--  	3.99	148681	432	          1.45	2.54	4.04	3.98	0.209㈢	    14.27	59383104	  0.98	         40.74亿	山东	3.95	3.99	71600	77080	  0.93	3.98	3140	 -1.35	
002067	景兴纸业	1.02	0.00	造纸	4856	3.94	--  	3.98	434036	4714	          4.45	3.05	4.06	3.98	0.330㈢	     9.25	173184656	  1.10	         38.80亿	浙江	3.94	3.99	218113	215922	  1.01	3.97	7797	 -1.35	
002535	林州重机	1.01	0.50	工程机械	831	3.95	--  	3.99	223794	1679	          3.79	2.03	4.03	3.99	0.092㈢	    32.60	89302904	  0.94	         23.56亿	河南	3.98	3.99	99518	124275	  0.80	3.98	1447	 -1.35	
300019	硅宝科技	0.97	0.14	化工原料	186	7.17	--  	7.25	42437	642	          1.56	2.79	7.37	7.25	0.062㈢	    87.10	30882808	  1.03	         19.66亿	四川	7.21	7.28	19807	22629	  0.88	7.24	58	 -1.39	
002062	宏润建设	0.94	0.23	建筑施工	467	4.26	--  	4.30	86818	110	          0.91	2.35	4.36	4.30	0.202㈢	    15.94	37421740	  1.19	         41.22亿	浙江	4.26	4.31	35633	51184	  0.70	4.29	966	 -1.43	
002559	亚威股份	0.90	0.13	机床制造	162	7.80	--  	7.87	84645	373	          2.76	2.56	8.00	7.87	0.233㈢	    25.33	66981536	  0.96	         24.12亿	江苏	7.80	7.91	46958	37687	  1.25	7.86	10	 -1.47	
603355	莱克电气	0.86	0.74	家用电器	115	24.35	--  	24.64	19715	154	          0.49	2.82	25.04	24.64	0.844㈢	    21.90	48779036	  1.19	         98.81亿	江苏	24.50	24.74	10101	9613	  1.05	24.63	34	 -0.26	
600074	*ST保千	0.83	0.00	电脑设备	16722	1.19	--  	1.22	235350	2935	          2.29	4.13	1.24	1.22	-0.150㈢	--  	28674538	  0.85	         12.52亿	江苏	1.21	1.22	114878	120471	  0.95	1.21	3968	 -0.30	
603895	天永智能	0.80	-0.07	专用机械	21	25.09	--  	25.18	33305	1060	         10.16	2.48	25.71	25.17	0.480㈢	    39.85	84553024	  1.20	          8.25亿	上海	25.20	25.39	15551	17754	  0.88	25.17	38	 -0.32	
603901	永创智能	0.79	0.00	专用机械	425	7.61	--  	7.68	61484	382	          3.34	3.02	7.84	7.67	0.170㈢	    36.51	47505476	  0.84	         14.11亿	浙江	7.73	7.73	27415	34069	  0.80	7.67	246	 -0.33	
300111	向日葵	0.77	0.38	半导体	5081	2.59	--  	2.62	291342	2383	          2.61	3.46	2.68	2.62	-0.234㈢	--  	76718216	  0.79	         29.27亿	浙江	2.59	2.63	156569	134772	  1.16	2.61	5111	 -1.60	
600330	天通股份	0.77	-0.12	元器件	570	7.74	--  	7.88	407684	2634	          4.09	4.23	8.07	7.87	0.234㈢	    25.22	322621120	  0.81	         78.43亿	浙江	7.87	7.91	210251	197433	  1.06	7.87	3177	 -0.35	
002406	远东传动	0.76	0.00	汽车配件	764	6.47	--  	6.63	212735	2061	          5.12	7.61	6.97	6.62	0.327㈢	    15.19	141015072	  2.22	         27.52亿	河南	6.55	6.63	108368	104367	  1.04	6.62	653	 -1.60	
002011	盾安环境	0.72	0.00	工程机械	1288	5.54	--  	5.60	419197	3251	          4.98	4.86	5.81	5.59	0.045㈢	    92.94	237375024	  0.79	         47.02亿	浙江	5.60	5.66	213516	205680	  1.04	5.59	3358	 -1.64	
001696	宗申动力	0.69	0.52	摩托车	561	5.76	--  	5.84	247228	3671	          2.77	3.45	5.96	5.83	0.256㈢	    17.08	144723472	  0.92	         51.96亿	重庆	5.83	5.85	130866	116361	  1.12	5.83	706	 -1.67	
000913	钱江摩托	0.69	0.39	摩托车	407	10.04	--  	10.25	50299	726	          1.11	3.24	10.37	10.25	0.162㈢	    47.42	51564036	  1.29	         46.49亿	浙江	10.04	10.25	23217	27082	  0.86	10.24	214	 -1.68	
300154	瑞凌股份	0.68	0.00	元器件	29	5.88	--  	5.94	38859	74	          1.23	3.40	6.08	5.93	0.190㈢	    24.12	23235008	  1.01	         18.81亿	深圳	5.95	5.98	16767	22091	  0.76	5.93	433	 -1.69	
300193	佳士科技	0.67	-0.26	专用机械	139	7.43	--  	7.48	74305	248	          1.62	2.02	7.58	7.47	0.278㈢	    20.16	55804528	  0.96	         34.18亿	深圳	7.46	7.51	36310	37995	  0.96	7.47	364	 -1.69	
002520	日发精机	0.63	0.00	机床制造	476	7.88	--  	7.99	60698	302	          2.57	3.78	8.18	7.98	0.110㈢	    72.05	48763368	  1.00	         18.83亿	浙江	7.99	8.03	32405	28292	  1.15	7.98	169	 -1.73	
300097	智云股份	0.62	-0.27	电器仪表	667	14.23	--  	14.51	165845	1777	          8.22	4.58	14.89	14.50	0.487㈢	    22.33	241812720	  0.72	         29.27亿	辽宁	14.57	14.58	87235	78610	  1.11	14.50	81	 -1.74	
002097	山河智能	0.60	0.15	工程机械	138	6.64	--  	6.72	249634	1516	          2.97	3.00	6.84	6.71	0.380㈢	    13.75	168317840	  1.32	         56.49亿	湖南	6.68	6.74	129593	120040	  1.08	6.71	296	 -1.76	
002660	茂硕电源	0.56	0.14	电气设备	152	7.01	--  	7.16	231557	1923	         10.96	8.29	7.60	7.16	0.027㈢	   202.49	167321552	  1.38	         15.13亿	深圳	7.14	7.23	124260	107296	  1.16	7.15	550	 -1.80	
300131	英唐智控	0.53	0.00	元器件	2357	5.65	--  	5.73	450220	2449	          5.66	3.51	5.85	5.72	0.150㈢	    28.69	259196752	  0.93	         45.52亿	深圳	5.69	5.76	225094	225125	  1.00	5.72	3227	 -1.84	
002482	广田集团	0.51	0.34	装修装饰	33	5.86	--  	5.91	189790	655	          1.24	3.41	6.06	5.90	0.300㈢	    14.73	112851976	  1.38	         90.23亿	深圳	5.88	5.95	84206	105584	  0.80	5.90	809	 -1.85	
300276	三丰智能	0.48	0.08	专用机械	41	12.40	--  	12.48	73840	1115	          3.48	3.06	12.78	12.47	0.360㈢	    27.99	92990152	  0.93	         26.46亿	湖北	12.50	12.59	36820	37019	  0.99	12.47	103	 -1.88	
600699	均胜电子	0.46	0.04	汽车配件	492	25.96	--  	26.09	153033	669	          1.61	3.66	26.91	26.09	1.150㈢	    17.56	404118016	  1.04	        247.67亿	浙江	26.36	26.41	83731	69302	  1.21	26.08	144	 -0.66	
002347	泰尔股份	0.45	0.45	机械基件	29	4.43	--  	4.48	125331	568	          3.93	2.92	4.56	4.47	0.032㈢	   103.66	56241700	  0.97	         14.26亿	安徽	4.48	4.49	66924	58407	  1.15	4.47	970	 -1.92	
002896	中大力德	0.42	0.12	机械基件	22	33.15	--  	33.26	19601	238	          5.72	2.23	33.89	33.25	0.744㈢	    33.53	65845560	  1.13	         11.39亿	浙江	33.35	33.59	10224	9377	  1.09	33.25	11	 -1.94	
300018	中元股份	0.35	0.00	电气设备	1202	5.74	--  	5.79	232951	3562	          6.39	3.64	5.95	5.79	0.006㈢	   680.83	136188048	  0.78	         21.12亿	湖北	5.89	5.85	119372	113578	  1.05	5.78	60	 -2.02	
002147	ST新光	0.33	0.00	区域地产	2079	3.01	--  	3.05	452770	8217	          8.43	2.97	3.10	3.04	0.068㈢	    33.63	137901504	  0.97	         16.32亿	安徽	3.04	3.05	250907	201863	  1.24	3.04	9276	 -2.03	
002026	山东威达	0.32	-0.30	机械基件	1496	6.29	--  	6.35	105302	985	          2.85	3.48	6.51	6.34	0.351㈢	    13.56	67312704	  1.21	         23.43亿	山东	6.32	6.39	51460	53841	  0.96	6.34	210	 -2.05	
600565	迪马股份	0.29	-0.28	全国地产	2117	3.41	--  	3.44	516023	1822	          2.18	3.51	3.53	3.43	0.156㈢	    16.46	179600096	  0.94	         81.25亿	重庆	3.42	3.48	254638	261385	  0.97	3.43	2697	 -0.83	
603728	鸣志电器	0.21	-0.06	电气设备	143	13.86	--  	14.04	69651	862	          3.96	2.64	14.23	14.04	0.350㈢	    34.35	97920936	  1.03	         24.68亿	上海	14.20	14.06	39087	30563	  1.28	14.03	155	 -0.91	
300201	海伦哲	0.21	0.21	专用机械	677	4.87	--  	4.89	142250	987	          1.63	2.26	4.98	4.88	0.053㈢	    68.90	69932696	  0.69	         42.65亿	江苏	4.95	4.92	74775	67474	  1.11	4.88	1465	 -2.16	
603996	中新科技	0.19	0.10	家用电器	4	10.32	--  	10.35	232397	2386	          7.74	7.27	11.07	10.34	0.298㈢	    26.06	247877424	  1.69	         31.04亿	浙江	10.84	10.67	124968	107429	  1.16	10.34	135	 -0.93	
300281	金明精机	0.15	0.15	专用机械	1920	6.59	--  	6.67	279042	2444	         10.65	3.16	6.80	6.66	0.079㈢	    63.02	186591232	  0.92	         17.46亿	广东	6.66	6.69	138083	140958	  0.98	6.66	1651	 -2.21	
300044	赛为智能	0.12	-0.11	软件服务	592	8.30	--  	8.35	574597	6269	         10.82	4.56	8.68	8.34	0.141㈢	    44.50	485924064	  1.12	         44.30亿	深圳	8.50	8.46	302486	272111	  1.11	8.34	1375	 -2.24	
600815	厦工股份	0.00	0.00	工程机械	3602	3.40	--  	3.46	175672	787	          1.83	4.64	3.56	3.45	-0.111㈢	--  	61334192	  0.59	         33.08亿	福建	3.40	3.49	89837	85835	  1.05	3.45	559	 -1.12	
300195	长荣股份	0.00	0.42	轻工机械	32	9.55	--  	9.64	73542	802	          2.43	3.73	9.91	9.64	0.279㈢	    25.92	71552408	  1.25	         29.17亿	天津	9.67	9.73	39521	34020	  1.16	9.61	139	 -2.36	
300098	高新兴	0.00	-0.10	通信设备	377	9.09	--  	9.27	650444	5908	          5.00	6.37	9.68	9.26	0.230㈢	    31.16	609903808	  1.17	        120.56亿	广东	9.56	9.38	347242	303201	  1.15	9.26	2209	 -2.36	
002348	高乐股份	0.00	0.49	文教休闲	1106	4.05	--  	4.12	502565	3879	          6.76	5.58	4.28	4.12	0.042㈢	    72.97	208688784	  1.15	         30.62亿	广东	4.06	4.15	271790	230774	  1.18	4.11	5831	 -2.36	
002122	*ST天马	0.00	0.49	机械基件	4534	2.01	--  	2.04	262698	1067	          2.22	2.94	2.07	2.04	-0.173㈢	--  	53630044	  1.07	         24.16亿	浙江	2.05	2.04	148839	113858	  1.31	2.03	318	 -2.36	
002116	中国海诚	0.00	-0.09	建筑施工	342	9.42	--  	9.52	76408	1089	          1.84	5.78	9.97	9.52	0.356㈢	    20.07	73713088	  0.79	         39.53亿	上海	9.50	9.65	39197	37210	  1.05	9.51	869	 -2.36	
600560	金自天正	-0.10	0.00	电气设备	355	9.67	--  	9.68	112563	1857	          5.03	4.23	10.08	9.68	0.077㈢	    94.16	111135632	  0.99	         21.65亿	北京	9.80	9.87	57619	54943	  1.05	9.67	487	 -1.22	
002403	爱仕达	-0.11	-0.21	家用电器	817	9.22	--  	9.25	54445	1508	          1.86	2.59	9.46	9.24	0.326㈢	    21.25	50902032	  1.07	         27.08亿	浙江	9.29	9.35	28182	26263	  1.07	9.24	2199	 -2.47	
300466	赛摩电气	-0.15	0.15	电器仪表	1251	6.37	--  	6.49	217894	2505	          7.42	4.16	6.64	6.48	0.048㈢	   101.18	141357328	  1.04	         19.02亿	江苏	6.38	6.49	116132	101761	  1.14	6.48	819	 -2.52	
600835	上海机电	-0.38	0.33	运输设备	24	18.25	--  	18.32	96242	477	          1.19	2.39	18.69	18.31	1.010㈢	    13.60	177649744	  1.60	        147.67亿	上海	18.46	18.46	46963	49278	  0.95	18.31	4	 -1.50	
600701	*ST工新	-0.38	0.39	综合类	2188	2.56	--  	2.60	279738	461	          3.61	3.45	2.65	2.60	-0.373㈢	--  	72721872	  1.24	         20.17亿	黑龙江	2.60	2.60	149116	130621	  1.14	2.59	2445	 -1.50	
300328	宜安科技	-0.39	0.30	铝	227	9.98	--  	10.11	208183	2557	          5.07	4.24	10.41	10.10	0.111㈢	    68.20	211887152	  0.76	         41.44亿	广东	10.04	10.18	114512	93670	  1.22	10.10	206	 -2.76	
603100	川仪股份	-0.40	-0.09	电器仪表	122	9.90	--  	9.99	74500	475	          2.88	2.79	10.18	9.98	0.402㈢	    18.62	74808968	  1.08	         25.81亿	重庆	10.03	10.04	43976	30524	  1.44	9.98	210	 -1.52	
300117	嘉寓股份	-0.46	0.00	装修装饰	1447	4.32	--  	4.36	171004	1271	          2.39	3.20	4.46	4.35	0.084㈢	    38.76	75082736	  1.08	         31.07亿	北京	4.37	4.39	92693	78311	  1.18	4.35	447	 -2.82	
002491	通鼎互联	-0.50	0.00	通信设备	787	9.95	--  	10.00	534375	5163	          4.54	3.98	10.35	9.99	0.372㈢	    20.13	541207424	  1.04	        117.46亿	江苏	10.25	10.13	297597	236778	  1.26	9.99	1558	 -2.86	
600580	卧龙电气	-0.53	0.13	电气设备	360	7.42	--  	7.48	177064	3243	          1.37	3.46	7.68	7.48	0.345㈢	    16.28	134131424	  1.54	         96.41亿	浙江	7.56	7.58	89375	87689	  1.02	7.47	441	 -1.65	
300073	当升科技	-0.68	0.00	矿物制品	30	31.57	--  	31.96	223138	1753	          6.31	4.07	32.88	31.95	0.500㈢	    50.97	715508032	  1.24	        113.05亿	北京	32.40	32.07	116806	106331	  1.10	31.95	545	 -3.05	
000723	美锦能源	-0.91	0.37	焦炭加工	1061	5.39	--  	5.48	901936	5394	          8.34	4.89	5.66	5.47	0.289㈢	    14.21	497102048	  1.20	         59.14亿	山西	5.53	5.51	459802	442134	  1.04	5.47	1354	 -3.27	
000821	京山轻机	-1.28	0.00	轻工机械	2264	9.90	--  	10.03	239749	2091	          5.44	6.31	10.54	10.01	0.499㈢	    15.05	242703072	  0.79	         44.13亿	湖北	10.20	10.12	133047	106701	  1.25	10.01	160	 -3.65	
002376	新北洋	-2.08	0.56	电脑设备	623	17.74	--  	17.93	272636	1347	          4.74	4.43	18.55	17.92	0.400㈢	    34.29	494458560	  1.88	        103.08亿	山东	18.30	18.14	152288	120348	  1.27	17.92	13	 -4.44	
数据来源:通达信
