代码	名称	涨幅%%	涨速%%	细分行业	买量	最低	未匹配量	卖价	总量	现量	换手%%	振幅%%	最高	现价	每股收益	市盈(动)	总金额	量比	流通市值	地区	今开	均价	内盘	外盘	内外比	买价	卖量	强弱度%%	
300270	中威电子	10.06	0.00	通信设备	25242	7.86	--  	--  	115587	494	          7.66	8.65	8.53	8.53	0.130㈢	    54.18	96207872	  1.63	         12.87亿	浙江	7.96	8.32	58175	57411	  1.01	8.53	0	  7.70	
600100	同方股份	9.28	-0.08	电脑设备	1542	10.52	--  	11.20	613050	3001	          2.07	7.23	11.26	11.19	-0.193㈢	--  	679055552	  3.44	        331.66亿	北京	10.52	11.08	255934	357115	  0.72	11.19	1809	  8.16	
002512	达华智能	8.54	1.42	元器件	264	5.25	--  	5.73	761013	11084	          8.62	10.44	5.80	5.72	-0.368㈢	--  	423397440	  1.57	         50.52亿	福建	5.25	5.56	329153	431859	  0.76	5.72	785	  6.17	
300020	银江股份	6.58	0.72	软件服务	263	7.96	--  	8.42	353750	4387	          5.63	6.71	8.49	8.42	0.019㈢	   335.03	291571008	  1.46	         52.88亿	浙江	8.10	8.24	164225	189524	  0.87	8.41	1292	  4.22	
300212	易华录	6.05	0.15	软件服务	743	25.51	--  	26.63	182115	1009	          4.30	7.93	27.50	26.63	0.250㈢	    81.65	485816448	  1.23	        112.87亿	北京	25.59	26.68	86938	95176	  0.91	26.62	123	  3.69	
002373	千方科技	5.40	0.57	软件服务	324	15.30	--  	15.82	325384	3210	          3.88	5.66	16.15	15.82	0.360㈢	    35.96	513412480	  1.55	        132.78亿	北京	15.35	15.78	167858	157526	  1.07	15.81	265	  3.03	
002236	大华股份	5.23	0.12	电器仪表	1902	16.15	--  	16.49	1552241	10995	          8.46	6.89	17.23	16.49	0.540㈢	    23.71	2570447616	  1.75	        302.48亿	浙江	16.38	16.56	773961	778280	  0.99	16.48	239	  2.87	
300168	万达信息	5.20	-0.41	软件服务	2889	13.56	--  	14.17	600851	5414	          5.51	8.25	14.67	14.16	0.150㈢	    76.82	839646656	  1.50	        154.52亿	上海	13.62	13.97	289039	311812	  0.93	14.16	169	  2.84	
002869	金溢科技	4.42	0.43	通信设备	8	18.17	--  	18.89	49119	669	         10.81	8.57	19.72	18.89	-0.021㈢	--  	92816392	  2.09	          8.59亿	深圳	18.25	18.90	22514	26604	  0.85	18.85	33	  2.06	
600718	东软集团	4.22	0.08	软件服务	301	12.17	--  	12.60	451298	1377	          3.63	6.53	12.96	12.60	0.100㈢	    94.27	569866368	  1.48	        156.54亿	辽宁	12.51	12.63	213783	237514	  0.90	12.59	952	  3.10	
600845	宝信软件	4.03	0.03	软件服务	23	29.50	--  	30.17	108154	882	          1.69	5.17	31.00	30.17	0.630㈢	    38.29	327332320	  1.38	        193.34亿	上海	29.50	30.27	36692	71462	  0.51	30.16	92	  2.91	
300462	华铭智能	3.76	0.23	专用机械	273	16.58	--  	17.09	97278	862	         12.57	5.71	17.52	17.09	0.300㈢	    41.63	165909968	  1.48	         13.22亿	上海	16.58	17.06	45236	52041	  0.87	17.08	63	  1.40	
300024	机器人	3.35	0.17	专用机械	1010	17.00	--  	17.27	471214	3640	          3.11	4.49	17.75	17.27	0.211㈢	    61.38	820223168	  1.32	        261.40亿	辽宁	17.25	17.41	245281	225932	  1.09	17.26	2681	  0.99	
002401	中远海科	3.32	0.18	软件服务	68	10.59	--  	10.88	138332	2158	          4.60	5.51	11.17	10.88	0.232㈢	    35.16	150751392	  1.69	         32.69亿	上海	10.63	10.90	66443	71888	  0.92	10.87	20	  0.96	
300287	飞利信	3.00	-0.21	软件服务	3344	4.40	--  	4.48	850685	6665	          7.60	5.53	4.64	4.47	0.170㈢	    19.77	382388992	  1.39	         50.01亿	北京	4.41	4.50	401548	449137	  0.89	4.47	636	  0.63	
300007	汉威科技	2.21	0.00	电器仪表	252	11.50	--  	11.58	187856	1398	          8.28	7.33	12.33	11.58	0.309㈢	    28.10	222564176	  1.35	         26.28亿	河南	11.85	11.85	98756	89099	  1.11	11.57	170	 -0.16	
300552	万集科技	2.08	0.57	软件服务	3	17.49	--  	17.70	17332	206	          4.20	4.38	18.25	17.70	-0.149㈢	--  	30993288	  1.22	          7.30亿	北京	17.49	17.88	8555	8777	  0.97	17.68	581	 -0.29	
600476	湘邮科技	2.05	-0.06	软件服务	142	14.61	--  	14.90	80915	1949	          5.02	3.90	15.18	14.90	-0.068㈢	--  	121100112	  0.82	         24.00亿	湖南	14.75	14.97	39130	41784	  0.94	14.89	857	  0.93	
603869	新智认知	2.00	0.30	软件服务	279	19.41	--  	19.90	53382	395	          1.99	5.74	20.53	19.89	0.824㈢	    18.11	106685480	  1.14	         53.33亿	广西	19.56	19.99	28431	24950	  1.14	19.89	117	  0.88	
002073	软控股份	1.95	0.00	软件服务	994	5.10	--  	5.24	431837	2842	          5.27	5.45	5.38	5.24	0.084㈢	    46.96	225276304	  1.56	         42.91亿	山东	5.15	5.22	217637	214199	  1.02	5.23	577	 -0.42	
002609	捷顺科技	1.91	0.14	软件服务	1195	6.81	--  	6.93	128925	1300	          3.28	3.68	7.06	6.92	0.075㈢	    68.80	89309616	  1.16	         27.16亿	深圳	6.90	6.93	66566	62359	  1.07	6.92	1707	 -0.45	
002296	辉煌科技	1.67	0.00	通信设备	646	6.00	--  	6.09	147389	768	          4.57	4.18	6.25	6.08	0.105㈢	    43.27	89887208	  1.16	         19.63亿	河南	6.03	6.10	70965	76423	  0.93	6.08	467	 -0.69	
002253	川大智胜	1.57	0.36	软件服务	61	16.68	--  	16.87	101903	1025	          4.93	4.28	17.39	16.86	0.139㈢	    91.16	172915344	  1.02	         34.86亿	四川	16.80	16.97	51416	50487	  1.02	16.86	107	 -0.80	
300209	天泽信息	1.23	0.00	软件服务	443	13.03	--  	13.20	68665	289	          2.60	3.45	13.48	13.19	-0.074㈢	--  	91042392	  0.98	         34.79亿	江苏	13.12	13.26	34988	33677	  1.04	13.19	125	 -1.14	
603357	设计总院	0.95	0.10	建筑施工	345	20.10	--  	20.26	93931	769	          5.92	2.19	20.54	20.26	1.073㈢	    14.17	190545792	  1.07	         32.15亿	安徽	20.10	20.29	50752	43179	  1.18	20.25	281	 -0.17	
002316	亚联发展	0.62	0.12	软件服务	439	8.04	--  	8.10	135296	905	          4.61	3.48	8.32	8.09	0.155㈢	    39.18	110308176	  1.08	         23.74亿	深圳	8.09	8.15	66237	69059	  0.96	8.09	559	 -1.74	
603636	南威软件	0.54	-0.35	软件服务	1221	10.99	--  	11.10	200488	1672	          3.82	4.27	11.46	11.07	0.250㈢	    35.76	224757392	  1.27	         58.08亿	福建	11.02	11.21	86025	114462	  0.75	11.07	20	 -0.58	
002232	启明信息	0.48	0.12	软件服务	233	8.32	--  	8.36	100939	739	          2.50	3.13	8.58	8.36	0.098㈢	    63.80	85096344	  1.08	         33.75亿	吉林	8.32	8.43	46156	54783	  0.84	8.35	189	 -1.88	
000058	深 赛 格	0.25	0.00	元器件	3212	7.90	--  	8.01	321888	4159	          5.98	5.39	8.33	8.00	0.112㈢	    53.70	259519600	  0.78	         43.04亿	深圳	8.10	8.06	151509	170379	  0.89	8.00	2097	 -2.11	
002405	四维图新	0.13	-0.08	软件服务	1241	22.70	--  	22.89	787511	7434	          7.55	6.48	24.18	22.88	0.167㈢	   102.51	1835535232	  1.41	        238.51亿	北京	23.16	23.31	407742	379769	  1.07	22.88	2499	 -2.23	
300098	高新兴	0.00	-0.10	通信设备	377	9.09	--  	9.27	650444	5908	          5.00	6.37	9.68	9.26	0.230㈢	    31.16	609903808	  1.17	        120.56亿	广东	9.56	9.38	347242	303201	  1.15	9.26	2209	 -2.36	
002331	皖通科技	0.00	0.29	软件服务	38	10.18	--  	10.30	53492	190	          1.72	5.83	10.78	10.29	0.180㈢	    46.30	55864964	  0.98	         31.93亿	安徽	10.29	10.44	33608	19883	  1.69	10.29	379	 -2.36	
002131	利欧股份	0.00	0.54	互联网	34094	1.83	--  	1.85	3553535	54719	          9.15	4.32	1.91	1.85	0.050㈢	    33.50	664744320	  0.85	         71.85亿	浙江	1.85	1.87	1768987	1784548	  0.99	1.84	5868	 -2.36	
000925	众合科技	0.00	0.00	专用机械	1177	7.23	--  	7.30	197507	2425	          4.32	3.16	7.46	7.29	0.074㈢	    73.51	145416112	  1.09	         33.35亿	浙江	7.35	7.36	114103	83403	  1.37	7.29	691	 -2.36	
600289	*ST信通	-0.36	0.00	软件服务	2489	2.73	--  	2.75	108371	521	          1.91	2.90	2.81	2.75	-0.726㈢	--  	30053516	  0.86	         15.56亿	黑龙江	2.76	2.77	65318	43052	  1.52	2.74	2731	 -1.48	
300546	雄帝科技	-1.51	0.00	元器件	230	29.88	--  	29.91	36494	552	          5.68	3.59	30.97	29.91	0.435㈢	    51.55	110723136	  1.37	         19.23亿	深圳	30.95	30.34	22387	14107	  1.59	29.90	96	 -3.88	
002152	广电运通	-1.64	0.30	电脑设备	1180	6.51	--  	6.60	487043	2315	          2.46	4.63	6.82	6.59	0.184㈢	    26.85	326039264	  1.41	        130.39亿	广东	6.69	6.69	268929	218113	  1.23	6.59	2992	 -4.01	
数据来源:通达信
