代码	名称	涨幅%%	涨速%%	细分行业	买量	最低	未匹配量	卖价	总量	现量	换手%%	振幅%%	最高	现价	每股收益	市盈(动)	总金额	量比	流通市值	地区	今开	均价	内盘	外盘	内外比	买价	卖量	强弱度%%	
300279	和晶科技	9.98	0.00	元器件	142906	6.39	--  	--  	53453	414	          1.71	0.00	6.39	6.39	-0.089㈢	--  	34156524	  0.28	         19.97亿	江苏	6.39	6.39	43221	10232	  4.22	6.39	0	  7.62	
600100	同方股份	9.28	-0.08	电脑设备	1542	10.52	--  	11.20	613050	3001	          2.07	7.23	11.26	11.19	-0.193㈢	--  	679055552	  3.44	        331.66亿	北京	10.52	11.08	255934	357115	  0.72	11.19	1809	  8.16	
002421	达实智能	5.29	0.46	软件服务	3000	4.14	--  	4.38	806016	11095	          4.75	8.41	4.49	4.38	0.082㈢	    40.10	348085504	  1.87	         74.28亿	深圳	4.18	4.32	354979	451036	  0.79	4.37	1965	  2.92	
300310	宜通世纪	4.95	0.16	通信设备	689	6.00	--  	6.36	952505	11806	         15.16	9.08	6.55	6.36	-0.645㈢	--  	595671232	  1.20	         39.96亿	广东	6.17	6.25	448972	503533	  0.89	6.35	745	  2.59	
002761	多喜爱	4.92	0.29	纺织	609	16.38	--  	17.29	168917	2411	          8.32	9.65	17.97	17.28	0.146㈢	    88.79	290190080	  1.11	         35.07亿	湖南	16.39	17.18	79199	89717	  0.88	17.28	137	  2.55	
002139	拓邦股份	4.81	0.18	元器件	4049	5.42	--  	5.66	492331	2170	          6.28	6.30	5.76	5.66	0.200㈢	    22.25	277222240	  1.45	         44.38亿	深圳	5.45	5.63	225113	267218	  0.84	5.65	5887	  2.45	
002121	科陆电子	4.47	0.75	电器仪表	1031	5.20	--  	5.37	197683	5183	          2.18	3.50	5.38	5.37	0.014㈢	   286.34	104918840	  1.14	         48.63亿	深圳	5.25	5.31	93226	104457	  0.89	5.36	181	  2.11	
000671	阳 光 城	4.30	0.00	区域地产	744	7.02	--  	7.28	587811	3472	          1.48	7.02	7.51	7.28	0.390㈢	    13.99	429126752	  1.10	        289.15亿	福建	7.02	7.30	283770	304040	  0.93	7.27	1466	  1.93	
002528	英飞拓	3.71	0.68	电脑设备	18	4.37	--  	4.47	229215	3113	          2.65	4.87	4.58	4.47	0.060㈢	    61.05	102508432	  1.23	         38.63亿	深圳	4.38	4.47	118730	110484	  1.07	4.46	1423	  1.35	
002706	良信电器	3.14	0.16	电气设备	357	6.07	--  	6.25	138321	795	          2.54	5.45	6.40	6.25	0.280㈢	    16.75	86508272	  1.31	         33.97亿	上海	6.07	6.25	62769	75551	  0.83	6.24	252	  0.77	
300312	邦讯技术	2.86	0.11	通信设备	647	8.85	--  	9.00	274819	1636	         14.36	4.00	9.20	9.00	-0.034㈢	--  	248831792	  1.17	         17.22亿	北京	8.85	9.05	124227	150591	  0.82	8.99	1957	  0.49	
002681	奋达科技	2.81	0.21	家用电器	1771	4.65	--  	4.76	372420	1410	          3.37	4.33	4.85	4.75	0.160㈢	    28.08	177957936	  1.08	         52.48亿	深圳	4.65	4.78	161913	210506	  0.77	4.75	1079	  0.45	
300247	融捷健康	2.65	0.00	医疗保健	1248	3.78	--  	3.87	403836	1831	          6.60	5.04	3.97	3.87	0.057㈢	    51.30	157174528	  1.21	         23.69亿	安徽	3.82	3.89	191882	211954	  0.91	3.86	7217	  0.29	
300423	鲁亿通	2.46	0.25	电气设备	240	27.36	--  	27.96	85246	550	          7.80	6.74	29.20	27.95	1.230㈢	    18.25	241265152	  1.55	         30.56亿	山东	27.78	28.30	43650	41595	  1.05	27.95	109	  0.09	
000938	紫光股份	2.34	-0.07	软件服务	402	39.49	--  	39.88	142723	909	          4.95	3.93	41.02	39.86	0.796㈢	    37.53	574379136	  1.33	        115.00亿	北京	39.76	40.24	67854	74869	  0.91	39.86	530	 -0.03	
300007	汉威科技	2.21	0.00	电器仪表	252	11.50	--  	11.58	187856	1398	          8.28	7.33	12.33	11.58	0.309㈢	    28.10	222564176	  1.35	         26.28亿	河南	11.85	11.85	98756	89099	  1.11	11.57	170	 -0.16	
000521	长虹美菱	2.16	0.26	家用电器	8274	3.76	--  	3.79	318861	4947	          3.97	2.96	3.87	3.79	0.063㈢	    45.24	121784024	  0.99	         30.42亿	安徽	3.79	3.82	170070	148791	  1.14	3.78	1652	 -0.21	
300183	东软载波	1.95	0.07	软件服务	219	14.00	--  	14.11	112540	544	          4.20	3.54	14.49	14.10	0.250㈢	    42.35	159893152	  1.39	         37.82亿	山东	14.33	14.21	57707	54833	  1.05	14.10	25	 -0.41	
603008	喜临门	1.59	-0.19	家居用品	142	10.06	--  	10.24	123643	1033	          3.87	2.98	10.36	10.23	0.404㈢	    19.01	126531608	  1.52	         32.69亿	浙江	10.16	10.23	58265	65377	  0.89	10.23	264	  0.47	
002280	联络互动	1.57	0.22	软件服务	134	4.49	--  	4.54	578363	3345	          3.38	3.36	4.64	4.53	0.065㈢	    52.36	264294640	  1.12	         77.55亿	浙江	4.51	4.57	297310	281053	  1.06	4.53	1395	 -0.79	
600690	青岛海尔	1.51	-0.16	家用电器	217	17.25	--  	17.44	591212	5275	          0.97	3.49	17.85	17.43	1.000㈢	    13.59	1041280000	  1.11	       1062.78亿	山东	17.25	17.61	305275	285936	  1.07	17.43	112	  0.39	
000936	华西股份	1.48	0.24	化纤	1717	8.18	--  	8.25	859485	6909	          9.71	5.05	8.59	8.24	0.331㈢	    18.68	720736256	  0.99	         72.95亿	江苏	8.52	8.39	441196	418288	  1.05	8.24	988	 -0.89	
002444	巨星科技	1.45	0.00	轻工机械	372	11.07	--  	11.19	161332	1171	          1.59	3.45	11.45	11.18	0.526㈢	    15.93	181731360	  1.22	        113.13亿	浙江	11.07	11.26	70319	91012	  0.77	11.18	100	 -0.91	
002631	德尔未来	1.16	0.13	家居用品	1295	7.77	--  	7.83	108889	803	          1.68	2.84	7.99	7.83	0.190㈢	    30.97	85595392	  1.00	         50.64亿	江苏	7.81	7.86	58577	50312	  1.16	7.82	275	 -1.20	
300342	天银机电	1.09	0.36	元器件	253	8.28	--  	8.37	109477	704	          2.75	2.42	8.48	8.36	0.229㈢	    27.42	91708304	  1.11	         33.28亿	江苏	8.30	8.38	56939	52537	  1.08	8.36	244	 -1.28	
002293	罗莱生活	0.98	0.10	纺织	85	10.20	--  	10.35	80611	836	          1.15	3.03	10.51	10.33	0.510㈢	    15.50	83462448	  1.10	         72.34亿	江苏	10.30	10.35	42098	38512	  1.09	10.33	115	 -1.39	
300155	安居宝	0.97	0.19	元器件	337	5.13	--  	5.19	121595	2190	          4.38	3.31	5.30	5.18	0.054㈢	    71.74	63415220	  0.90	         14.37亿	广东	5.13	5.22	59945	61649	  0.97	5.18	242	 -1.39	
300749	顶固集创	0.95	-0.10	家居用品	2	36.51	--  	37.15	90264	1104	         31.67	4.48	38.16	37.14	0.452㈢	    61.68	336782272	  0.80	         10.58亿	广东	36.63	37.31	44361	45902	  0.97	37.14	90	 -1.41	
002402	和而泰	0.93	-0.22	元器件	962	8.62	--  	8.68	258722	1771	          3.58	3.73	8.94	8.67	0.216㈢	    30.14	227023088	  0.94	         62.66亿	深圳	8.70	8.77	130901	127821	  1.02	8.67	198	 -1.43	
000017	深中华A	0.81	-0.19	文教休闲	1833	4.91	--  	4.97	135160	1882	          4.46	3.25	5.07	4.97	0.002㈢	  1895.02	67514976	  0.92	         15.06亿	深圳	4.94	5.00	62188	72971	  0.85	4.96	967	 -1.55	
002396	星网锐捷	0.61	0.19	通信设备	10	21.22	--  	21.45	325546	3718	          6.04	3.19	21.90	21.45	0.690㈢	    23.32	699588928	  1.71	        115.64亿	福建	21.41	21.49	165172	160374	  1.03	21.44	63	 -1.75	
601567	三星医疗	0.60	-0.14	电器仪表	506	6.69	--  	6.73	71035	57	          0.51	2.69	6.87	6.73	0.299㈢	    16.85	48047864	  1.10	         93.32亿	浙江	6.74	6.76	38914	32120	  1.21	6.72	277	 -0.52	
300131	英唐智控	0.53	0.00	元器件	2357	5.65	--  	5.73	450220	2449	          5.66	3.51	5.85	5.72	0.150㈢	    28.69	259196752	  0.93	         45.52亿	深圳	5.69	5.76	225094	225125	  1.00	5.72	3227	 -1.84	
002482	广田集团	0.51	0.34	装修装饰	33	5.86	--  	5.91	189790	655	          1.24	3.41	6.06	5.90	0.300㈢	    14.73	112851976	  1.38	         90.23亿	深圳	5.88	5.95	84206	105584	  0.80	5.90	809	 -1.85	
002084	海鸥住工	0.42	-0.20	家居用品	302	4.76	--  	4.81	55501	465	          1.11	2.51	4.88	4.80	0.069㈢	    52.44	26775500	  1.19	         23.90亿	广东	4.78	4.82	28784	26717	  1.08	4.80	191	 -1.95	
300701	森霸传感	0.14	0.06	元器件	11	35.00	--  	35.28	25881	295	         11.41	3.12	36.10	35.26	0.653㈢	    40.49	91955976	  1.05	          8.00亿	河南	35.30	35.53	13697	12184	  1.12	35.26	4	 -2.22	
600321	*ST正源	0.00	0.44	其他建材	4044	2.27	--  	2.29	148115	357	          0.98	3.06	2.34	2.29	0.012㈢	   141.87	34132168	  1.16	         34.59亿	四川	2.30	2.30	90351	57763	  1.56	2.28	98	 -1.12	
600193	*ST创兴	0.00	0.26	装修装饰	803	3.84	--  	3.89	73696	277	          1.73	3.60	3.98	3.89	0.045㈢	    64.36	28891434	  1.14	         16.55亿	上海	3.93	3.92	41362	32334	  1.28	3.88	488	 -1.12	
603848	好太太	-0.11	0.00	家居用品	71	17.50	--  	17.62	37024	587	          5.21	3.29	18.08	17.62	0.464㈢	    28.46	65906368	  1.21	         12.53亿	广东	17.76	17.80	20801	16223	  1.28	17.61	43	 -1.23	
002705	新宝股份	-0.38	0.00	家用电器	126	10.58	--  	10.61	55201	1229	          0.69	4.42	11.05	10.60	0.447㈢	    17.79	59557976	  1.80	         84.39亿	广东	10.66	10.79	24289	30912	  0.79	10.60	560	 -2.74	
603816	顾家家居	-1.60	0.02	家居用品	41	53.40	--  	53.68	35360	192	          3.97	3.95	55.55	53.51	1.900㈢	    21.98	193410832	  1.38	         47.68亿	浙江	54.38	54.70	19786	15573	  1.27	53.51	2	 -2.72	
002375	亚厦股份	-1.72	0.16	装修装饰	1157	6.26	--  	6.30	192804	1777	          1.54	3.59	6.49	6.29	0.233㈢	    20.26	122870856	  1.57	         78.73亿	浙江	6.41	6.37	125607	67197	  1.87	6.29	895	 -4.08	
603583	捷昌驱动	-2.76	0.07	电气设备	35	69.15	--  	70.60	21997	116	          7.28	4.85	72.67	70.56	1.760㈢	    40.04	155185936	  0.96	         21.31亿	浙江	71.05	70.55	12292	9704	  1.27	70.56	2	 -3.88	
603313	梦百合	-3.32	0.70	家居用品	135	22.60	--  	22.98	39002	1038	          4.74	6.14	24.06	22.98	0.460㈢	    37.73	91375784	  1.98	         18.92亿	江苏	23.78	23.43	21562	17439	  1.24	22.97	36	 -4.45	
数据来源:通达信
