代码	名称	涨幅%%	涨速%%	细分行业	买量	最低	未匹配量	卖价	总量	现量	换手%%	振幅%%	最高	现价	每股收益	市盈(动)	总金额	量比	流通市值	地区	今开	均价	内盘	外盘	内外比	买价	卖量	强弱度%%	
601319	中国人保	10.05	0.00	保险	134658	9.04	--  	--  	2212617	2827	         21.88	6.85	9.64	9.64	0.274㈢	    26.39	2105869312	  0.69	         97.48亿	北京	9.30	9.52	1242780	969836	  1.28	9.64	0	  8.92	
601865	福莱特	10.04	0.00	玻璃	182721	8.22	--  	--  	5411	135	          0.36	0.00	8.22	8.22	0.149㈢	    41.47	4448196	  1.13	         12.33亿	浙江	8.22	8.22	4543	868	  5.23	8.22	0	  8.92	
601068	中铝国际	10.03	0.00	建筑施工	12234	6.73	--  	--  	1380740	2013	         46.66	10.77	7.46	7.46	0.070㈢	    65.94	1006529024	  1.54	         22.07亿	北京	7.00	7.29	823684	557056	  1.48	7.46	0	  8.91	
601860	紫金银行	10.01	0.00	银行	27571	8.39	--  	--  	2323649	3006	         63.47	12.34	9.45	9.45	0.270㈢	    26.28	2113238784	  1.35	         34.60亿	江苏	8.66	9.09	1217093	1106555	  1.10	9.45	0	  8.89	
300758	七彩化学	9.99	0.00	染料涂料	5551	54.00	--  	--  	156128	83	         58.52	4.59	56.35	56.35	0.806㈢	    52.47	864320768	325.27	         15.03亿	辽宁	56.35	55.36	78324	77803	  1.01	56.35	0	  7.63	
603956	威派格	9.99	0.00	专用机械	52665	14.53	--  	--  	1076	5	          0.25	0.00	14.53	14.53	0.156㈢	    69.90	1563937	  2.24	          6.19亿	上海	14.53	14.53	937	139	  6.74	14.53	0	  8.87	
300504	天邑股份	9.99	0.00	通信设备	18213	27.20	--  	--  	145097	121	         21.70	7.85	29.29	29.29	0.530㈢	    44.81	415547520	  1.64	         19.58亿	四川	27.23	28.64	70592	74504	  0.95	29.29	0	  7.62	
002949	华阳国际	9.99	0.00	建筑施工	41330	22.14	--  	--  	965	5	          0.20	0.00	22.14	22.14	0.187㈡	    59.26	2135403	  4.02	         10.86亿	深圳	22.14	22.14	870	94	  9.26	22.14	0	  7.62	
600928	西安银行	9.94	0.00	银行	524603	7.41	--  	--  	4652	30	          0.10	0.00	7.41	7.41	0.406㈢	    13.69	3446895	  1.08	         32.93亿	陕西	7.41	7.41	4314	337	 12.80	7.41	0	  8.82	
002936	郑州银行	8.46	-0.92	银行	1766	5.86	--  	6.41	2498849	19376	         41.65	10.83	6.50	6.41	0.650㈢	     8.29	1569580288	  1.46	         38.46亿	河南	5.93	6.28	1481911	1016938	  1.46	6.40	92	  6.10	
603259	药明康德	7.53	0.50	化学制药	140	89.95	--  	96.67	113543	709	         10.90	9.93	98.88	96.66	1.940㈢	    43.99	1084659200	  1.95	        100.72亿	江苏	89.95	95.53	53170	60372	  0.88	96.66	1	  6.41	
601598	中国外运	6.81	-0.34	仓储物流	11343	5.30	--  	5.66	2268482	19198	         16.78	9.83	5.82	5.65	0.262㈢	    16.18	1275669504	  1.50	         76.37亿	北京	5.33	5.62	1110178	1158303	  0.96	5.65	6604	  5.68	
300761	立华股份	6.28	0.32	农业综合	1	86.68	--  	91.28	142941	1721	         34.63	8.15	93.68	91.28	2.418㈢	    28.32	1285753344	  0.92	         37.68亿	江苏	90.98	89.95	73885	69055	  1.07	91.27	65	  3.91	
601066	中信建投	5.78	-3.81	证券	12035	22.25	--  	23.42	1654062	43755	         41.35	9.44	24.34	23.41	0.300㈢	    61.43	3902680576	  1.64	         93.64亿	北京	22.95	23.59	883917	770145	  1.15	23.41	70	  4.66	
601330	绿色动力	5.70	0.14	环境保护	3977	13.30	--  	14.10	300500	7300	         25.86	7.13	14.25	14.09	0.220㈢	    50.87	412992352	  1.62	         16.37亿	深圳	13.36	13.74	129040	171460	  0.75	14.09	1099	  4.58	
603220	贝通信	5.63	0.56	通信设备	856	35.88	--  	37.56	263843	4053	         31.25	6.92	38.34	37.55	0.213㈢	   132.47	985187200	  1.01	         31.71亿	湖北	35.88	37.34	128436	135407	  0.95	37.55	42	  4.50	
002948	青岛银行	5.20	-0.99	银行	2777	7.42	--  	7.89	2222168	19959	         49.27	11.07	8.25	7.89	0.389㈢	    15.21	1764634496	  1.19	         35.58亿	山东	7.50	7.94	1152106	1070061	  1.08	7.88	877	  2.84	
601162	天风证券	5.18	-0.19	证券	2183	9.45	--  	10.16	2273946	25044	         43.90	12.12	10.62	10.15	0.051㈢	   149.36	2304006912	  1.12	         52.58亿	湖北	9.89	10.13	1207777	1066168	  1.13	10.15	2999	  4.06	
002941	新疆交建	4.92	0.06	建筑施工	2112	33.26	--  	35.01	211703	3920	         32.57	6.56	35.45	35.00	0.526㈢	    49.90	730628416	  0.80	         22.75亿	新疆	33.36	34.51	105651	106051	  1.00	35.00	83	  2.55	
601298	青岛港	4.49	0.12	港口	1651	7.81	--  	8.15	1418021	17610	         31.21	7.45	8.39	8.14	0.438㈢	    13.93	1149139072	  1.21	         36.99亿	山东	7.85	8.10	667183	750838	  0.89	8.14	10725	  3.37	
300634	彩讯股份	4.40	0.26	软件服务	93	26.26	--  	27.29	86218	1082	         21.55	7.35	28.18	27.29	0.206㈢	    99.48	234845536	  1.47	         10.92亿	深圳	26.26	27.24	40066	46152	  0.87	27.28	38	  2.03	
603185	上机数控	4.15	0.34	机床制造	591	55.87	--  	58.69	89335	1181	         28.36	6.44	59.50	58.68	1.374㈢	    32.03	513334816	  1.54	         18.48亿	江苏	56.68	57.46	43343	45992	  0.94	58.68	1	  3.03	
601606	长城军工	3.95	0.00	专用机械	4075	16.85	--  	17.91	579826	11554	         39.18	8.19	18.26	17.90	0.055㈢	   243.25	1011628352	  1.06	         26.49亿	安徽	16.96	17.45	295338	284488	  1.04	17.90	188	  2.83	
002945	华林证券	3.84	-0.65	证券	419	14.04	--  	15.16	1412353	22906	         52.31	13.84	16.06	15.16	0.095㈢	   119.40	2137548928	  1.56	         40.93亿	西藏	14.70	15.13	719063	693290	  1.04	15.15	3121	  1.47	
300674	宇信科技	3.81	-0.05	软件服务	401	34.10	--  	35.66	152492	1589	         38.11	7.77	36.77	35.66	0.205㈢	   130.28	539333568	  0.97	         14.27亿	北京	34.99	35.37	75141	77351	  0.97	35.65	94	  1.45	
300757	罗博特科	3.79	-0.07	专用机械	270	68.00	--  	71.00	50781	584	         25.39	6.55	72.48	70.99	0.799㈢	    66.67	355806720	  1.06	         14.20亿	江苏	68.00	70.07	22983	27798	  0.83	70.99	26	  1.42	
300751	迈为股份	3.63	-0.06	专用机械	129	165.00	--  	172.86	15371	114	         11.82	6.07	175.13	172.86	4.260㈣	    52.59	261477600	  0.96	         22.47亿	江苏	167.53	170.12	6255	9115	  0.69	172.80	24	  1.26	
603666	亿嘉和	3.38	-0.10	专用机械	504	53.00	--  	54.45	35630	292	         14.51	6.27	56.30	54.40	0.914㈢	    44.62	194425536	  1.13	         13.36亿	江苏	53.10	54.57	17388	18242	  0.95	54.40	5	  2.26	
603706	东方环宇	3.33	-0.21	供气供热	1342	26.16	--  	27.35	110791	1228	         27.70	6.20	27.80	27.34	0.490㈢	    51.97	297223872	  1.49	         10.94亿	新疆	26.49	26.83	54200	56590	  0.96	27.34	46	  2.20	
300760	迈瑞医疗	3.24	0.13	医疗保健	1	129.71	--  	132.55	71485	510	          5.88	7.08	138.80	132.55	2.650㈢	    41.72	959811136	  1.23	        161.18亿	深圳	129.71	134.27	37219	34265	  1.09	132.53	2	  0.88	
300759	康龙化成	3.21	0.35	化学制药	23	40.40	--  	42.46	293863	4078	         44.78	10.91	44.89	42.46	0.351㈢	    90.62	1245913984	  0.93	         27.87亿	北京	40.80	42.40	150109	143753	  1.04	42.45	2542	  0.84	
300752	隆利科技	3.04	0.36	元器件	16	70.31	--  	73.26	37749	448	         20.78	6.54	74.96	73.26	1.894㈢	    29.01	273718592	  1.06	         13.31亿	深圳	71.80	72.51	18013	19735	  0.91	73.25	18	  0.67	
601990	南京证券	2.87	-0.21	证券	2403	12.81	--  	13.64	1224457	11680	         44.52	13.36	14.58	13.63	0.090㈢	   124.33	1685017856	  1.38	         37.49亿	江苏	13.30	13.76	631908	592548	  1.07	13.63	2042	  1.75	
601577	长沙银行	2.80	-0.08	银行	737	10.90	--  	11.39	1176820	10457	         34.39	11.55	12.18	11.39	1.210㈢	     7.84	1345286528	  1.07	         38.97亿	湖南	11.08	11.43	569773	607047	  0.94	11.38	1012	  1.68	
603013	亚普股份	2.74	-0.10	汽车配件	63	17.76	--  	18.36	85613	2885	         14.27	3.53	18.39	18.35	0.490㈢	    30.04	154543888	  1.18	         11.01亿	江苏	17.95	18.05	40326	45287	  0.89	18.35	230	  1.62	
300755	华致酒行	2.69	0.16	其他商业	67	29.98	--  	30.94	170112	1831	         29.39	7.14	32.13	30.93	0.992㈣	    31.19	527785984	  1.27	         17.90亿	云南	30.50	31.03	80706	89405	  0.90	30.93	79	  0.32	
601869	长飞光纤	2.68	0.34	通信设备	404	46.96	--  	47.56	127269	942	         16.79	4.62	49.10	47.55	1.760㈢	    21.85	612072640	  1.26	         36.04亿	湖北	46.97	48.09	64290	62978	  1.02	47.55	5	  1.56	
300750	宁德时代	2.62	0.13	电气设备	19	90.73	--  	92.39	140369	723	          6.46	4.92	95.16	92.39	1.170㈢	    63.95	1306102144	  1.33	        200.71亿	福建	91.50	93.05	68447	71922	  0.95	92.38	117	  0.26	
300747	锐科激光	2.56	0.04	元器件	1	144.01	--  	146.56	37247	220	         11.64	4.09	149.86	146.56	3.420㈢	    38.62	548846848	  1.24	         46.90亿	湖北	144.49	147.35	18522	18725	  0.99	146.55	3	  0.20	
603650	彤程新材	2.14	0.36	化工原料	37	21.98	--  	22.43	99480	1720	         16.92	3.64	22.78	22.42	0.590㈢	    30.55	223098992	  1.24	         13.18亿	上海	22.14	22.43	50146	49334	  1.02	22.42	26	  1.02	
002947	恒铭达	1.97	0.15	元器件	211	51.40	--  	53.98	126854	1780	         41.76	8.50	55.90	53.96	0.706㈢	    57.32	679346752	  1.02	         16.39亿	江苏	53.10	53.55	59916	66937	  0.90	53.96	18	 -0.40	
603897	长城科技	1.96	0.04	电气设备	511	23.97	--  	24.48	59578	658	         13.36	3.79	24.88	24.47	0.900㈢	    23.05	145454864	  1.32	         10.91亿	浙江	24.10	24.41	29413	30164	  0.98	24.47	358	  0.84	
603486	科沃斯	1.91	1.12	家用电器	3	56.70	--  	57.77	18829	107	          4.70	4.41	59.20	57.77	0.760㈢	    60.30	109186424	  1.23	         23.17亿	江苏	56.71	57.99	10326	8502	  1.21	57.76	5	  0.78	
002939	长城证券	1.88	-0.41	证券	739	13.44	--  	14.13	1053976	9656	         33.96	12.99	15.24	14.12	0.154㈢	    68.56	1511546752	  1.06	         43.82亿	深圳	14.03	14.34	523015	530961	  0.99	14.12	5076	 -0.49	
300748	金力永磁	1.83	0.82	元器件	1034	26.10	--  	27.21	131721	2487	         31.66	6.44	27.82	27.20	0.390㈣	    76.40	353569536	  0.99	         11.32亿	江西	26.62	26.84	66555	65166	  1.02	27.20	10	 -0.53	
603121	华培动力	1.67	-0.05	汽车配件	252	31.50	--  	32.25	127722	2126	         28.38	5.11	33.12	32.25	0.338㈢	    71.64	412111936	  0.83	         14.51亿	上海	31.80	32.27	62353	65368	  0.95	32.24	35	  0.55	
300694	蠡湖股份	1.60	0.00	汽车配件	458	21.80	--  	22.25	115649	1587	         21.48	3.93	22.66	22.24	0.378㈢	    44.16	256827472	  0.85	         11.97亿	江苏	21.90	22.21	55570	60079	  0.92	22.24	535	 -0.77	
002937	兴瑞科技	1.54	-0.02	元器件	1044	29.50	--  	29.71	122699	1029	         26.67	4.92	30.94	29.70	0.580㈢	    51.40	370310944	  0.88	         13.66亿	浙江	29.99	30.18	64641	58058	  1.11	29.70	136	 -0.83	
601138	工业富联	1.53	0.07	通信设备	1811	15.13	--  	15.32	938905	8160	          8.40	5.04	15.89	15.31	0.530㈢	    23.18	1458847488	  1.13	        171.15亿	深圳	15.13	15.54	497069	441835	  1.13	15.31	758	  0.40	
603192	汇得科技	1.46	0.12	化工原料	23	32.66	--  	33.43	51994	1035	         19.50	3.67	33.87	33.42	1.100㈢	    29.26	172942912	  1.06	          8.91亿	上海	33.05	33.26	26580	25413	  1.05	33.42	50	  0.34	
300742	越博动力	1.38	0.23	汽车配件	60	42.80	--  	43.46	22089	323	         11.25	2.52	43.88	43.45	0.330㈢	   113.54	95997632	  1.01	          8.53亿	江苏	42.86	43.46	9551	12538	  0.76	43.45	11	 -0.99	
300454	深信服	1.36	-0.65	软件服务	3	100.00	--  	101.57	18708	109	          4.68	6.00	106.00	101.30	0.820㈢	    97.91	193170960	  0.78	         40.53亿	深圳	100.00	103.25	9613	9095	  1.06	101.30	2	 -1.00	
603790	雅运股份	1.26	0.00	染料涂料	377	22.88	--  	23.30	76490	745	         20.79	4.00	23.80	23.29	0.980㈢	    23.79	177749760	  1.09	          8.57亿	上海	23.00	23.24	39072	37417	  1.04	23.29	361	  0.14	
300753	爱朋医疗	1.21	0.05	医疗保健	80	43.43	--  	44.16	40948	368	         20.27	4.01	45.18	44.16	0.614㈢	    53.98	180882016	  0.92	          8.92亿	江苏	43.62	44.17	20189	20758	  0.97	44.15	164	 -1.15	
603590	康辰药业	1.05	-0.02	化学制药	141	35.26	--  	35.51	36686	391	          9.17	2.90	36.28	35.51	1.260㈢	    27.15	130839136	  1.16	         14.20亿	北京	35.50	35.66	17996	18689	  0.96	35.50	20	 -0.07	
002942	新农股份	1.02	0.23	农药化肥	40	34.15	--  	34.68	76788	964	         25.60	3.85	35.47	34.68	0.910㈢	    28.60	266997888	  0.91	         10.40亿	浙江	34.20	34.77	39353	37434	  1.05	34.67	159	 -1.34	
603596	伯特利	0.97	0.00	汽车配件	859	21.60	--  	21.86	57965	617	         14.19	2.87	22.22	21.85	0.580㈢	    29.70	126922016	  0.80	          8.93亿	安徽	21.86	21.90	29250	28714	  1.02	21.85	297	 -0.15	
603713	密尔克卫	0.96	0.33	仓储物流	1	35.94	--  	36.63	42350	442	         11.11	3.47	37.20	36.63	0.830㈢	    40.08	154649776	  0.97	         13.96亿	上海	36.70	36.52	20910	21439	  0.98	36.62	48	 -0.16	
300749	顶固集创	0.95	-0.10	家居用品	2	36.51	--  	37.15	90264	1104	         31.67	4.48	38.16	37.14	0.452㈢	    61.68	336782272	  0.80	         10.58亿	广东	36.63	37.31	44361	45902	  0.97	37.14	90	 -1.41	
603810	丰山集团	0.82	0.02	农药化肥	32	40.99	--  	41.66	35265	372	         17.63	3.20	42.31	41.65	1.580㈢	    26.31	146599872	  1.06	          8.33亿	江苏	41.35	41.57	17557	17707	  0.99	41.65	64	 -0.30	
300746	汉嘉设计	0.80	0.05	建筑施工	469	21.09	--  	21.30	100853	1068	         19.17	3.12	21.75	21.30	0.240㈢	    76.27	215624496	  1.01	         11.20亿	浙江	21.37	21.38	48439	52413	  0.92	21.29	291	 -1.56	
603629	利通电子	0.80	0.00	元器件	156	37.83	--  	38.01	75821	1038	         30.33	5.70	39.98	38.00	0.678㈢	    42.02	293901952	  1.10	          9.50亿	江苏	39.98	38.76	37496	38324	  0.98	38.00	131	 -0.33	
002946	新乳业	0.70	-0.04	乳制品	1116	19.50	--  	20.05	374706	4491	         43.89	8.54	21.20	20.04	0.205㈢	    73.18	759100928	  1.06	         17.11亿	四川	19.87	20.26	185991	188715	  0.99	20.04	205	 -1.66	
603657	春光科技	0.69	0.09	塑料	284	31.60	--  	31.99	42721	345	         17.80	2.68	32.45	31.98	0.970㈢	    30.74	136719024	  1.00	          7.68亿	浙江	31.76	32.00	22500	20220	  1.11	31.98	6	 -0.43	
603739	蔚蓝生物	0.59	0.00	农业综合	935	35.13	--  	35.81	136711	1964	         35.36	6.10	37.30	35.80	0.338㈢	    79.39	492188576	  0.93	         13.84亿	山东	35.40	36.00	68310	68400	  1.00	35.80	8	 -0.53	
002932	明德生物	0.59	0.02	医疗保健	7	46.13	--  	46.42	21993	192	         13.21	2.86	47.45	46.40	0.890㈢	    48.27	102887184	  1.01	          7.72亿	湖北	46.52	46.78	10980	11013	  1.00	46.40	22	 -1.78	
601615	明阳智能	0.57	-0.23	机械基件	3398	11.93	--  	12.28	774972	10328	         28.09	7.05	12.79	12.27	0.187㈢	    49.09	955314880	  0.94	         33.85亿	广东	12.21	12.33	382545	392426	  0.97	12.27	438	 -0.55	
002930	宏川智慧	0.51	0.00	仓储物流	114	27.10	--  	27.45	98286	1940	         16.16	3.11	27.95	27.44	0.350㈢	    64.84	270801696	  0.84	         16.69亿	广东	27.46	27.55	53597	44688	  1.20	27.44	248	 -1.85	
603693	江苏新能	0.51	0.00	新型电力	1693	15.62	--  	15.78	170329	1911	         14.43	2.99	16.09	15.78	0.530㈢	    25.78	269917088	  1.00	         18.62亿	江苏	15.74	15.85	92398	77930	  1.19	15.77	103	 -0.61	
300745	欣锐科技	0.50	0.26	汽车配件	129	37.75	--  	38.41	62506	895	         21.83	2.90	38.86	38.40	0.570㈢	    59.07	239269152	  1.25	         10.99亿	深圳	38.25	38.28	32031	30475	  1.05	38.40	61	 -1.87	
002943	宇晶股份	0.44	0.23	机床制造	145	42.51	--  	43.31	75239	1154	         30.10	4.36	44.39	43.30	0.827㈢	    39.25	326878080	  0.81	         10.82亿	湖南	42.96	43.45	37015	38223	  0.97	43.30	9	 -1.92	
002935	天奥电子	0.43	0.39	元器件	68	48.76	--  	49.14	54382	545	         20.39	3.82	50.63	49.13	0.390㈢	   122.20	269385504	  0.92	         13.10亿	四川	49.16	49.54	27153	27228	  1.00	49.13	9	 -1.94	
300743	天地数码	0.36	-0.22	电脑设备	4	39.08	--  	39.48	17831	262	         10.81	3.30	40.38	39.48	0.440㈢	    75.38	71035792	  0.95	          6.51亿	浙江	39.75	39.84	8507	9324	  0.91	39.44	221	 -2.01	
002931	锋龙股份	0.35	0.38	汽车配件	62	33.75	--  	34.17	38364	504	         17.27	2.35	34.55	34.17	0.410㈢	    68.47	131077744	  0.89	          7.59亿	浙江	34.06	34.17	19553	18811	  1.04	34.16	43	 -2.01	
002940	昂利康	0.24	0.17	化学制药	170	41.51	--  	41.78	42287	603	         18.79	2.59	42.59	41.77	1.102㈢	    28.42	177428752	  0.97	          9.40亿	浙江	41.75	41.96	21883	20404	  1.07	41.77	5	 -2.12	
603773	沃格光电	0.22	0.08	元器件	87	50.00	--  	50.38	35508	300	         15.01	4.30	52.16	50.36	2.010㈢	    21.11	182104144	  1.32	         11.91亿	江西	51.10	51.29	20457	15050	  1.36	50.36	10	 -0.90	
603587	地素时尚	0.17	0.12	服饰	185	24.13	--  	24.24	71571	1420	         11.73	3.22	24.91	24.23	1.250㈢	    16.20	175367600	  1.13	         14.78亿	上海	24.33	24.50	38473	33098	  1.16	24.23	44	 -0.96	
603351	威尔药业	0.15	0.15	化学制药	9	61.12	--  	61.76	37010	658	         22.21	3.34	63.18	61.75	1.262㈢	    36.71	230077264	  0.85	         10.29亿	江苏	61.95	62.17	19166	17844	  1.07	61.75	20	 -0.98	
603332	苏州龙杰	0.07	0.05	化纤	237	39.90	--  	40.19	79069	1412	         26.59	3.36	41.25	40.18	1.109㈢	    27.17	320069792	  0.82	         11.95亿	江苏	39.97	40.48	38915	40154	  0.97	40.18	360	 -1.05	
603700	宁波水表	0.06	-0.15	电器仪表	577	31.30	--  	31.68	139293	2188	         35.63	5.09	32.91	31.67	0.658㈢	    36.12	446035296	  0.97	         12.38亿	浙江	31.58	32.02	71097	68196	  1.04	31.67	197	 -1.06	
603876	鼎胜新材	0.05	0.00	铝	329	19.02	--  	19.12	76360	1145	         11.75	2.57	19.51	19.11	0.450㈢	    34.46	147011920	  1.03	         12.42亿	江苏	19.15	19.25	39553	36806	  1.07	19.11	35	 -1.07	
603348	文灿股份	0.04	0.08	汽车配件	518	23.66	--  	23.79	71847	1369	         13.06	2.27	24.20	23.79	0.540㈢	    37.35	171682512	  0.88	         13.08亿	广东	23.92	23.90	39003	32843	  1.19	23.78	75	 -1.08	
601975	ST长油	0.00	-0.41	水运	12241	2.38	--  	2.40	981593	9555	          5.17	1.67	2.42	2.39	0.044㈢	    40.84	235438000	  1.04	         45.38亿	江苏	2.39	2.40	514389	467203	  1.10	2.39	24966	 -1.12	
002933	新兴装备	-0.02	0.17	航空	179	51.74	--  	52.25	60088	460	         20.47	3.94	53.80	52.24	0.980㈢	    51.40	317089536	  0.85	         15.33亿	北京	52.33	52.77	32046	28041	  1.14	52.24	27	 -2.38	
300756	中山金马	-0.04	0.03	专用机械	126	95.48	--  	97.15	18060	294	         18.06	4.30	99.66	97.11	2.365㈢	    30.80	175645056	  0.89	          9.71亿	广东	97.78	97.26	9201	8858	  1.04	97.11	48	 -2.41	
603045	福达合金	-0.10	-0.16	电气设备	337	29.55	--  	29.68	33176	571	         13.50	2.49	30.29	29.67	0.440㈢	    58.89	98985112	  0.98	          7.29亿	浙江	29.80	29.84	17252	15923	  1.08	29.67	177	 -1.22	
603187	海容冷链	-0.10	0.06	机械基件	144	47.60	--  	48.02	37513	360	         18.76	2.56	48.83	48.02	1.547㈢	    23.28	180685952	  1.09	          9.60亿	山东	47.77	48.17	19785	17727	  1.12	48.01	34	 -1.23	
600929	湖南盐业	-0.31	0.32	食品	518	9.50	--  	9.56	242241	2361	         16.15	2.92	9.78	9.55	0.110㈢	    66.17	233373232	  1.00	         14.33亿	湖南	9.75	9.63	124366	117875	  1.06	9.55	282	 -1.43	
603301	振德医疗	-0.45	0.51	医疗保健	92	34.99	--  	35.26	32590	165	         13.04	3.59	36.26	35.26	0.960㈢	    31.02	115916648	  0.92	          8.81亿	浙江	35.29	35.57	17939	14651	  1.22	35.25	264	 -1.57	
603733	仙鹤股份	-0.46	0.17	造纸	236	17.15	--  	17.23	93265	1212	         15.04	3.52	17.76	17.23	0.430㈢	    31.61	162292224	  0.96	         10.68亿	浙江	17.33	17.40	51243	42021	  1.22	17.22	33	 -1.58	
603297	永新光学	-0.48	0.06	电器仪表	56	51.60	--  	51.72	51674	373	         24.61	5.68	54.55	51.71	1.480㈢	    35.00	272833792	  1.24	         10.86亿	浙江	53.93	52.80	28980	22694	  1.28	51.71	1	 -1.60	
603214	爱婴室	-0.57	-0.15	百货	226	43.40	--  	43.74	48954	579	         19.58	3.98	45.15	43.72	0.720㈢	    49.95	215625632	  1.09	         10.93亿	上海	43.40	44.05	25654	23299	  1.10	43.72	5	 -1.69	
002938	鹏鼎控股	-0.65	0.04	元器件	1023	24.26	--  	24.54	260108	1707	         11.25	4.21	25.30	24.53	0.750㈢	    27.22	643216640	  0.91	         56.70亿	深圳	24.80	24.73	132896	127212	  1.04	24.53	380	 -3.01	
603105	芯能科技	-0.85	0.06	电气设备	1242	16.24	--  	16.43	195625	2068	         22.23	3.32	16.79	16.42	0.170㈢	    85.67	322890368	  0.90	         14.45亿	浙江	16.63	16.51	109312	86313	  1.27	16.42	146	 -1.97	
603583	捷昌驱动	-2.76	0.07	电气设备	35	69.15	--  	70.60	21997	116	          7.28	4.85	72.67	70.56	1.760㈢	    40.04	155185936	  0.96	         21.31亿	浙江	71.05	70.55	12292	9704	  1.27	70.56	2	 -3.88	
300724	捷佳伟创	-2.89	0.38	专用机械	310	36.35	--  	37.01	85158	1101	         10.64	7.69	39.28	37.00	1.050㈢	    33.99	320022496	  1.33	         29.60亿	深圳	38.33	37.58	48928	36229	  1.35	37.00	38	 -5.25	
数据来源:通达信
