代码	名称	涨幅%%	涨速%%	细分行业	买量	最低	未匹配量	卖价	总量	现量	换手%%	振幅%%	最高	现价	每股收益	市盈(动)	总金额	量比	流通市值	地区	今开	均价	内盘	外盘	内外比	买价	卖量	强弱度%%	
000633	合金投资	9.93	0.00	综合类	10483	5.41	--  	--  	408487	464	         10.61	12.27	6.09	6.09	-0.024㈢	--  	244751616	  1.63	         23.45亿	新疆	5.53	5.99	310814	97673	  3.18	6.09	0	  7.56	
000722	湖南发展	8.64	-0.12	水力发电	234	7.32	--  	7.92	313570	1389	          6.76	9.60	8.02	7.92	0.169㈢	    35.14	245619120	  1.67	         36.76亿	湖南	7.34	7.83	142819	170750	  0.84	7.91	792	  6.28	
002030	达安基因	6.75	0.00	生物制药	992	11.86	--  	12.50	357802	1950	          4.68	8.71	12.88	12.50	0.098㈢	    95.28	441462112	  1.61	         95.48亿	广东	11.86	12.34	165426	192376	  0.86	12.49	1455	  4.38	
000908	景峰医药	6.40	0.19	化学制药	2392	5.09	--  	5.32	327695	1779	          4.63	8.20	5.50	5.32	0.133㈢	    30.08	174984128	  1.49	         37.61亿	湖南	5.13	5.34	169341	158354	  1.07	5.31	942	  4.04	
002390	信邦制药	6.34	0.19	中成药	46	5.10	--  	5.37	395539	2347	          2.37	7.72	5.49	5.37	0.158㈢	    25.44	210183280	  1.36	         89.53亿	贵州	5.11	5.31	195658	199880	  0.98	5.36	668	  3.97	
000732	泰禾集团	4.80	-0.24	区域地产	903	15.25	--  	15.95	631948	6244	          5.08	8.68	16.57	15.94	1.161㈢	    10.30	1004227264	  1.70	        198.14亿	福建	15.36	15.89	274595	357353	  0.77	15.94	244	  2.43	
002172	澳洋健康	4.72	0.65	化纤	508	4.37	--  	4.66	205010	2006	          2.95	7.87	4.72	4.66	0.032㈢	   108.78	93677696	  1.84	         32.36亿	江苏	4.42	4.57	94001	111009	  0.85	4.65	185	  2.35	
600767	ST运盛	3.92	0.38	医疗保健	333	5.10	--  	5.30	42516	155	          1.25	5.10	5.36	5.30	-0.054㈢	--  	22337610	  1.69	         18.07亿	上海	5.13	5.25	14664	27852	  0.53	5.29	224	  2.80	
000999	华润三九	3.69	0.31	中成药	2	25.24	--  	26.10	69123	964	          0.71	4.13	26.28	26.10	1.136㈢	    17.22	179177744	  1.43	        255.36亿	深圳	25.49	25.92	38657	30465	  1.27	26.09	184	  1.33	
600196	复星医药	3.00	0.24	化学制药	448	29.01	--  	29.58	628985	5302	          3.29	3.97	30.15	29.57	0.830㈢	    27.14	1856410752	  1.08	        564.94亿	上海	29.01	29.51	298666	330319	  0.90	29.57	246	  1.87	
300049	福瑞股份	2.25	0.38	中成药	36	10.22	--  	10.46	83019	908	          3.64	3.23	10.55	10.45	0.223㈢	    35.20	86465936	  1.36	         23.82亿	内蒙	10.34	10.42	36515	46504	  0.79	10.45	241	 -0.11	
002004	华邦健康	2.06	0.00	化学制药	302	5.31	--  	5.46	263135	1228	          1.56	3.93	5.52	5.45	0.235㈢	    17.39	142969504	  1.74	         91.94亿	重庆	5.34	5.43	129004	134131	  0.96	5.45	876	 -0.30	
300143	星普医科	1.99	1.25	医疗保健	2	9.52	--  	9.72	39069	731	          0.92	3.15	9.82	9.72	0.124㈢	    58.86	37693572	  0.99	         41.20亿	广东	9.62	9.65	17832	21237	  0.84	9.70	338	 -0.37	
600105	永鼎股份	1.89	-0.36	通信设备	5694	5.33	--  	5.39	405104	3760	          3.27	3.98	5.54	5.38	0.085㈢	    47.37	220371808	  0.90	         66.62亿	江苏	5.33	5.44	206237	198867	  1.04	5.38	737	  0.77	
600079	人福医药	1.74	0.36	化学制药	656	10.95	--  	11.13	230474	409	          1.79	3.39	11.32	11.12	0.430㈢	    17.41	257483120	  1.11	        143.01亿	湖北	10.98	11.17	118504	111970	  1.06	11.12	23	  0.62	
600594	益佰制药	1.47	0.00	中成药	667	6.12	--  	6.21	290563	1395	          3.67	3.60	6.34	6.20	0.248㈢	    18.76	180724416	  1.35	         49.10亿	贵州	6.12	6.22	137061	153501	  0.89	6.20	618	  0.35	
000919	金陵药业	1.27	0.00	化学制药	496	7.09	--  	7.17	65830	153	          1.31	1.98	7.23	7.17	0.237㈢	    22.71	47191696	  1.25	         36.07亿	江苏	7.10	7.17	31404	34425	  0.91	7.16	602	 -1.09	
002332	仙琚制药	1.26	0.14	生物制药	1197	7.16	--  	7.25	153197	478	          1.69	2.79	7.36	7.25	0.231㈢	    23.54	111328224	  0.94	         65.54亿	浙江	7.18	7.27	78698	74499	  1.06	7.24	21	 -1.11	
002424	贵州百灵	1.19	0.10	中成药	454	10.15	--  	10.21	134626	1034	          1.85	3.47	10.50	10.21	0.280㈢	    28.23	138633904	  0.83	         74.37亿	贵州	10.50	10.30	76015	58610	  1.30	10.20	318	 -1.18	
002437	誉衡药业	1.14	0.57	化学制药	2043	3.50	--  	3.54	518130	3655	          2.39	2.86	3.60	3.54	0.143㈢	    18.58	183268800	  1.11	         76.71亿	黑龙江	3.50	3.54	276201	241929	  1.14	3.53	10180	 -1.22	
600518	康美药业	1.08	0.18	中成药	746	10.80	--  	11.23	2689975	31131	          6.11	8.47	11.74	11.22	0.780㈢	    10.88	3030167808	  1.03	        494.04亿	广东	11.09	11.26	1347973	1342002	  1.00	11.22	2047	 -0.04	
000516	国际医学	1.04	-0.16	百货	1307	5.76	--  	5.82	573583	2486	          2.97	2.78	5.92	5.81	1.132㈢	     3.85	335000832	  1.08	        112.29亿	陕西	5.79	5.84	301664	271918	  1.11	5.81	2438	 -1.32	
000705	浙江震元	1.00	0.00	医药商业	199	7.00	--  	7.08	40047	140	          1.42	2.14	7.15	7.07	0.167㈢	    31.66	28401070	  1.01	         19.94亿	浙江	7.00	7.09	21651	18395	  1.18	7.07	353	 -1.36	
300003	乐普医疗	0.92	0.11	医疗保健	179	25.77	--  	26.20	522635	3550	          3.45	3.20	26.60	26.19	0.642㈢	    30.61	1368483840	  0.90	        396.85亿	北京	26.13	26.18	260363	262271	  0.99	26.19	1590	 -1.44	
600085	同仁堂	0.89	0.07	中成药	142	29.37	--  	29.59	132262	1149	          0.96	2.42	30.08	29.59	0.620㈢	    35.82	393615264	  1.09	        405.82亿	北京	29.38	29.76	69855	62407	  1.12	29.58	621	 -0.24	
002173	创新医疗	0.73	0.12	医疗保健	471	8.22	--  	8.32	57079	594	          1.54	2.55	8.43	8.31	0.270㈢	    23.11	47636484	  0.98	         30.82亿	浙江	8.30	8.35	31416	25663	  1.22	8.31	164	 -1.64	
601567	三星医疗	0.60	-0.14	电器仪表	506	6.69	--  	6.73	71035	57	          0.51	2.69	6.87	6.73	0.299㈢	    16.85	48047864	  1.10	         93.32亿	浙江	6.74	6.76	38914	32120	  1.21	6.72	277	 -0.52	
000700	模塑科技	0.56	0.28	汽车配件	700	3.59	--  	3.61	163885	405	          2.29	2.51	3.68	3.61	0.009㈢	   287.92	59602072	  1.10	         25.89亿	江苏	3.64	3.64	84763	79121	  1.07	3.60	860	 -1.81	
600329	中新药业	0.41	0.75	中成药	195	14.66	--  	14.84	99383	670	          1.76	3.38	15.16	14.84	0.521㈢	    21.35	147920256	  1.35	         83.97亿	天津	14.81	14.88	58403	40980	  1.43	14.83	1	 -0.72	
300298	三诺生物	0.40	0.16	医疗保健	217	12.51	--  	12.70	44886	92	          1.11	3.88	13.00	12.69	0.490㈢	    22.61	57415024	  0.88	         51.53亿	湖南	12.68	12.79	18373	26513	  0.69	12.69	181	 -1.97	
600998	九州通	0.39	0.26	医药商业	196	15.47	--  	15.60	66828	440	          0.40	1.61	15.72	15.60	0.420㈢	    28.48	104357384	  1.61	        258.97亿	湖北	15.56	15.62	33920	32908	  1.03	15.58	496	 -0.74	
600993	马应龙	0.32	0.32	中成药	124	15.34	--  	15.45	68890	186	          1.60	2.21	15.68	15.44	0.280㈢	    41.36	106842040	  1.42	         66.43亿	湖北	15.44	15.51	40994	27895	  1.47	15.44	78	 -0.80	
000990	诚志股份	0.31	0.15	化工原料	67	13.00	--  	13.08	60665	449	          1.56	3.15	13.41	13.07	0.520㈢	    18.87	79941056	  1.39	         50.67亿	江西	13.06	13.18	28682	31982	  0.90	13.07	661	 -2.06	
600829	人民同泰	0.15	0.00	医药商业	217	6.57	--  	6.78	78506	975	          1.35	4.29	6.86	6.77	0.445㈣	    15.22	52728232	  2.01	         39.26亿	黑龙江	6.74	6.72	42888	35618	  1.20	6.77	220	 -0.97	
300015	爱尔眼科	0.03	-0.23	医疗保健	69	32.60	--  	33.16	254638	1433	          1.34	3.92	33.90	33.15	0.375㈢	    66.22	847330560	  1.45	        631.75亿	湖南	33.40	33.28	142189	112448	  1.26	33.15	106	 -2.33	
600067	冠城大通	0.00	0.00	全国地产	2975	4.37	--  	4.44	152358	466	          1.02	3.39	4.52	4.43	0.205㈢	    16.24	67963920	  0.96	         66.10亿	福建	4.49	4.46	83321	69036	  1.21	4.43	676	 -1.12	
000638	万方发展	0.00	0.16	批发业	886	6.10	--  	6.21	197562	2471	          6.39	3.71	6.33	6.20	-0.063㈢	--  	122763080	  0.90	         19.18亿	辽宁	6.16	6.21	99660	97902	  1.02	6.20	223	 -2.36	
000963	华东医药	-0.03	0.03	化学制药	1184	31.62	--  	31.92	311320	2084	          2.13	3.70	32.80	31.92	1.241㈢	    19.30	1000910912	  1.17	        465.45亿	浙江	31.94	32.15	154291	157028	  0.98	31.91	157	 -2.40	
000592	平潭发展	-0.24	0.00	林业	2519	3.96	--  	4.10	1413091	11715	          7.38	5.12	4.17	4.09	0.041㈢	    74.12	575841216	  0.94	         78.28亿	福建	4.04	4.08	705684	707406	  1.00	4.09	6571	 -2.61	
002219	恒康医疗	-0.26	0.27	中成药	2003	3.74	--  	3.78	394648	4447	          2.12	3.69	3.88	3.78	-0.207㈢	--  	150757808	  0.88	         70.51亿	甘肃	3.79	3.82	218329	176318	  1.24	3.77	1007	 -2.63	
600436	片仔癀	-0.34	0.01	中成药	195	106.38	--  	107.00	90529	496	          1.50	2.84	109.43	106.99	1.525㈢	    52.62	977067392	  1.24	        645.49亿	福建	109.40	107.93	46454	44074	  1.05	106.99	21	 -1.46	
603222	济民制药	-0.42	0.00	化学制药	27	16.40	--  	16.60	23594	196	          0.74	3.12	16.92	16.59	0.115㈢	   107.87	39197100	  0.71	         53.09亿	浙江	16.85	16.61	10577	13016	  0.81	16.59	188	 -1.54	
600763	通策医疗	-0.83	-0.01	医疗保健	2	58.11	--  	58.49	39740	310	          1.24	3.42	60.13	58.49	0.859㈢	    51.07	234851760	  0.97	        187.54亿	浙江	58.98	59.10	22119	17620	  1.26	58.48	163	 -1.95	
数据来源:通达信
