代码	名称	涨幅%%	涨速%%	细分行业	买量	最低	未匹配量	卖价	总量	现量	换手%%	振幅%%	最高	现价	每股收益	市盈(动)	总金额	量比	流通市值	地区	今开	均价	内盘	外盘	内外比	买价	卖量	强弱度%%	
300362	天翔环境	10.07	0.00	环境保护	22301	5.80	--  	--  	385658	2700	         12.42	14.36	6.67	6.67	-0.580㈢	--  	242307648	  0.78	         20.72亿	四川	6.00	6.28	209294	176364	  1.19	6.67	0	  7.70	
300198	纳川股份	10.06	3.05	塑料	19520	3.37	--  	--  	1084356	74733	         14.49	10.36	3.72	3.72	0.006㈢	   503.87	389107936	  1.89	         27.84亿	福建	3.45	3.59	577814	506542	  1.14	3.72	0	  7.69	
000711	京蓝科技	9.98	0.00	软件服务	74008	6.05	--  	--  	237667	845	          5.85	9.32	6.61	6.61	0.170㈢	    33.25	154655232	  1.04	         26.86亿	黑龙江	6.05	6.51	170765	66901	  2.55	6.61	0	  7.62	
300070	碧水源	9.97	0.10	环境保护	1543	9.61	--  	10.48	1258299	8844	          6.24	9.13	10.48	10.48	0.182㈢	    43.19	1291084160	  1.90	        211.22亿	北京	9.62	10.26	614239	644060	  0.95	10.47	12904	  7.60	
300262	巴安水务	8.37	1.15	环境保护	289	8.12	--  	8.80	219675	4750	          5.27	9.48	8.89	8.80	0.234㈢	    28.19	188859616	  1.18	         36.68亿	上海	8.15	8.60	111614	108060	  1.03	8.79	305	  6.01	
300422	博世科	7.36	0.41	环境保护	1	11.36	--  	12.25	232831	1384	          8.80	10.43	12.55	12.25	0.492㈢	    18.67	281793760	  2.04	         32.41亿	广西	11.36	12.10	90290	142541	  0.63	12.24	961	  5.00	
300388	国祯环保	7.34	0.18	环境保护	357	10.58	--  	11.27	191762	929	          3.56	9.15	11.54	11.26	0.420㈢	    20.31	214819168	  2.49	         60.61亿	安徽	10.58	11.20	85010	106751	  0.80	11.26	249	  4.98	
002573	清新环境	6.87	0.00	环境保护	3379	8.71	--  	9.33	483336	4388	          4.48	9.85	9.57	9.33	0.458㈢	    15.28	444100640	  1.65	        100.64亿	北京	8.80	9.19	232727	250608	  0.93	9.32	120	  4.51	
300437	清水源	6.08	0.00	化工原料	701	16.00	--  	16.77	81348	369	          6.13	8.73	17.38	16.76	0.705㈢	    17.84	137344352	  1.57	         22.23亿	河南	16.00	16.88	42180	39168	  1.08	16.76	44	  3.71	
600635	大众公用	5.49	-0.15	供气供热	4381	5.95	--  	6.16	2438849	22164	         10.08	7.03	6.36	6.15	0.113㈢	    40.69	1494905344	  1.03	        148.76亿	上海	6.18	6.13	1150296	1288552	  0.89	6.15	6551	  4.37	
603200	上海洗霸	5.43	0.03	环境保护	121	37.22	--  	39.40	24971	208	          9.88	10.09	40.99	39.39	0.800㈢	    37.41	99310408	  1.45	          9.95亿	上海	37.22	39.77	12007	12964	  0.93	39.39	34	  4.31	
002672	东江环保	5.38	0.08	环境保护	202	11.93	--  	12.54	139052	1088	          2.12	7.73	12.85	12.54	0.430㈢	    22.39	174550768	  1.69	         82.31亿	广东	12.03	12.55	54289	84763	  0.64	12.53	91	  3.01	
600526	菲达环保	5.28	0.18	环境保护	167	5.20	--  	5.59	265844	2924	          4.86	8.68	5.66	5.58	0.027㈢	   155.20	144134576	  1.08	         30.55亿	浙江	5.20	5.42	128755	137088	  0.94	5.58	290	  4.16	
300137	先河环保	5.24	-0.08	环境保护	1899	10.43	--  	10.85	363448	2769	          7.67	6.60	11.11	10.84	0.267㈢	    30.43	394700128	  1.17	         51.37亿	河北	10.43	10.86	174178	189269	  0.92	10.84	708	  2.88	
000425	徐工机械	4.49	0.24	工程机械	6142	4.06	--  	4.19	2567525	12265	          3.67	6.23	4.31	4.19	0.192㈢	    16.33	1077102976	  1.93	        293.03亿	江苏	4.09	4.20	1176275	1391250	  0.85	4.18	6369	  2.12	
000544	中原环保	4.33	0.00	环境保护	617	6.01	--  	6.27	166332	1192	          3.19	7.49	6.46	6.27	0.278㈢	    16.94	104175552	  1.51	         32.71亿	河南	6.01	6.26	79470	86861	  0.91	6.26	79	  1.96	
603817	海峡环保	4.32	0.13	环境保护	351	7.15	--  	7.49	79510	623	          4.42	8.79	7.78	7.48	0.175㈢	    32.15	59734728	  1.88	         13.46亿	福建	7.19	7.51	40357	39153	  1.03	7.48	542	  3.20	
002310	东方园林	4.17	0.34	建筑施工	3084	8.42	--  	8.75	1647695	13781	         10.72	7.87	9.08	8.74	0.360㈢	    18.05	1450336768	  1.35	        134.39亿	北京	8.49	8.80	830629	817066	  1.02	8.74	9152	  1.81	
600481	双良节能	3.94	0.48	环境保护	5109	4.08	--  	4.23	261249	2098	          1.61	4.93	4.28	4.22	0.090㈢	    34.29	109373864	  1.59	         68.38亿	江苏	4.09	4.19	101009	160240	  0.63	4.22	1218	  2.82	
600187	国中水务	3.77	0.00	水务	1737	3.18	--  	3.31	832492	2996	          5.72	6.92	3.40	3.30	0.006㈢	   430.77	274680032	  1.30	         48.04亿	黑龙江	3.24	3.30	368854	463638	  0.80	3.30	4006	  2.65	
300090	盛运环保	3.67	0.00	环境保护	149	2.44	--  	2.55	1259013	18568	         11.02	7.35	2.62	2.54	-0.159㈢	--  	320223712	  1.02	         29.01亿	安徽	2.45	2.54	561561	697451	  0.81	2.54	3873	  1.31	
000826	启迪桑德	3.40	0.16	环境保护	41	11.76	--  	12.15	364504	4428	          3.07	6.21	12.49	12.15	0.540㈢	    15.37	443699264	  1.65	        144.30亿	湖北	11.90	12.17	184912	179592	  1.03	12.14	273	  1.04	
600649	城投控股	3.36	0.47	区域地产	977	6.28	--  	6.46	400277	2951	          1.65	4.64	6.57	6.46	0.346㈢	    13.99	257788096	  1.20	        156.38亿	上海	6.28	6.44	197478	202799	  0.97	6.45	379	  2.24	
600292	远达环保	3.29	0.16	环境保护	270	6.08	--  	6.28	185982	1351	          2.38	5.26	6.40	6.28	0.138㈢	    34.14	116606496	  1.60	         49.04亿	重庆	6.10	6.27	96950	89031	  1.09	6.27	528	  2.17	
300055	万邦达	3.20	0.00	环境保护	479	8.44	--  	8.72	255689	2347	          2.96	6.04	8.95	8.71	0.277㈢	    23.59	223951744	  1.64	         75.27亿	北京	8.44	8.76	128727	126962	  1.01	8.71	507	  0.83	
300145	中金环境	3.17	0.52	专用机械	3159	3.80	--  	3.91	703731	3569	          4.76	5.03	3.99	3.90	0.261㈢	    11.19	275045440	  1.11	         57.68亿	浙江	3.81	3.91	340821	362910	  0.94	3.90	2128	  0.81	
300172	中电环保	3.15	0.16	环境保护	371	6.01	--  	6.23	148270	2309	          4.28	4.80	6.30	6.23	0.189㈢	    24.77	91806368	  1.65	         21.56亿	江苏	6.06	6.19	71329	76941	  0.93	6.22	11	  0.78	
002717	岭南股份	3.08	0.23	环境保护	816	8.45	--  	8.70	301150	2893	          4.41	5.09	8.88	8.70	0.570㈢	    11.68	261901344	  1.61	         59.39亿	广东	8.47	8.70	137784	163365	  0.84	8.69	670	  0.72	
300266	兴源环境	3.06	0.00	环境保护	4058	3.89	--  	4.04	1067308	6940	          7.30	7.14	4.17	4.04	0.100㈢	    36.57	432789024	  1.31	         59.06亿	浙江	3.91	4.05	498771	568537	  0.88	4.03	2416	  0.70	
000915	山大华特	3.01	0.84	化学制药	89	18.55	--  	19.15	115612	641	          4.95	6.14	19.69	19.14	0.611㈢	    23.48	220956368	  1.55	         44.68亿	山东	18.80	19.11	50570	65041	  0.78	19.14	82	  0.65	
300692	中环环保	2.84	1.33	环境保护	7	14.67	--  	15.20	79184	1853	          8.16	5.55	15.49	15.20	0.259㈢	    44.01	120010568	  1.21	         14.74亿	安徽	14.75	15.16	41736	37448	  1.11	15.19	524	  0.48	
601200	上海环境	2.59	0.47	环境保护	165	14.73	--  	15.08	126189	559	          1.88	4.35	15.37	15.08	0.710㈢	    15.94	190427472	  1.44	        101.39亿	上海	14.80	15.09	57100	69089	  0.83	15.07	85	  1.46	
300664	鹏鹞环保	2.51	0.35	环境保护	91	11.10	--  	11.43	71607	815	          2.13	6.28	11.80	11.42	0.320㈢	    27.66	82550040	  1.39	         38.32亿	江苏	11.15	11.53	37943	33663	  1.13	11.42	38	  0.15	
000967	盈峰环境	2.43	0.60	环境保护	10	6.61	--  	6.75	77632	94	          0.68	3.49	6.84	6.75	0.230㈢	    59.59	52499008	  1.20	         77.44亿	浙江	6.66	6.76	32287	45344	  0.71	6.74	487	  0.06	
300631	久吾高科	2.42	0.00	环境保护	47	16.56	--  	16.93	31304	156	          4.52	3.75	17.18	16.92	0.310㈢	    42.71	52928740	  1.36	         11.73亿	江苏	16.62	16.91	13766	17538	  0.78	16.92	246	  0.06	
300425	环能科技	2.40	0.18	环境保护	1993	5.45	--  	5.55	142514	975	          2.26	4.25	5.68	5.54	0.129㈢	    32.30	79386312	  0.99	         34.96亿	四川	5.45	5.57	76399	66115	  1.16	5.54	457	  0.04	
300007	汉威科技	2.21	0.00	电器仪表	252	11.50	--  	11.58	187856	1398	          8.28	7.33	12.33	11.58	0.309㈢	    28.10	222564176	  1.35	         26.28亿	河南	11.85	11.85	98756	89099	  1.11	11.57	170	 -0.16	
300140	中环装备	2.04	0.20	电气设备	414	9.76	--  	9.98	172901	1770	          7.00	5.11	10.26	9.98	-0.080㈢	--  	172951168	  1.06	         24.64亿	陕西	9.87	10.00	88622	84279	  1.05	9.97	704	 -0.32	
600008	首创股份	1.99	0.24	环境保护	855	4.00	--  	4.10	807493	7852	          1.68	4.23	4.17	4.10	0.090㈢	    40.73	331088384	  1.34	        197.65亿	北京	4.01	4.10	362944	444549	  0.82	4.09	1571	  0.87	
600290	华仪电气	1.94	0.38	电气设备	4412	5.17	--  	5.25	562815	7485	          7.41	4.08	5.38	5.25	0.023㈢	   173.62	297070976	  0.98	         39.89亿	浙江	5.19	5.28	262492	300323	  0.87	5.24	1214	  0.82	
601028	玉龙股份	1.92	0.38	钢加工	900	5.15	--  	5.30	98314	1403	          1.26	3.65	5.34	5.30	0.111㈢	    35.85	51667084	  1.03	         41.50亿	江苏	5.18	5.26	45362	52952	  0.86	5.29	872	  0.80	
600874	创业环保	1.92	0.00	环境保护	1475	9.37	--  	9.56	376960	1774	          3.47	4.38	9.78	9.55	0.292㈢	    24.51	362063424	  1.19	        103.83亿	天津	9.47	9.60	180344	196615	  0.92	9.55	687	  0.80	
000532	华金资本	1.90	-0.16	元器件	696	11.80	--  	11.81	183264	1571	          5.34	3.36	12.19	11.81	0.060㈢	   148.27	219115664	  0.81	         40.57亿	广东	12.06	11.96	91158	92106	  0.99	11.80	227	 -0.47	
600323	瀚蓝环境	1.84	-0.11	水务	134	15.90	--  	16.08	130251	863	          1.70	2.28	16.26	16.07	0.971㈢	    12.42	210178416	  1.28	        123.14亿	广东	15.90	16.14	62410	67841	  0.92	16.07	101	  0.72	
300152	科融环境	1.81	1.44	环境保护	6280	2.66	--  	2.82	1080780	11363	         15.16	7.94	2.88	2.82	-0.367㈢	--  	303016800	  1.10	         20.10亿	江苏	2.66	2.80	545920	534859	  1.02	2.81	3049	 -0.56	
300190	维尔利	1.76	0.00	环境保护	345	5.67	--  	5.79	126219	863	          1.77	3.87	5.89	5.78	0.202㈢	    21.47	73141840	  1.67	         41.32亿	江苏	5.68	5.79	64106	62112	  1.03	5.78	185	 -0.60	
000005	世纪星源	1.76	0.58	房产服务	1681	3.40	--  	3.48	321333	2413	          3.04	4.69	3.56	3.47	0.006㈢	   421.76	111408264	  1.07	         36.71亿	深圳	3.41	3.47	150099	171234	  0.88	3.47	163	 -0.60	
600168	武汉控股	1.68	-0.14	水务	383	6.54	--  	6.65	69103	526	          0.97	2.60	6.71	6.64	0.321㈢	    15.53	45857452	  1.25	         47.12亿	湖北	6.56	6.64	30548	38555	  0.79	6.64	227	  0.56	
000605	渤海股份	1.64	0.10	水务	267	10.38	--  	10.52	90605	1744	          3.32	3.09	10.70	10.52	0.104㈢	    75.55	95546240	  0.97	         28.72亿	北京	10.54	10.55	43881	46724	  0.94	10.51	374	 -0.72	
600969	郴电国际	1.62	0.14	水力发电	252	6.81	--  	6.92	82429	170	          2.23	2.50	6.98	6.91	0.157㈢	    33.09	56837900	  1.21	         25.57亿	湖南	6.81	6.90	35157	47272	  0.74	6.91	242	  0.50	
600458	时代新材	1.61	0.34	塑料	27	8.65	--  	8.83	116748	1344	          1.45	3.46	8.95	8.82	0.107㈢	    61.97	102776064	  1.01	         70.81亿	湖南	8.73	8.80	56220	60528	  0.93	8.82	370	  0.49	
600283	钱江水利	1.60	-0.23	水务	282	12.69	--  	12.74	100103	746	          2.84	2.47	13.00	12.73	0.255㈢	    37.48	128476552	  0.91	         44.94亿	浙江	12.89	12.83	50055	50048	  1.00	12.73	305	  0.47	
601113	华鼎股份	1.55	0.00	化纤	797	7.72	--  	7.86	180997	1256	          2.17	2.72	7.93	7.85	0.230㈢	    28.88	141658784	  1.12	         65.39亿	浙江	7.75	7.83	92474	88523	  1.04	7.85	1163	  0.43	
300334	津膜科技	1.48	0.12	专用机械	410	8.11	--  	8.22	118126	861	          4.11	4.44	8.47	8.22	0.017㈢	   363.25	98010472	  1.46	         23.62亿	天津	8.14	8.30	61257	56869	  1.08	8.21	24	 -0.88	
300165	天瑞仪器	1.47	0.00	电器仪表	102	4.76	--  	4.85	157641	1213	          5.00	4.19	4.96	4.84	0.104㈢	    35.00	76562408	  1.34	         15.25亿	江苏	4.80	4.86	76889	80751	  0.95	4.84	660	 -0.90	
600846	同济科技	1.44	0.24	综合类	899	8.38	--  	8.47	310271	2734	          4.97	3.36	8.66	8.46	0.235㈢	    26.98	263508752	  0.88	         52.85亿	上海	8.40	8.49	152402	157868	  0.97	8.46	557	  0.32	
002168	惠程科技	1.42	0.47	电气设备	248	10.52	--  	10.72	203596	4319	          2.58	3.31	10.87	10.72	0.420㈢	    20.09	218167888	  1.21	         84.70亿	深圳	10.57	10.72	95430	108166	  0.88	10.71	812	 -0.95	
002921	联诚精密	1.17	0.08	汽车配件	12	23.89	--  	24.18	23243	310	          4.54	1.93	24.35	24.17	0.493㈢	    36.76	56156228	  0.84	         12.38亿	山东	23.89	24.16	11267	11976	  0.94	24.16	30	 -1.19	
600545	卓郎智能	1.16	0.26	纺织机械	803	7.73	--  	7.84	234631	1908	          3.47	3.88	8.03	7.83	0.283㈢	    20.75	184536416	  1.36	         52.91亿	新疆	7.76	7.86	119386	115244	  1.04	7.83	168	  0.04	
002483	润邦股份	1.15	0.69	工程机械	337	4.32	--  	4.39	145594	987	          2.17	3.00	4.45	4.39	0.098㈢	    33.67	63861004	  0.97	         29.47亿	江苏	4.35	4.39	66783	78811	  0.85	4.38	473	 -1.21	
603903	中持股份	1.13	0.13	环境保护	127	23.02	--  	23.24	37370	457	          5.04	3.79	23.89	23.23	0.630㈢	    28.04	87748960	  1.29	         17.22亿	北京	23.02	23.48	17568	19801	  0.89	23.23	44	  0.01	
002140	东华科技	1.10	-0.26	建筑施工	2462	7.31	--  	7.40	67410	463	          1.53	3.56	7.57	7.38	0.267㈢	    20.75	50132144	  1.15	         32.44亿	安徽	7.35	7.44	33514	33896	  0.99	7.38	536	 -1.27	
601368	绿城水务	1.10	-0.14	水务	385	6.39	--  	6.47	53539	625	          0.73	2.97	6.58	6.46	0.298㈢	    16.23	34735588	  1.30	         47.53亿	广西	6.42	6.49	29518	24021	  1.23	6.46	29	 -0.03	
603843	正平股份	1.09	0.00	建筑施工	732	8.26	--  	8.37	144212	1305	          7.48	3.26	8.53	8.36	0.126㈢	    49.58	120681616	  1.17	         16.12亿	青海	8.28	8.37	73627	70585	  1.04	8.36	652	 -0.03	
000920	南方汇通	1.07	0.30	环境保护	412	6.52	--  	6.62	91871	936	          2.18	4.43	6.81	6.61	0.158㈢	    31.39	61400984	  1.20	         27.89亿	贵州	6.57	6.68	41074	50796	  0.81	6.61	407	 -1.29	
000598	兴蓉环境	1.06	0.00	水务	4125	4.73	--  	4.78	319317	694	          1.07	2.54	4.85	4.77	0.284㈢	    12.58	153077152	  1.19	        142.44亿	四川	4.73	4.79	168195	151122	  1.11	4.77	3630	 -1.31	
002034	旺能环境	1.05	1.05	环境保护	446	16.60	--  	17.33	83426	834	          3.83	8.06	17.98	17.31	0.537㈢	    24.17	144807648	  1.07	         37.74亿	浙江	17.05	17.36	43650	39775	  1.10	17.31	36	 -1.31	
600133	东湖高新	1.04	0.15	园区开发	1048	6.75	--  	6.79	291023	2232	          4.88	2.98	6.95	6.79	0.240㈢	    19.78	199278480	  0.76	         40.53亿	湖北	6.81	6.85	145895	145128	  1.01	6.78	2457	 -0.08	
002125	湘潭电化	0.86	0.00	化工原料	334	8.12	--  	8.18	54834	565	          1.59	2.84	8.35	8.17	0.180㈢	    34.06	45106480	  0.89	         28.24亿	湖南	8.18	8.23	28436	26398	  1.08	8.17	428	 -1.50	
000778	新兴铸管	0.81	0.20	钢加工	2727	4.93	--  	4.98	728972	4903	          1.86	2.64	5.06	4.97	0.454㈢	     8.22	363619936	  1.07	        194.88亿	河北	4.95	4.99	347092	381879	  0.91	4.97	2877	 -1.55	
002688	金河生物	0.77	0.19	化学制药	471	5.19	--  	5.23	64388	416	          1.03	2.50	5.32	5.23	0.203㈢	    19.33	33810928	  1.16	         32.60亿	内蒙	5.24	5.25	34057	30330	  1.12	5.22	3170	 -1.59	
600461	洪城水业	0.68	0.00	水务	7648	5.87	--  	5.93	109686	3622	          1.85	2.04	5.99	5.92	0.301㈢	    14.73	65106104	  1.37	         35.16亿	江西	5.90	5.94	52234	57452	  0.91	5.92	481	 -0.44	
002322	理工环科	0.61	0.17	软件服务	282	11.44	--  	11.51	60823	722	          1.69	4.28	11.93	11.51	0.370㈢	    23.91	71088896	  1.05	         41.53亿	浙江	11.58	11.69	32009	28813	  1.11	11.50	847	 -1.75	
002806	华锋股份	0.60	0.30	元器件	186	19.62	--  	20.05	98151	976	         17.01	4.22	20.46	20.04	0.170㈢	   114.51	196828672	  1.16	         11.56亿	广东	20.20	20.05	51714	46437	  1.11	20.04	78	 -1.76	
300082	奥克股份	0.60	0.30	化工原料	140	6.71	--  	6.75	72833	297	          1.08	2.24	6.86	6.75	0.371㈢	    13.66	49428540	  1.22	         45.54亿	辽宁	6.72	6.79	40442	32391	  1.25	6.74	18	 -1.77	
300275	梅安森	0.57	0.00	软件服务	191	8.75	--  	8.85	53946	271	          4.59	3.98	9.10	8.84	0.092㈢	    72.30	48069936	  1.09	         10.40亿	重庆	8.75	8.91	28967	24979	  1.16	8.84	87	 -1.80	
600548	深高速	0.53	0.21	路桥	676	9.39	--  	9.47	85596	630	          0.60	1.70	9.55	9.47	0.697㈢	    10.19	80961544	  1.17	        135.73亿	深圳	9.48	9.46	48305	37291	  1.30	9.46	213	 -0.59	
002637	赞宇科技	0.50	0.25	日用化工	227	8.06	--  	8.10	61280	551	          2.37	1.74	8.20	8.10	0.356㈢	    17.07	49840496	  1.26	         20.94亿	浙江	8.10	8.13	31367	29913	  1.05	8.09	336	 -1.87	
002255	海陆重工	0.48	0.24	专用机械	2999	4.12	--  	4.21	179652	670	          3.34	3.59	4.27	4.20	0.160㈢	    21.08	75584856	  1.13	         22.57亿	江苏	4.17	4.21	82812	96840	  0.86	4.20	82	 -1.89	
300067	安诺其	0.35	0.18	染料涂料	144	5.62	--  	5.68	122570	672	          2.45	3.18	5.80	5.68	0.177㈢	    24.11	69880272	  0.83	         28.38亿	上海	5.66	5.70	67321	55249	  1.22	5.67	430	 -2.01	
000685	中山公用	0.35	-0.11	水务	793	8.53	--  	8.60	266360	463	          2.13	4.79	8.94	8.59	0.393㈢	    16.41	231295856	  1.09	        107.65亿	广东	8.62	8.68	142585	123775	  1.15	8.59	337	 -2.01	
603797	联泰环保	0.29	0.07	环境保护	266	13.63	--  	13.78	46464	619	          8.71	4.73	14.28	13.77	0.266㈢	    38.84	64675772	  1.50	          7.34亿	广东	13.75	13.92	26169	20295	  1.29	13.77	52	 -0.83	
601599	鹿港文化	0.28	-0.27	影视音像	2356	3.58	--  	3.60	208878	3547	          2.34	3.34	3.70	3.60	0.073㈢	    37.19	75784168	  1.23	         32.14亿	江苏	3.58	3.63	103622	105255	  0.98	3.59	4337	 -0.84	
600123	兰花科创	0.26	0.26	煤炭开采	1327	7.63	--  	7.71	395866	4767	          3.47	3.13	7.87	7.70	0.865㈢	     6.67	306677536	  1.10	         87.96亿	山西	7.72	7.75	201238	194627	  1.03	7.70	669	 -0.86	
002469	三维工程	0.22	-0.21	建筑施工	36	4.44	--  	4.48	60867	286	          1.31	2.47	4.55	4.47	0.068㈢	    49.54	27370042	  1.01	         20.72亿	山东	4.45	4.50	31479	29387	  1.07	4.47	185	 -2.14	
601158	重庆水务	0.16	-0.15	水务	258	6.12	--  	6.14	88277	378	          0.18	1.63	6.22	6.13	0.290㈢	    15.86	54539996	  1.08	        294.24亿	重庆	6.16	6.18	47894	40383	  1.19	6.13	466	 -0.96	
002816	和科达	0.11	-0.15	专用机械	9	18.70	--  	18.92	21534	219	          3.76	2.96	19.26	18.92	0.067㈢	   212.74	40860872	  0.75	         10.83亿	深圳	18.88	18.98	10184	11350	  0.90	18.91	11	 -2.26	
600724	宁波富达	0.00	0.25	区域地产	1273	3.87	--  	3.94	84563	808	          0.59	3.05	3.99	3.94	0.212㈢	    13.95	33317442	  0.91	         56.93亿	浙江	3.96	3.94	49661	34902	  1.42	3.93	665	 -1.12	
300490	华自科技	0.00	0.15	电气设备	761	13.23	--  	13.31	79395	870	          3.89	2.78	13.60	13.31	0.200㈢	    58.79	106493720	  1.12	         27.16亿	湖南	13.36	13.41	42581	36814	  1.16	13.30	203	 -2.36	
002353	杰瑞股份	0.00	0.10	化工机械	238	19.88	--  	20.00	137877	610	          2.05	2.70	20.42	20.00	0.379㈢	    39.61	277303488	  1.17	        134.60亿	山东	20.08	20.11	64222	73654	  0.87	19.99	295	 -2.36	
000925	众合科技	0.00	0.00	专用机械	1177	7.23	--  	7.30	197507	2425	          4.32	3.16	7.46	7.29	0.074㈢	    73.51	145416112	  1.09	         33.35亿	浙江	7.35	7.36	114103	83403	  1.37	7.29	691	 -2.36	
000753	漳州发展	0.00	0.00	汽车服务	2440	3.51	--  	3.54	326553	2958	          3.69	3.12	3.62	3.53	0.056㈢	    47.56	116500872	  0.66	         31.21亿	福建	3.53	3.57	176251	150302	  1.17	3.53	3326	 -2.36	
603603	博天环境	-0.19	0.19	环境保护	4	20.12	--  	20.93	102850	903	          4.38	7.06	21.60	20.93	0.396㈢	    39.59	215977808	  1.09	         49.15亿	北京	20.37	21.00	55758	47091	  1.18	20.92	2441	 -1.31	
600350	山东高速	-0.21	0.00	路桥	3229	4.83	--  	4.84	308622	7583	          0.64	2.27	4.94	4.84	0.567㈢	     6.40	150581408	  1.10	        232.86亿	山东	4.85	4.88	148651	159971	  0.93	4.83	498	 -1.33	
002051	中工国际	-0.22	0.00	建筑施工	952	13.44	--  	13.55	264110	3066	          2.38	3.46	13.91	13.54	0.844㈢	    12.03	361771072	  0.96	        150.46亿	北京	13.65	13.70	143188	120921	  1.18	13.54	654	 -2.59	
300263	隆华科技	-0.52	0.53	专用机械	131	5.60	--  	5.72	517051	5593	          9.15	5.05	5.89	5.71	0.100㈢	    43.30	295787232	  0.99	         32.28亿	河南	5.77	5.72	279701	237350	  1.18	5.71	543	 -2.89	
数据来源:通达信
