代码	名称	涨幅%%	涨速%%	细分行业	买量	最低	未匹配量	卖价	总量	现量	换手%%	振幅%%	最高	现价	每股收益	市盈(动)	总金额	量比	流通市值	地区	今开	均价	内盘	外盘	内外比	买价	卖量	强弱度%%	
300198	纳川股份	10.06	3.05	塑料	19520	3.37	--  	--  	1084356	74733	         14.49	10.36	3.72	3.72	0.006㈢	   503.87	389107936	  1.89	         27.84亿	福建	3.45	3.59	577814	506542	  1.14	3.72	0	  7.69	
002235	安妮股份	5.58	0.76	互联网	901	6.20	--  	6.63	776378	20910	         15.52	7.02	6.64	6.62	0.107㈢	    46.21	502824640	  1.22	         33.12亿	福建	6.30	6.48	355406	420972	  0.84	6.62	878	  3.22	
002679	福建金森	5.25	1.47	林业	1	21.65	--  	22.85	88035	766	          3.73	7.74	23.33	22.85	0.054㈢	   314.61	197237744	  2.22	         53.87亿	福建	21.80	22.40	33634	54401	  0.62	22.74	8	  2.89	
600388	龙净环保	5.10	0.38	环境保护	38	12.50	--  	13.19	245951	5780	          2.30	6.06	13.26	13.19	0.496㈢	    19.96	319690304	  1.60	        141.01亿	福建	12.57	13.00	123918	122032	  1.02	13.18	522	  3.98	
000732	泰禾集团	4.80	-0.24	区域地产	903	15.25	--  	15.95	631948	6244	          5.08	8.68	16.57	15.94	1.161㈢	    10.30	1004227264	  1.70	        198.14亿	福建	15.36	15.89	274595	357353	  0.77	15.94	244	  2.43	
000671	阳 光 城	4.30	0.00	区域地产	744	7.02	--  	7.28	587811	3472	          1.48	7.02	7.51	7.28	0.390㈢	    13.99	429126752	  1.10	        289.15亿	福建	7.02	7.30	283770	304040	  0.93	7.27	1466	  1.93	
002614	奥佳华	3.84	-0.10	医疗保健	167	17.22	--  	17.83	87025	487	          2.61	5.53	18.17	17.83	0.560㈢	    24.29	154322608	  1.04	         59.42亿	福建	17.33	17.73	36199	50825	  0.71	17.82	63	  1.48	
000526	紫光学大	3.79	0.25	文教休闲	302	22.41	--  	23.82	41206	374	          4.28	6.41	23.88	23.80	0.710㈢	    25.14	96220872	  1.56	         22.89亿	福建	22.85	23.35	16900	24306	  0.70	23.80	38	  1.43	
000701	厦门信达	3.63	0.00	综合类	675	6.91	--  	7.14	148173	1047	          3.64	5.52	7.29	7.14	-0.060㈢	    35.00	105587368	  1.82	         29.03亿	福建	6.96	7.13	69654	78518	  0.89	7.13	175	  1.26	
000536	华映科技	3.16	0.51	元器件	6098	3.65	--  	3.93	3430176	36009	         17.12	12.63	4.13	3.92	-0.166㈢	--  	1342422528	  1.32	         78.53亿	福建	3.87	3.91	1753082	1677094	  1.05	3.92	3175	  0.79	
300096	易联众	3.12	0.52	软件服务	453	11.31	--  	11.57	183841	1602	          4.88	7.04	12.10	11.57	-0.040㈢	--  	214131200	  0.81	         43.56亿	福建	11.34	11.65	88737	95104	  0.93	11.56	70	  0.75	
600203	福日电子	2.96	0.54	元器件	587	5.42	--  	5.56	228284	1999	          6.17	4.26	5.65	5.56	0.043㈢	    96.25	126348064	  0.95	         20.58亿	福建	5.45	5.53	97555	130729	  0.75	5.55	211	  1.84	
000663	永安林业	2.54	0.16	林业	32	6.30	--  	6.46	59054	914	          2.65	2.54	6.46	6.46	-0.205㈢	--  	37724780	  0.89	         14.40亿	福建	6.32	6.39	26499	32555	  0.81	6.45	39	  0.18	
002228	合兴包装	2.42	0.00	广告包装	2155	5.41	--  	5.51	333489	3616	          2.86	4.47	5.65	5.50	0.412㈢	    10.00	184642192	  1.48	         64.10亿	福建	5.41	5.54	194834	138654	  1.41	5.50	1922	  0.06	
300341	麦克奥迪	2.22	0.17	电气设备	933	5.87	--  	5.99	63863	828	          1.25	2.73	6.03	5.99	0.187㈢	    24.06	38174792	  1.44	         30.52亿	福建	5.87	5.98	28584	35279	  0.81	5.98	86	 -0.15	
600592	龙溪股份	2.04	0.00	机械基件	159	6.86	--  	6.99	148600	1251	          3.72	3.65	7.11	6.99	0.210㈢	    24.92	103768272	  0.99	         27.93亿	福建	6.88	6.98	67714	80886	  0.84	6.98	251	  0.92	
002682	龙洲股份	1.98	0.19	公路	389	5.03	--  	5.15	79046	728	          1.83	4.16	5.24	5.15	0.162㈢	    23.78	40619304	  1.23	         22.25亿	福建	5.06	5.14	40538	38508	  1.05	5.14	711	 -0.38	
600734	实达集团	1.76	0.00	电脑设备	1347	8.46	--  	8.69	502448	4706	         14.17	5.98	8.97	8.68	0.200㈢	    32.61	440360672	  1.06	         30.79亿	福建	8.64	8.76	268996	233452	  1.15	8.68	897	  0.64	
600103	青山纸业	1.57	-0.30	造纸	2351	3.15	--  	3.24	370988	2014	          3.49	5.66	3.33	3.23	0.097㈢	    24.94	119314736	  1.01	         34.30亿	福建	3.21	3.22	179167	191821	  0.93	3.23	2435	  0.45	
002029	七 匹 狼	1.56	0.14	服饰	591	7.07	--  	7.15	164043	989	          2.17	3.55	7.32	7.15	0.284㈢	    18.88	118136272	  1.16	         54.02亿	福建	7.08	7.20	85930	78113	  1.10	7.14	510	 -0.80	
300051	三五互联	1.55	0.77	互联网	65	6.48	--  	6.55	124607	806	          4.90	3.72	6.72	6.55	0.056㈢	    87.49	82068720	  1.12	         16.64亿	福建	6.49	6.59	52070	72537	  0.72	6.53	211	 -0.81	
002474	榕基软件	1.53	0.00	软件服务	567	7.88	--  	7.98	233288	2883	          4.98	4.59	8.24	7.97	0.049㈢	   122.49	188145536	  1.45	         37.36亿	福建	8.00	8.06	109496	123792	  0.88	7.97	969	 -0.84	
002093	国脉科技	1.45	0.00	电信运营	66	8.36	--  	8.43	247340	1185	          2.54	3.86	8.68	8.42	0.126㈢	    50.02	211062560	  0.93	         82.00亿	福建	8.50	8.53	131386	115953	  1.13	8.42	499	 -0.92	
002517	恺英网络	1.44	0.24	互联网	2088	4.14	--  	4.24	700220	6821	          5.78	5.28	4.36	4.23	0.229㈢	    13.87	298291296	  0.95	         51.22亿	福建	4.18	4.26	349708	350512	  1.00	4.23	1155	 -0.93	
002229	鸿博股份	1.39	0.00	广告包装	1891	7.85	--  	8.00	363835	4606	          8.84	4.18	8.18	8.00	-0.011㈢	--  	292515456	  1.03	         32.94亿	福建	7.97	8.04	163980	199854	  0.82	7.99	801	 -0.97	
600897	厦门空港	1.36	-0.16	机场	157	22.70	--  	23.10	38268	172	          1.28	3.82	23.57	23.06	1.275㈢	    13.56	88953376	  1.68	         68.67亿	福建	22.79	23.24	17759	20508	  0.87	23.06	34	  0.24	
300299	富春股份	1.35	-0.16	通信设备	3819	5.97	--  	6.03	426001	3517	          6.97	3.70	6.19	6.02	0.048㈢	    93.71	258766240	  0.91	         36.80亿	福建	6.05	6.07	214130	211871	  1.01	6.02	2588	 -1.02	
600711	盛屯矿业	1.33	0.16	小金属	5298	6.02	--  	6.09	1021427	10091	          6.82	3.49	6.23	6.09	0.290㈢	    17.77	624745728	  0.98	         91.17亿	福建	6.04	6.12	501805	519622	  0.97	6.08	635	  0.21	
002098	浔兴股份	1.17	0.49	服饰	3538	9.93	--  	10.36	390108	10063	         10.90	4.20	10.36	10.35	0.133㈢	    58.53	397317920	  1.25	         37.05亿	福建	10.13	10.18	204842	185266	  1.11	10.35	1734	 -1.19	
300102	乾照光电	1.06	0.15	半导体	675	6.63	--  	6.69	209316	3504	          2.96	2.87	6.82	6.68	0.220㈢	    23.66	141021712	  0.87	         47.26亿	福建	6.67	6.74	109703	99612	  1.10	6.68	685	 -1.31	
600549	厦门钨业	1.05	0.07	小金属	615	14.30	--  	14.45	306556	1629	          2.18	3.01	14.73	14.44	0.318㈢	    34.02	446036800	  1.03	        203.03亿	福建	14.42	14.55	147604	158951	  0.93	14.44	599	 -0.07	
000993	闽东电力	1.05	0.17	水力发电	747	5.58	--  	5.79	147956	4245	          3.97	4.90	5.86	5.78	-0.180㈢	--  	84859152	  0.93	         21.56亿	福建	5.60	5.74	75889	72066	  1.05	5.78	1969	 -1.32	
600660	福耀玻璃	1.01	0.56	汽车配件	113	24.72	--  	25.02	295268	2718	          1.47	3.03	25.47	25.02	1.300㈢	    14.43	740347776	  1.78	        501.15亿	福建	24.78	25.07	139970	155297	  0.90	25.01	345	 -0.11	
000905	厦门港务	0.99	0.00	港口	770	7.08	--  	7.15	118874	711	          2.24	2.68	7.27	7.15	0.043㈢	   125.05	85110376	  0.95	         37.97亿	福建	7.08	7.16	55786	63087	  0.88	7.14	131	 -1.38	
600153	建发股份	0.93	0.00	商贸代理	1788	8.57	--  	8.65	241981	2999	          0.85	3.38	8.86	8.65	0.606㈢	    10.71	210958784	  1.23	        245.24亿	福建	8.60	8.72	122856	119125	  1.03	8.64	443	 -0.19	
601933	永辉超市	0.92	0.23	超市连锁	328	8.72	--  	8.81	704986	3833	          0.88	2.75	8.96	8.80	0.106㈢	    62.06	623198912	  1.18	        701.21亿	福建	8.74	8.84	368355	336630	  1.09	8.80	623	 -0.20	
002222	福晶科技	0.90	-0.15	元器件	1301	12.22	--  	12.34	191215	1031	          4.52	3.52	12.65	12.33	0.307㈢	    30.17	238861952	  1.00	         52.15亿	福建	12.50	12.49	97092	94123	  1.03	12.33	43	 -1.46	
600033	福建高速	0.90	-0.29	路桥	465	3.34	--  	3.38	177110	962	          0.65	1.80	3.40	3.37	0.221㈢	    11.43	59760032	  0.99	         92.49亿	福建	3.34	3.37	86257	90852	  0.95	3.37	1195	 -0.22	
600057	厦门象屿	0.84	0.21	仓储物流	1499	4.76	--  	4.81	248533	617	          1.15	2.94	4.90	4.80	0.340㈢	     9.49	120027752	  0.92	        103.56亿	福建	4.78	4.83	125443	123089	  1.02	4.80	705	 -0.28	
300056	三维丝	0.84	-0.16	环境保护	535	5.92	--  	6.01	72933	684	          3.38	5.21	6.23	6.00	-0.102㈢	--  	44465336	  1.20	         12.95亿	福建	5.97	6.10	35584	37349	  0.95	6.00	413	 -1.52	
002417	深南股份	0.79	-0.21	多元金融	1038	8.86	--  	8.98	114711	1375	          4.85	3.82	9.20	8.97	-0.126㈢	--  	103839152	  0.83	         21.22亿	江苏	9.00	9.05	60164	54547	  1.10	8.97	206	 -1.58	
300174	元力股份	0.71	0.39	化工原料	53	12.67	--  	12.78	39511	306	          1.79	3.15	13.07	12.77	0.340㈢	    28.15	50820552	  1.14	         28.23亿	福建	12.79	12.86	22861	16650	  1.37	12.77	209	 -1.65	
300062	中能电气	0.68	0.00	电气设备	100	5.82	--  	5.89	117500	636	          6.21	3.60	6.03	5.88	0.061㈢	    72.84	69592032	  1.12	         11.13亿	福建	5.82	5.92	55325	62175	  0.89	5.88	167	 -1.68	
002674	兴业科技	0.66	0.19	纺织	152	10.52	--  	10.62	24702	73	          1.03	2.37	10.77	10.62	0.183㈢	    43.62	26331384	  0.91	         25.53亿	福建	10.57	10.66	11669	13033	  0.90	10.60	368	 -1.70	
002702	海欣食品	0.66	-0.21	食品	1738	4.53	--  	4.58	176231	584	          5.53	2.64	4.65	4.57	0.056㈢	    61.50	80909824	  1.11	         14.57亿	福建	4.56	4.59	91283	84948	  1.07	4.57	3283	 -1.70	
002264	新 华 都	0.63	0.47	超市连锁	1716	6.33	--  	6.41	240030	980	          3.99	3.45	6.55	6.41	0.022㈢	   214.75	154298624	  1.06	         38.57亿	福建	6.37	6.43	124478	115552	  1.08	6.40	2047	 -1.74	
600755	厦门国贸	0.62	0.37	商贸代理	1969	8.02	--  	8.07	628678	4646	          3.46	2.74	8.24	8.07	0.700㈢	     6.20	510339392	  1.01	        146.57亿	福建	8.07	8.12	327400	301278	  1.09	8.06	1216	 -0.50	
002396	星网锐捷	0.61	0.19	通信设备	10	21.22	--  	21.45	325546	3718	          6.04	3.19	21.90	21.45	0.690㈢	    23.32	699588928	  1.71	        115.64亿	福建	21.41	21.49	165172	160374	  1.03	21.44	63	 -1.75	
002626	金达威	0.58	-0.13	食品	445	13.90	--  	13.98	85624	304	          1.43	3.02	14.32	13.97	1.056㈢	     9.92	120418064	  1.27	         83.84亿	福建	13.91	14.06	48228	37395	  1.29	13.97	401	 -1.79	
002578	闽发铝业	0.57	0.00	铝	2073	3.52	--  	3.56	142426	428	          2.53	2.55	3.61	3.55	0.023㈢	   116.01	50787260	  1.26	         20.00亿	福建	3.54	3.57	70989	71436	  0.99	3.55	2766	 -1.80	
600693	东百集团	0.53	0.18	百货	180	5.60	--  	5.65	95163	1296	          1.06	1.78	5.70	5.65	0.044㈢	    95.52	53701696	  1.01	         50.69亿	福建	5.62	5.64	52727	42436	  1.24	5.64	136	 -0.59	
000632	三木集团	0.45	0.00	综合类	784	4.43	--  	4.49	91689	834	          1.97	2.47	4.54	4.48	0.033㈢	   102.24	41192480	  0.82	         20.85亿	福建	4.45	4.49	51628	40061	  1.29	4.48	594	 -1.92	
601377	兴业证券	0.43	0.28	证券	1725	6.92	--  	7.06	2565412	19368	          3.83	7.54	7.45	7.06	0.109㈢	    48.79	1831107328	  1.00	        472.79亿	福建	7.10	7.14	1282033	1283378	  1.00	7.05	4500	 -0.69	
002398	建研集团	0.38	0.00	其他建材	2607	5.20	--  	5.26	102405	448	          1.95	2.68	5.34	5.25	0.300㈢	    13.46	54054180	  1.12	         27.59亿	福建	5.23	5.28	52791	49614	  1.06	5.25	89	 -1.98	
601566	九牧王	0.36	0.00	服饰	173	13.77	--  	13.80	54956	215	          0.96	2.47	14.11	13.80	0.608㈢	    17.01	76278232	  1.68	         79.30亿	福建	13.80	13.88	29920	25036	  1.20	13.79	101	 -0.76	
600802	福建水泥	0.35	0.12	水泥	1803	8.43	--  	8.51	241472	1763	          6.32	2.59	8.65	8.51	0.843㈢	     7.57	205762800	  1.31	         32.50亿	福建	8.58	8.52	131551	109921	  1.20	8.50	401	 -0.77	
000797	中国武夷	0.33	1.18	全国地产	75	5.84	--  	6.00	254403	3930	          1.96	6.86	6.25	6.00	0.137㈢	    32.87	152890928	  2.03	         77.97亿	福建	5.97	6.01	140583	113820	  1.24	5.99	309	 -2.03	
600163	中闽能源	0.26	0.26	新型电力	2536	3.81	--  	3.84	115588	264	          1.16	2.35	3.90	3.84	0.097㈢	    29.80	44488916	  1.09	         38.38亿	福建	3.83	3.85	67776	47811	  1.42	3.83	754	 -0.86	
600493	凤竹纺织	0.16	0.00	纺织	1263	6.42	--  	6.44	86414	742	          3.18	2.33	6.57	6.44	0.174㈢	    27.74	56022964	  0.90	         17.52亿	福建	6.45	6.48	45999	40415	  1.14	6.43	219	 -0.97	
002529	海源复材	0.12	0.12	专用机械	821	7.98	--  	8.11	134521	1793	          6.73	3.96	8.30	8.10	0.024㈢	   255.60	109488784	  1.21	         16.20亿	福建	8.09	8.14	73183	61338	  1.19	8.10	181	 -2.24	
600815	厦工股份	0.00	0.00	工程机械	3602	3.40	--  	3.46	175672	787	          1.83	4.64	3.56	3.45	-0.111㈢	--  	61334192	  0.59	         33.08亿	福建	3.40	3.49	89837	85835	  1.05	3.45	559	 -1.12	
600067	冠城大通	0.00	0.00	全国地产	2975	4.37	--  	4.44	152358	466	          1.02	3.39	4.52	4.43	0.205㈢	    16.24	67963920	  0.96	         66.10亿	福建	4.49	4.46	83321	69036	  1.21	4.43	676	 -1.12	
002593	日上集团	0.00	0.00	汽车配件	629	3.70	--  	3.73	78225	366	          1.68	2.42	3.79	3.72	0.088㈢	    31.79	29289682	  1.05	         17.36亿	福建	3.74	3.74	43378	34847	  1.24	3.72	1393	 -2.36	
002110	三钢闽光	0.00	0.36	普钢	107	16.62	--  	16.86	628475	7193	          6.34	4.80	17.43	16.86	3.169㈢	     3.99	1073264256	  1.01	        167.02亿	福建	17.00	17.08	334303	294171	  1.14	16.85	136	 -2.36	
000753	漳州发展	0.00	0.00	汽车服务	2440	3.51	--  	3.54	326553	2958	          3.69	3.12	3.62	3.53	0.056㈢	    47.56	116500872	  0.66	         31.21亿	福建	3.53	3.57	176251	150302	  1.17	3.53	3326	 -2.36	
600483	福能股份	-0.11	-0.31	火力发电	1549	9.26	--  	9.36	79676	1108	          0.51	2.25	9.47	9.34	0.475㈢	    14.74	74587000	  1.02	        144.94亿	福建	9.35	9.36	42747	36928	  1.16	9.34	20	 -1.23	
300132	青松股份	-0.14	0.14	化工原料	591	13.83	--  	13.94	162879	3551	          4.40	3.37	14.30	13.93	1.037㈣	    13.43	229306928	  1.06	         51.52亿	福建	13.98	14.08	84652	78227	  1.08	13.93	115	 -2.51	
000547	航天发展	-0.19	0.38	通信设备	1604	10.45	--  	10.61	351984	1178	          3.16	3.86	10.86	10.60	0.170㈢	    53.90	375795264	  1.24	        118.12亿	福建	10.65	10.68	184141	167843	  1.10	10.60	169	 -2.55	
000592	平潭发展	-0.24	0.00	林业	2519	3.96	--  	4.10	1413091	11715	          7.38	5.12	4.17	4.09	0.041㈢	    74.12	575841216	  0.94	         78.28亿	福建	4.04	4.08	705684	707406	  1.00	4.09	6571	 -2.61	
002639	雪人股份	-0.25	-0.11	专用机械	2582	7.85	--  	8.14	440358	3140	          8.53	5.88	8.33	8.14	0.020㈢	   300.11	356094912	  0.96	         42.02亿	福建	8.03	8.09	201597	238760	  0.84	8.13	295	 -2.61	
000997	新 大 陆	-0.28	0.00	软件服务	2191	17.45	--  	17.55	207602	741	          2.07	3.87	18.13	17.54	0.470㈢	    28.66	369630432	  1.09	        176.18亿	福建	17.76	17.80	106760	100841	  1.06	17.54	41	 -2.65	
002509	天广中茂	-0.33	0.34	专用机械	4059	2.90	--  	2.99	1054758	8202	          4.98	6.69	3.10	2.98	0.104㈢	    21.47	316068288	  1.16	         63.09亿	福建	3.00	3.00	540857	513900	  1.05	2.98	6702	 -2.70	
600436	片仔癀	-0.34	0.01	中成药	195	106.38	--  	107.00	90529	496	          1.50	2.84	109.43	106.99	1.525㈢	    52.62	977067392	  1.24	        645.49亿	福建	109.40	107.93	46454	44074	  1.05	106.99	21	 -1.46	
300188	美亚柏科	-0.47	0.24	软件服务	898	16.50	--  	16.84	167370	1185	          3.17	6.51	17.60	16.83	0.060㈢	   211.78	288326176	  1.29	         88.86亿	福建	17.06	17.23	87007	80362	  1.08	16.83	109	 -2.84	
002102	ST冠福	-0.53	0.00	化学制药	29703	1.87	--  	1.88	712591	6949	          3.58	2.65	1.92	1.88	0.149㈢	     9.45	134547264	  1.17	         37.44亿	福建	1.88	1.89	400985	311606	  1.29	1.87	3803	 -2.89	
600563	法拉电子	-0.95	0.36	元器件	24	47.56	--  	47.95	36121	109	          1.61	3.51	49.26	47.94	1.444㈢	    24.90	175821504	  1.77	        107.86亿	福建	48.85	48.68	19193	16928	  1.13	47.94	228	 -2.07	
600686	金龙汽车	-1.33	0.00	汽车整车	717	8.86	--  	8.94	207505	1886	          3.42	3.65	9.19	8.93	0.100㈢	    47.28	186808336	  1.02	         54.18亿	福建	9.15	9.00	112531	94974	  1.18	8.93	34	 -2.45	
002070	*ST众和	--  	--  	纺织	0	--  	--  	--  	0	0	          0.00	--  	--  	0.00	-0.271㈢	--  	0	  0.00	          0.00亿	福建	--  	0.00	0	0	--  	--  	0	--  	
数据来源:通达信
