代码	名称	涨幅%%	涨速%%	细分行业	买量	最低	未匹配量	卖价	总量	现量	换手%%	振幅%%	最高	现价	每股收益	市盈(动)	总金额	量比	流通市值	地区	今开	均价	内盘	外盘	内外比	买价	卖量	强弱度%%	
002564	天沃科技	9.98	0.00	化工机械	84761	5.13	--  	--  	453538	863	          7.54	11.52	5.73	5.73	0.200㈢	    23.48	254045504	  2.41	         34.49亿	江苏	5.20	5.60	212722	240815	  0.88	5.73	0	  7.62	
300070	碧水源	9.97	0.10	环境保护	1543	9.61	--  	10.48	1258299	8844	          6.24	9.13	10.48	10.48	0.182㈢	    43.19	1291084160	  1.90	        211.22亿	北京	9.62	10.26	614239	644060	  0.95	10.47	12904	  7.60	
600100	同方股份	9.28	-0.08	电脑设备	1542	10.52	--  	11.20	613050	3001	          2.07	7.23	11.26	11.19	-0.193㈢	--  	679055552	  3.44	        331.66亿	北京	10.52	11.08	255934	357115	  0.72	11.19	1809	  8.16	
300262	巴安水务	8.37	1.15	环境保护	289	8.12	--  	8.80	219675	4750	          5.27	9.48	8.89	8.80	0.234㈢	    28.19	188859616	  1.18	         36.68亿	上海	8.15	8.60	111614	108060	  1.03	8.79	305	  6.01	
000151	中成股份	4.87	-0.06	商贸代理	373	13.03	--  	13.99	289733	2618	         10.87	11.77	14.60	13.99	0.223㈢	    47.05	395792448	  1.46	         37.29亿	北京	13.30	13.66	142390	147342	  0.97	13.98	152	  2.51	
600481	双良节能	3.94	0.48	环境保护	5109	4.08	--  	4.23	261249	2098	          1.61	4.93	4.28	4.22	0.090㈢	    34.29	109373864	  1.59	         68.38亿	江苏	4.09	4.19	101009	160240	  0.63	4.22	1218	  2.82	
300145	中金环境	3.17	0.52	专用机械	3159	3.80	--  	3.91	703731	3569	          4.76	5.03	3.99	3.90	0.261㈢	    11.19	275045440	  1.11	         57.68亿	浙江	3.81	3.91	340821	362910	  0.94	3.90	2128	  0.81	
300172	中电环保	3.15	0.16	环境保护	371	6.01	--  	6.23	148270	2309	          4.28	4.80	6.30	6.23	0.189㈢	    24.77	91806368	  1.65	         21.56亿	江苏	6.06	6.19	71329	76941	  0.93	6.22	11	  0.78	
300332	天壕环境	2.36	-0.45	环境保护	1429	4.19	--  	4.34	328933	3480	          4.63	5.91	4.44	4.33	0.035㈢	    91.97	142546400	  1.20	         30.74亿	北京	4.24	4.33	162508	166425	  0.98	4.33	561	 -0.00	
002665	首航节能	2.28	0.00	电气设备	5897	3.08	--  	3.14	1135581	9250	          5.03	4.56	3.22	3.14	-0.006㈢	--  	357431456	  1.26	         70.85亿	北京	3.12	3.15	514605	620975	  0.83	3.13	3155	 -0.08	
600008	首创股份	1.99	0.24	环境保护	855	4.00	--  	4.10	807493	7852	          1.68	4.23	4.17	4.10	0.090㈢	    40.73	331088384	  1.34	        197.65亿	北京	4.01	4.10	362944	444549	  0.82	4.09	1571	  0.87	
600458	时代新材	1.61	0.34	塑料	27	8.65	--  	8.83	116748	1344	          1.45	3.46	8.95	8.82	0.107㈢	    61.97	102776064	  1.01	         70.81亿	湖南	8.73	8.80	56220	60528	  0.93	8.82	370	  0.49	
300334	津膜科技	1.48	0.12	专用机械	410	8.11	--  	8.22	118126	861	          4.11	4.44	8.47	8.22	0.017㈢	   363.25	98010472	  1.46	         23.62亿	天津	8.14	8.30	61257	56869	  1.08	8.21	24	 -0.88	
002168	惠程科技	1.42	0.47	电气设备	248	10.52	--  	10.72	203596	4319	          2.58	3.31	10.87	10.72	0.420㈢	    20.09	218167888	  1.21	         84.70亿	深圳	10.57	10.72	95430	108166	  0.88	10.71	812	 -0.95	
600456	宝钛股份	1.18	0.90	小金属	203	21.04	--  	21.40	183235	1015	          4.26	5.34	22.17	21.40	0.225㈢	    71.33	396152736	  1.53	         92.08亿	陕西	21.80	21.62	94514	88721	  1.07	21.39	458	  0.06	
002540	亚太科技	1.14	0.19	铝	395	5.27	--  	5.34	87054	1000	          0.97	2.46	5.40	5.34	0.228㈢	    17.57	46511420	  1.03	         47.79亿	江苏	5.35	5.34	39980	47073	  0.85	5.33	396	 -1.23	
000920	南方汇通	1.07	0.30	环境保护	412	6.52	--  	6.62	91871	936	          2.18	4.43	6.81	6.61	0.158㈢	    31.39	61400984	  1.20	         27.89亿	贵州	6.57	6.68	41074	50796	  0.81	6.61	407	 -1.29	
000598	兴蓉环境	1.06	0.00	水务	4125	4.73	--  	4.78	319317	694	          1.07	2.54	4.85	4.77	0.284㈢	    12.58	153077152	  1.19	        142.44亿	四川	4.73	4.79	168195	151122	  1.11	4.77	3630	 -1.31	
002203	海亮股份	0.85	0.12	铜	620	8.21	--  	8.28	121678	916	          0.74	1.71	8.35	8.28	0.410㈢	    17.54	100731344	  1.43	        135.28亿	浙江	8.22	8.28	71478	50200	  1.42	8.27	135	 -1.51	
000822	山东海化	0.72	0.18	化工原料	1543	5.53	--  	5.61	233318	1683	          2.61	3.59	5.73	5.61	0.529㈢	     7.96	131245472	  1.16	         50.21亿	山东	5.60	5.63	121923	111394	  1.09	5.60	677	 -1.65	
000039	中集集团	0.37	0.22	轻工机械	425	13.42	--  	13.50	266106	1674	          2.10	3.49	13.89	13.50	0.760㈢	    13.04	363051840	  1.23	        171.17亿	深圳	13.62	13.64	136662	129443	  1.06	13.49	2784	 -1.99	
002318	久立特材	-0.51	-0.12	特种钢	1236	7.72	--  	7.74	319463	1627	          3.89	3.35	7.98	7.73	0.260㈢	    22.63	250838208	  1.28	         63.45亿	浙江	7.83	7.85	173482	145980	  1.19	7.73	587	 -2.88	
300447	全信股份	-0.65	0.47	电气设备	343	10.51	--  	10.65	88986	579	          5.11	3.36	10.87	10.64	0.399㈢	    20.00	95356312	  1.24	         18.52亿	江苏	10.66	10.72	51018	37968	  1.34	10.64	142	 -3.02	
数据来源:通达信
