代码	名称	涨幅%%	涨速%%	细分行业	买量	最低	未匹配量	卖价	总量	现量	换手%%	振幅%%	最高	现价	每股收益	市盈(动)	总金额	量比	流通市值	地区	今开	均价	内盘	外盘	内外比	买价	卖量	强弱度%%	
000711	京蓝科技	9.98	0.00	软件服务	74008	6.05	--  	--  	237667	845	          5.85	9.32	6.61	6.61	0.170㈢	    33.25	154655232	  1.04	         26.86亿	黑龙江	6.05	6.51	170765	66901	  2.55	6.61	0	  7.62	
600240	华业资本	9.63	1.15	全国地产	21754	3.16	--  	3.53	2768794	32255	         19.44	11.80	3.54	3.53	-0.095㈢	--  	936220608	  2.26	         50.28亿	北京	3.35	3.38	1316533	1452261	  0.91	3.52	12137	  8.51	
002449	国星光电	5.24	0.23	半导体	1760	12.41	--  	13.06	258941	2647	          4.26	5.56	13.10	13.06	0.620㈢	    15.80	331366400	  1.25	         79.34亿	广东	12.41	12.80	122784	136156	  0.90	13.05	525	  2.87	
000100	TCL 集团	4.86	0.29	家用电器	22912	3.42	--  	3.46	5397387	70686	          4.22	3.65	3.54	3.45	0.184㈢	    14.08	1873347584	  1.42	        441.18亿	广东	3.48	3.47	2590115	2807271	  0.92	3.45	32677	  2.50	
600614	鹏起科技	4.62	0.99	综合类	860	5.79	--  	6.11	1158927	19342	          7.67	7.53	6.23	6.11	0.091㈢	    50.26	698995264	  0.80	         92.35亿	上海	5.84	6.03	558476	600451	  0.93	6.10	673	  3.50	
000159	国际实业	4.38	0.00	石油贸易	1082	4.76	--  	5.01	290184	2153	          6.04	10.65	5.27	5.00	0.056㈢	    67.18	144816464	  1.83	         24.03亿	新疆	4.78	4.99	135063	155120	  0.87	5.00	1740	  2.02	
600505	西昌电力	3.77	0.85	水力发电	152	6.99	--  	7.15	118994	1633	          3.26	5.52	7.37	7.15	0.131㈢	    40.80	85239840	  1.25	         26.07亿	四川	6.99	7.16	64409	54585	  1.18	7.14	655	  2.65	
002162	悦心健康	3.14	0.28	医疗保健	1710	3.47	--  	3.62	169978	1107	          1.99	6.00	3.68	3.61	0.029㈣	   126.59	60939992	  1.41	         30.79亿	上海	3.47	3.59	87890	82088	  1.07	3.61	1221	  0.78	
600101	明星电力	3.13	0.59	水力发电	104	8.28	--  	8.57	150203	2303	          4.63	3.37	8.56	8.56	0.324㈢	    19.82	126820912	  1.52	         27.75亿	四川	8.40	8.44	81087	69115	  1.17	8.56	220	  2.01	
600844	丹化科技	2.56	-0.24	化工原料	934	3.91	--  	4.01	137294	3443	          1.67	3.59	4.05	4.00	0.003㈢	  1048.04	54843216	  0.82	         32.91亿	上海	3.95	3.99	69034	68259	  1.01	4.00	136	  1.44	
002418	康盛股份	2.42	0.24	机械基件	1246	4.06	--  	4.25	820812	9075	          8.18	9.18	4.44	4.24	-0.008㈢	--  	347508224	  1.03	         42.55亿	浙江	4.15	4.23	387189	433623	  0.89	4.24	4492	  0.05	
600393	粤泰股份	2.40	0.67	全国地产	1883	2.91	--  	3.00	830959	10257	          8.41	4.11	3.03	2.99	0.248㈢	     9.05	247016432	  0.83	         29.55亿	广东	2.95	2.97	477725	353234	  1.35	2.99	5735	  1.28	
600868	梅雁吉祥	2.32	0.57	水力发电	2746	3.44	--  	3.53	766536	4764	          4.04	4.35	3.59	3.53	0.010㈢	   274.24	269341728	  1.15	         67.00亿	广东	3.49	3.51	325665	440871	  0.74	3.52	6901	  1.20	
002326	永太科技	2.13	0.00	化工原料	1601	8.91	--  	9.10	262612	2784	          4.88	4.71	9.33	9.10	0.485㈢	    14.06	239407840	  1.18	         49.00亿	浙江	9.03	9.12	121691	140921	  0.86	9.09	818	 -0.23	
600326	西藏天路	2.13	0.62	建筑施工	1806	7.86	--  	8.18	769426	9413	          8.89	6.13	8.35	8.17	0.439㈢	    13.96	621671424	  1.29	         70.70亿	西藏	8.06	8.08	397574	371851	  1.07	8.17	910	  1.00	
002239	奥特佳	2.01	0.40	汽车配件	10793	2.48	--  	2.54	925626	8195	          3.06	5.62	2.62	2.54	0.136㈢	    13.98	235839504	  0.93	         76.85亿	江苏	2.50	2.55	430239	495386	  0.87	2.53	4033	 -0.36	
600039	四川路桥	1.88	0.53	建筑施工	448	3.72	--  	3.80	734105	1748	          2.12	4.56	3.89	3.80	0.153㈢	    18.65	279467200	  1.31	        131.37亿	四川	3.75	3.81	332331	401774	  0.83	3.79	5794	  0.76	
002176	江特电机	1.77	0.35	电气设备	1930	5.65	--  	5.76	643048	8135	          4.38	4.07	5.88	5.75	0.200㈢	    24.73	371816832	  1.11	         84.43亿	江西	5.68	5.78	318805	324243	  0.98	5.75	1546	 -0.59	
600734	实达集团	1.76	0.00	电脑设备	1347	8.46	--  	8.69	502448	4706	         14.17	5.98	8.97	8.68	0.200㈢	    32.61	440360672	  1.06	         30.79亿	福建	8.64	8.76	268996	233452	  1.15	8.68	897	  0.64	
000007	全新好	1.74	0.43	酒店餐饮	499	6.90	--  	7.03	226306	1968	          7.33	3.91	7.17	7.03	-0.025㈢	--  	159302832	  0.94	         21.72亿	深圳	6.98	7.04	103649	122656	  0.85	7.02	1121	 -0.63	
600208	新湖中宝	1.62	0.00	全国地产	2909	3.68	--  	3.77	1204602	5892	          1.40	5.68	3.89	3.76	0.206㈢	    13.70	455135872	  1.04	        323.29亿	浙江	3.71	3.78	618590	586012	  1.06	3.76	158	  0.50	
600112	天成控股	1.56	0.22	电气设备	1127	4.43	--  	4.56	461584	3927	          9.06	4.69	4.64	4.55	0.160㈢	    21.36	209144384	  1.05	         23.17亿	贵州	4.53	4.53	235147	226437	  1.04	4.55	980	  0.44	
002459	天业通联	1.55	0.48	工程机械	1000	12.20	--  	12.44	105225	1385	          2.72	3.10	12.58	12.44	0.035㈢	   269.80	130542944	  0.79	         48.14亿	河北	12.22	12.41	53051	52174	  1.02	12.43	531	 -0.81	
000816	*ST慧业	1.46	0.48	农用机械	4661	2.00	--  	2.09	593526	4015	          4.44	7.77	2.16	2.09	-0.063㈢	--  	124822592	  1.32	         27.93亿	江苏	2.09	2.10	300643	292882	  1.03	2.08	459	 -0.91	
002392	北京利尔	1.31	0.26	其他建材	3282	3.79	--  	3.86	227229	921	          3.08	3.15	3.91	3.86	0.201㈢	    14.44	87673112	  0.96	         28.45亿	北京	3.82	3.86	118195	109033	  1.08	3.85	2198	 -1.05	
600359	新农开发	1.28	0.00	农业综合	461	4.69	--  	4.75	87679	857	          2.30	3.41	4.85	4.75	-0.115㈢	--  	41843568	  0.83	         18.12亿	新疆	4.70	4.77	40877	46802	  0.87	4.74	261	  0.16	
002089	新 海 宜	1.12	0.00	通信设备	2830	5.35	--  	5.42	901417	6831	          9.63	4.10	5.57	5.42	0.078㈢	    52.09	492252096	  0.78	         50.75亿	江苏	5.41	5.46	490545	410871	  1.19	5.41	935	 -1.25	
600251	冠农股份	0.89	0.00	农业综合	1501	5.62	--  	5.68	127603	562	          1.63	2.66	5.77	5.68	0.164㈢	    26.02	72691464	  1.21	         44.58亿	新疆	5.65	5.70	60600	67002	  0.90	5.67	773	 -0.23	
000506	中润资源	0.88	0.29	区域地产	1879	3.34	--  	3.43	562448	5257	          6.06	4.42	3.49	3.42	0.010㈢	   268.01	192582944	  0.97	         31.76亿	山东	3.36	3.42	287529	274919	  1.05	3.42	3674	 -1.48	
002125	湘潭电化	0.86	0.00	化工原料	334	8.12	--  	8.18	54834	565	          1.59	2.84	8.35	8.17	0.180㈢	    34.06	45106480	  0.89	         28.24亿	湖南	8.18	8.23	28436	26398	  1.08	8.17	428	 -1.50	
600773	西藏城投	0.83	0.28	区域地产	642	7.18	--  	7.27	207792	1085	          2.79	3.47	7.43	7.27	0.086㈢	    63.43	151863200	  1.10	         54.24亿	西藏	7.20	7.31	102032	105759	  0.96	7.26	1127	 -0.29	
600482	中国动力	0.83	0.39	电气设备	20	25.01	--  	25.57	66136	932	          0.74	3.43	25.88	25.55	0.580㈢	    33.06	168829472	  1.02	        227.68亿	河北	25.49	25.53	32753	33382	  0.98	25.55	60	 -0.29	
000718	苏宁环球	0.82	0.00	区域地产	2488	3.63	--  	3.70	284204	2497	          1.24	4.36	3.79	3.70	0.191㈢	    14.56	105525304	  1.26	         84.70亿	吉林	3.68	3.71	147729	136475	  1.08	3.69	1687	 -1.55	
000502	绿景控股	0.76	-0.37	医疗保健	188	7.92	--  	7.95	30954	324	          1.69	2.28	8.10	7.94	0.227㈢	    26.21	24844520	  1.07	         14.56亿	广东	7.92	8.03	11008	19946	  0.55	7.94	160	 -1.60	
600811	东方集团	0.73	0.00	综合类	4036	4.13	--  	4.16	592798	2055	          1.81	2.91	4.25	4.16	0.208㈢	    14.98	248015680	  1.22	        136.18亿	黑龙江	4.14	4.18	277192	315606	  0.88	4.15	2270	 -0.40	
600336	澳柯玛	0.70	0.00	家用电器	51	4.28	--  	4.32	116420	1122	          1.59	3.74	4.44	4.31	0.060㈢	    52.47	50537164	  0.90	         31.56亿	山东	4.28	4.34	59292	57127	  1.04	4.31	604	 -0.42	
000611	天首发展	0.64	0.21	纺织	908	4.69	--  	4.73	173554	2046	          5.43	2.13	4.79	4.73	-0.150㈢	--  	82150568	  0.86	         15.11亿	内蒙	4.72	4.73	97015	76538	  1.27	4.72	110	 -1.73	
002021	中捷资源	0.62	-0.61	纺织机械	4163	3.16	--  	3.22	297929	4507	          4.33	5.62	3.34	3.22	0.034㈢	    71.07	96648152	  0.85	         22.14亿	浙江	3.19	3.24	152737	145191	  1.05	3.21	83	 -1.74	
600744	华银电力	0.61	-0.29	火力发电	202	3.28	--  	3.32	182238	1124	          2.20	3.65	3.40	3.31	-0.001㈢	--  	60477788	  0.78	         27.39亿	湖南	3.28	3.32	101575	80662	  1.26	3.31	1335	 -0.51	
600987	航民股份	0.55	0.00	纺织	646	9.03	--  	9.10	86905	621	          1.37	2.32	9.24	9.10	0.660㈢	    12.11	79510344	  1.62	         57.81亿	浙江	9.08	9.15	41178	45726	  0.90	9.09	207	 -0.57	
600596	新安股份	0.40	0.24	农药化肥	2671	12.56	--  	12.70	556471	3779	          8.10	3.16	12.96	12.69	1.651㈢	     5.76	709149120	  1.14	         87.18亿	浙江	12.68	12.74	278393	278078	  1.00	12.69	1883	 -0.73	
002225	濮耐股份	0.39	0.19	其他建材	637	5.14	--  	5.21	133593	1533	          1.89	2.70	5.28	5.21	0.194㈢	    20.16	69752872	  0.91	         36.84亿	河南	5.20	5.22	69630	63963	  1.09	5.20	84	 -1.98	
600063	皖维高新	0.32	0.00	化纤	761	3.14	--  	3.18	399655	5401	          2.08	4.43	3.28	3.17	0.072㈢	    33.17	127328672	  0.98	         61.05亿	安徽	3.16	3.19	215241	184413	  1.17	3.17	5043	 -0.81	
600051	宁波联合	0.31	0.15	综合类	807	6.40	--  	6.48	82417	664	          2.65	3.56	6.63	6.48	0.259㈢	    18.78	53582400	  1.40	         20.15亿	浙江	6.53	6.50	47932	34484	  1.39	6.47	210	 -0.81	
000534	万泽股份	0.29	0.20	区域地产	126	10.08	--  	10.21	43585	1339	          0.89	2.65	10.35	10.20	0.033㈢	   234.18	44425280	  1.65	         50.12亿	广东	10.18	10.19	31570	12015	  2.63	10.20	37	 -2.07	
600089	特变电工	0.25	0.13	电气设备	3640	7.94	--  	7.97	759875	4508	          2.05	2.39	8.13	7.96	0.522㈢	    11.44	610764800	  1.28	        295.66亿	新疆	8.00	8.04	403753	356122	  1.13	7.96	1892	 -0.87	
000850	华茂股份	0.25	0.25	纺织	34	4.00	--  	4.04	175443	1344	          1.86	3.48	4.14	4.03	0.142㈢	    21.31	71361120	  0.92	         38.02亿	安徽	4.08	4.07	92561	82882	  1.12	4.03	205	 -2.12	
300221	银禧科技	0.14	0.29	塑料	267	6.88	--  	7.01	365127	2409	          8.62	5.15	7.24	7.00	0.061㈢	    86.60	257455136	  1.24	         29.64亿	广东	7.05	7.05	181735	183392	  0.99	7.00	580	 -2.22	
002328	新朋股份	0.14	0.29	汽车配件	142	6.92	--  	7.02	279396	2514	          8.59	4.28	7.22	7.02	0.163㈢	    32.39	196951136	  1.03	         22.82亿	上海	7.15	7.05	155251	124145	  1.25	7.01	203	 -2.22	
600090	同济堂	0.00	-0.16	医药商业	4303	5.90	--  	5.95	220226	1331	          3.13	3.70	6.12	5.94	0.280㈢	    15.92	132046144	  0.73	         41.74亿	新疆	5.95	6.00	111951	108275	  1.03	5.94	1702	 -1.12	
002481	双塔食品	0.00	0.29	食品	1672	3.43	--  	3.47	217239	1270	          1.96	3.76	3.56	3.46	0.040㈢	    64.37	75965784	  0.98	         38.31亿	山东	3.47	3.50	118931	98307	  1.21	3.46	1427	 -2.36	
000540	中天金融	0.00	-0.19	多元金融	19734	4.90	--  	4.94	2405057	25202	          3.70	5.07	5.15	4.93	0.675㈢	     5.48	1211049344	  1.01	        320.72亿	贵州	4.95	5.04	1222507	1182549	  1.03	4.93	8586	 -2.36	
600745	闻泰科技	-0.14	0.66	通信设备	22	28.89	--  	29.14	124536	543	          1.95	7.93	31.20	29.10	-0.266㈢	--  	373633792	  1.50	        185.44亿	湖北	30.01	30.00	73200	51336	  1.43	29.10	20	 -1.26	
000547	航天发展	-0.19	0.38	通信设备	1604	10.45	--  	10.61	351984	1178	          3.16	3.86	10.86	10.60	0.170㈢	    53.90	375795264	  1.24	        118.12亿	福建	10.65	10.68	184141	167843	  1.10	10.60	169	 -2.55	
000408	藏格控股	-0.25	0.08	农药化肥	497	11.93	--  	11.96	127710	758	          2.86	1.42	12.10	11.96	0.378㈢	    23.74	153287808	  1.39	         53.42亿	青海	12.03	12.00	63735	63974	  1.00	11.95	19	 -2.61	
002192	融捷股份	-0.47	0.17	专用机械	54	29.03	--  	29.36	86985	701	          3.67	4.95	30.49	29.35	-0.026㈢	--  	257926608	  1.16	         69.56亿	广东	29.66	29.65	48294	38690	  1.25	29.35	6	 -2.84	
600162	香江控股	-0.69	0.00	全国地产	4309	2.77	--  	2.87	871538	5156	          2.93	7.29	2.98	2.86	0.083㈢	    25.82	249118736	  1.38	         85.08亿	深圳	2.83	2.86	419856	451682	  0.93	2.86	2804	 -1.82	
002470	金正大	-0.76	0.26	农药化肥	381	7.75	--  	7.80	137025	388	          0.50	3.69	8.04	7.79	0.300㈢	    20.14	108396000	  1.18	        212.34亿	山东	7.85	7.91	72116	64909	  1.11	7.79	206	 -3.13	
600807	*ST天业	-1.93	0.00	区域地产	6605	4.54	--  	4.57	260234	2312	          3.31	4.51	4.75	4.57	-1.160㈢	--  	120243560	  1.30	         35.97亿	山东	4.74	4.62	147689	112544	  1.31	4.56	1584	 -3.05	
002070	*ST众和	--  	--  	纺织	0	--  	--  	--  	0	0	          0.00	--  	--  	0.00	-0.271㈢	--  	0	  0.00	          0.00亿	福建	--  	0.00	0	0	--  	--  	0	--  	
数据来源:通达信
