代码	名称	涨幅%%	涨速%%	细分行业	买量	最低	未匹配量	卖价	总量	现量	换手%%	振幅%%	最高	现价	每股收益	市盈(动)	总金额	量比	流通市值	地区	今开	均价	内盘	外盘	内外比	买价	卖量	强弱度%%	
002167	东方锆业	10.00	0.00	小金属	35872	6.73	--  	--  	325469	397	          5.26	8.03	7.26	7.26	0.017㈣	   424.18	228841008	  1.62	         44.91亿	广东	6.96	7.03	183835	141634	  1.30	7.26	0	  7.64	
600218	全柴动力	6.98	-0.29	农用机械	568	11.95	--  	13.18	921812	10444	         25.00	12.82	13.53	13.18	0.100㈢	    99.29	1174402432	  1.15	         48.60亿	安徽	12.87	12.74	442073	479738	  0.92	13.17	1376	  5.86	
000338	潍柴动力	6.18	0.00	汽车配件	1276	9.94	--  	10.65	1702075	11348	          4.01	10.27	10.97	10.65	0.756㈢	    10.56	1796992640	  1.86	        451.97亿	山东	10.08	10.56	771336	930738	  0.83	10.64	624	  3.82	
600459	贵研铂业	4.97	-0.05	小金属	256	14.81	--  	15.64	429574	3675	         12.66	10.48	16.37	15.63	0.354㈢	    33.11	668158336	  1.90	         53.03亿	云南	15.20	15.55	204033	225540	  0.90	15.63	284	  3.85	
002249	大洋电机	4.65	-0.20	电气设备	2961	4.47	--  	4.74	689358	7720	          3.01	8.41	4.85	4.73	0.061㈢	    58.14	320687552	  1.28	        108.49亿	广东	4.55	4.65	316184	373174	  0.85	4.73	2569	  2.28	
002733	雄韬股份	4.10	0.16	电气设备	291	23.01	--  	24.63	312749	3485	          9.56	9.04	25.15	24.63	0.205㈢	    90.01	763062656	  0.76	         80.60亿	深圳	23.60	24.40	144307	168441	  0.86	24.62	48	  1.74	
000807	云铝股份	3.92	0.42	铝	3041	4.59	--  	4.78	1277166	6210	          5.26	6.32	4.88	4.77	0.042㈢	    84.39	605223872	  1.18	        115.89亿	云南	4.64	4.74	606209	670956	  0.90	4.77	3259	  1.56	
000637	茂化实华	3.84	0.44	石油加工	519	4.45	--  	4.60	228511	2891	          6.24	9.48	4.87	4.60	0.048㈢	    71.92	105018544	  1.56	         16.86亿	广东	4.45	4.60	98143	130368	  0.75	4.59	600	  1.47	
002012	凯恩股份	3.63	1.68	造纸	55	4.63	--  	4.85	600862	6544	         12.87	5.77	4.90	4.85	0.040㈢	    91.86	286197856	  1.35	         22.65亿	浙江	4.63	4.76	294430	306432	  0.96	4.84	3871	  1.27	
300228	富瑞特装	3.43	0.32	化工机械	1605	6.15	--  	6.33	385190	5211	          9.49	6.54	6.55	6.33	-0.084㈢	--  	243682208	  1.17	         25.71亿	江苏	6.18	6.33	178022	207168	  0.86	6.32	668	  1.07	
300586	美联新材	3.36	0.54	化工原料	435	14.26	--  	14.79	90867	1512	         14.87	4.76	14.94	14.78	0.264㈣	    56.04	132833984	  0.84	          9.03亿	广东	14.30	14.62	49762	41105	  1.21	14.78	33	  0.99	
000868	安凯客车	3.07	0.25	汽车整车	2228	3.85	--  	4.03	483212	2992	          6.95	8.44	4.18	4.03	-0.360㈢	--  	194116640	  1.23	         28.03亿	安徽	3.86	4.02	257269	225943	  1.14	4.02	1768	  0.70	
300325	德威新材	2.76	0.25	塑料	1266	3.96	--  	4.09	567766	7028	          7.14	5.28	4.17	4.09	0.025㈢	   122.78	230341776	  0.95	         32.51亿	江苏	4.01	4.06	270015	297750	  0.91	4.08	4648	  0.40	
300648	星云股份	2.73	0.05	电器仪表	36	18.65	--  	19.20	47155	374	          7.85	4.39	19.47	19.20	0.250㈢	    79.48	90124792	  1.24	         11.53亿	福建	18.65	19.11	24011	23143	  1.04	19.19	208	  0.36	
000969	安泰科技	2.50	-0.15	钢加工	120	6.01	--  	6.17	192745	955	          2.13	3.66	6.23	6.16	-0.078㈢	--  	118624928	  0.83	         55.74亿	北京	6.01	6.15	91710	101035	  0.91	6.16	241	  0.13	
002418	康盛股份	2.42	0.24	机械基件	1246	4.06	--  	4.25	820812	9075	          8.18	9.18	4.44	4.24	-0.008㈢	--  	347508224	  1.03	         42.55亿	浙江	4.15	4.23	387189	433623	  0.89	4.24	4492	  0.05	
601678	滨化股份	2.15	0.38	化工原料	781	5.13	--  	5.22	260177	549	          1.68	3.33	5.30	5.22	0.428㈢	     9.15	136161312	  1.14	         80.62亿	山东	5.13	5.23	124230	135947	  0.91	5.21	1107	  1.03	
300340	科恒股份	2.12	-0.16	元器件	1994	17.13	--  	17.34	177103	1520	         11.57	6.54	18.24	17.33	0.240㈢	    54.17	312690528	  1.33	         26.52亿	广东	18.20	17.66	95360	81743	  1.17	17.33	92	 -0.24	
002549	凯美特气	1.97	0.32	环境保护	539	6.10	--  	6.21	164963	2571	          2.66	3.45	6.31	6.20	0.114㈢	    40.91	102823880	  0.98	         38.45亿	湖南	6.12	6.23	83777	81186	  1.03	6.20	291	 -0.39	
002274	华昌化工	1.87	0.14	农药化肥	540	6.89	--  	7.10	223480	4475	          3.57	3.44	7.13	7.10	0.192㈢	    27.68	157075984	  1.23	         44.40亿	江苏	6.96	7.03	111871	111609	  1.00	7.09	4702	 -0.50	
600636	三爱富	1.80	-0.27	化工原料	125	13.92	--  	14.17	99357	657	          2.22	5.61	14.70	14.15	1.216㈢	     8.72	142222464	  1.21	         63.24亿	上海	13.92	14.31	44527	54829	  0.81	14.15	36	  0.68	
002002	鸿达兴业	1.67	-0.19	化工原料	3532	4.72	--  	4.87	1150509	8133	          4.51	6.47	5.03	4.87	0.257㈢	    14.22	557865344	  0.82	        124.14亿	江苏	4.79	4.85	567634	582875	  0.97	4.86	4142	 -0.69	
300694	蠡湖股份	1.60	0.00	汽车配件	458	21.80	--  	22.25	115649	1587	         21.48	3.93	22.66	22.24	0.378㈢	    44.16	256827472	  0.85	         11.97亿	江苏	21.90	22.21	55570	60079	  0.92	22.24	535	 -0.77	
600875	东方电气	1.53	0.81	电气设备	20	9.83	--  	9.97	246516	2319	          1.23	3.16	10.14	9.97	0.291㈢	    25.67	246571072	  1.17	        199.09亿	四川	9.86	10.00	127214	119302	  1.07	9.96	887	  0.41	
300408	三环集团	1.51	-0.63	元器件	272	19.80	--  	20.20	295375	1041	          1.79	4.27	20.65	20.20	0.540㈢	    28.34	599524672	  1.80	        333.54亿	广东	20.02	20.30	131148	164227	  0.80	20.19	79	 -0.86	
600846	同济科技	1.44	0.24	综合类	899	8.38	--  	8.47	310271	2734	          4.97	3.36	8.66	8.46	0.235㈢	    26.98	263508752	  0.88	         52.85亿	上海	8.40	8.49	152402	157868	  0.97	8.46	557	  0.32	
000413	东旭光电	1.40	0.17	元器件	11896	5.71	--  	5.80	2587803	43325	          5.32	4.55	5.97	5.80	0.230㈢	    18.95	1507967232	  1.04	        282.12亿	河北	5.77	5.83	1333941	1253862	  1.06	5.79	2017	 -0.97	
002592	八菱科技	1.38	0.10	汽车配件	9	19.03	--  	19.80	45357	1044	          1.85	6.71	20.34	19.80	0.047㈢	   316.94	90287544	  0.77	         48.65亿	广西	19.03	19.91	22130	23227	  0.95	19.78	257	 -0.98	
300471	厚普股份	1.24	0.15	专用机械	1009	6.47	--  	6.54	154730	1679	          5.66	5.27	6.81	6.53	-0.418㈢	--  	102135488	  1.37	         17.84亿	四川	6.50	6.60	75833	78897	  0.96	6.53	625	 -1.12	
002783	凯龙股份	1.13	0.25	化工原料	33	7.94	--  	8.08	81807	1007	          3.17	4.01	8.26	8.07	0.302㈢	    20.07	66286888	  1.02	         20.82亿	湖北	8.00	8.10	38849	42957	  0.90	8.07	130	 -1.24	
300580	贝斯特	1.09	-0.11	汽车配件	61	16.45	--  	16.68	42157	387	          6.38	3.76	17.07	16.67	0.553㈢	    22.59	70565768	  1.12	         11.02亿	江苏	16.56	16.74	20768	21389	  0.97	16.67	65	 -1.27	
000571	新大洲Ａ	0.90	0.00	综合类	703	3.29	--  	3.36	352900	6022	          4.38	3.01	3.39	3.35	-0.021㈢	--  	118048400	  0.87	         27.02亿	海南	3.32	3.35	186936	165964	  1.13	3.35	3111	 -1.46	
300435	中泰股份	0.85	0.09	机械基件	12	10.51	--  	10.65	23088	147	          2.25	2.75	10.80	10.64	0.237㈢	    33.72	24620266	  1.17	         10.94亿	浙江	10.58	10.66	10165	12923	  0.79	10.64	123	 -1.51	
603026	石大胜华	0.83	0.50	化工原料	18	23.72	--  	24.20	42241	263	          2.08	3.67	24.60	24.20	0.838㈢	    21.65	101749160	  1.06	         49.05亿	山东	24.14	24.09	21615	20626	  1.05	24.06	9	 -0.29	
600482	中国动力	0.83	0.39	电气设备	20	25.01	--  	25.57	66136	932	          0.74	3.43	25.88	25.55	0.580㈢	    33.06	168829472	  1.02	        227.68亿	河北	25.49	25.53	32753	33382	  0.98	25.55	60	 -0.29	
001696	宗申动力	0.69	0.52	摩托车	561	5.76	--  	5.84	247228	3671	          2.77	3.45	5.96	5.83	0.256㈢	    17.08	144723472	  0.92	         51.96亿	重庆	5.83	5.85	130866	116361	  1.12	5.83	706	 -1.67	
600192	长城电工	0.46	0.00	电气设备	2073	6.42	--  	6.57	266697	2755	          6.04	4.13	6.69	6.56	0.029㈢	   168.18	174899936	  0.94	         28.98亿	甘肃	6.58	6.56	139916	126781	  1.10	6.56	621	 -0.66	
002158	汉钟精机	0.40	0.30	工程机械	219	9.77	--  	9.93	268469	3417	          5.07	3.24	10.09	9.92	0.300㈢	    24.97	266326688	  0.91	         52.49亿	上海	9.87	9.92	143518	124951	  1.15	9.92	183	 -1.96	
000531	穗恒运Ａ	0.26	0.13	火力发电	112	7.43	--  	7.58	326056	3879	          4.76	5.30	7.83	7.57	0.106㈢	    53.37	248018624	  0.87	         51.86亿	广东	7.62	7.61	162776	163279	  1.00	7.57	442	 -2.10	
000957	中通客车	0.24	0.00	汽车整车	3547	8.08	--  	8.40	386558	4611	          6.52	7.76	8.73	8.40	0.057㈢	   110.88	324864608	  0.81	         49.80亿	山东	8.30	8.40	211849	174709	  1.21	8.39	193	 -2.13	
002662	京威股份	0.22	0.00	汽车配件	1335	4.51	--  	4.59	484768	5036	          3.32	4.80	4.73	4.59	0.519㈢	     6.64	223417760	  1.04	         66.97亿	北京	4.58	4.61	244647	240120	  1.02	4.58	1725	 -2.15	
300068	南都电源	0.19	0.32	电气设备	5067	15.39	--  	15.57	194629	7942	          3.13	1.55	15.63	15.56	0.500㈢	    23.61	301660960	  1.20	         96.64亿	浙江	15.53	15.50	92356	102272	  0.90	15.56	1299	 -2.17	
600872	中炬高新	-0.03	0.72	食品	20	32.99	--  	33.67	129864	449	          1.63	4.37	34.46	33.66	0.610㈢	    41.40	437213504	  1.42	        268.15亿	广东	33.71	33.67	73001	56862	  1.28	33.66	2	 -1.15	
600390	五矿资本	-0.10	0.19	多元金融	1461	10.20	--  	10.33	299236	1785	          5.83	5.90	10.81	10.33	0.452㈢	    17.13	312095264	  0.72	         53.05亿	湖南	10.38	10.43	160849	138387	  1.16	10.32	93	 -1.22	
002639	雪人股份	-0.25	-0.11	专用机械	2582	7.85	--  	8.14	440358	3140	          8.53	5.88	8.33	8.14	0.020㈢	   300.11	356094912	  0.96	         42.02亿	福建	8.03	8.09	201597	238760	  0.84	8.13	295	 -2.61	
600478	科力远	-0.39	0.20	元器件	1274	5.03	--  	5.13	348466	1682	          2.37	4.09	5.24	5.12	0.002㈢	  1544.50	179039856	  0.99	         75.25亿	湖南	5.11	5.14	185140	163326	  1.13	5.12	2041	 -1.51	
002427	*ST尤夫	-0.41	0.21	化纤	1282	14.55	--  	14.66	49299	239	          1.28	3.68	15.09	14.63	0.038㈢	   290.42	72886416	  1.17	         56.28亿	浙江	15.00	14.78	26709	22590	  1.18	14.63	54	 -2.77	
300091	金通灵	-0.82	-0.20	机械基件	1049	4.79	--  	4.83	751351	9457	          7.12	4.32	5.00	4.82	0.120㈢	    31.06	366669440	  1.10	         50.88亿	江苏	4.97	4.88	393382	357968	  1.10	4.82	3628	 -3.19	
000723	美锦能源	-0.91	0.37	焦炭加工	1061	5.39	--  	5.48	901936	5394	          8.34	4.89	5.66	5.47	0.289㈢	    14.21	497102048	  1.20	         59.14亿	山西	5.53	5.51	459802	442134	  1.04	5.47	1354	 -3.27	
600686	金龙汽车	-1.33	0.00	汽车整车	717	8.86	--  	8.94	207505	1886	          3.42	3.65	9.19	8.93	0.100㈢	    47.28	186808336	  1.02	         54.18亿	福建	9.15	9.00	112531	94974	  1.18	8.93	34	 -2.45	
数据来源:通达信
