代码	名称	涨幅%%	涨速%%	细分行业	买量	最低	未匹配量	卖价	总量	现量	换手%%	振幅%%	最高	现价	每股收益	市盈(动)	总金额	量比	流通市值	地区	今开	均价	内盘	外盘	内外比	买价	卖量	强弱度%%	
000917	电广传媒	10.02	0.00	影视音像	53152	8.69	--  	--  	1586884	806	         12.26	6.32	9.22	9.22	-0.095㈢	--  	1442531328	  1.15	        119.37亿	湖南	8.99	9.09	924136	662748	  1.39	9.22	0	  7.66	
300203	聚光科技	10.02	0.00	环境保护	568	26.37	--  	--  	318027	644	          7.04	9.18	28.77	28.77	0.928㈢	    23.26	898723328	  3.72	        129.94亿	浙江	26.50	28.26	158936	159090	  1.00	28.77	0	  7.65	
002017	东信和平	10.01	0.00	通信设备	41911	14.70	--  	--  	223620	290	          6.48	5.61	15.49	15.49	0.089㈢	   131.12	340768896	  0.45	         53.46亿	广东	14.84	15.24	101038	122581	  0.82	15.49	0	  7.65	
300504	天邑股份	9.99	0.00	通信设备	18213	27.20	--  	--  	145097	121	         21.70	7.85	29.29	29.29	0.530㈢	    44.81	415547520	  1.64	         19.58亿	四川	27.23	28.64	70592	74504	  0.95	29.29	0	  7.62	
002231	奥维通信	9.96	0.00	通信设备	1550	7.80	--  	--  	339560	1134	         11.10	7.73	8.39	8.39	-0.013㈢	--  	275796544	  1.98	         25.66亿	辽宁	7.93	8.12	170959	168601	  1.01	8.39	0	  7.60	
600100	同方股份	9.28	-0.08	电脑设备	1542	10.52	--  	11.20	613050	3001	          2.07	7.23	11.26	11.19	-0.193㈢	--  	679055552	  3.44	        331.66亿	北京	10.52	11.08	255934	357115	  0.72	11.19	1809	  8.16	
002512	达华智能	8.54	1.42	元器件	264	5.25	--  	5.73	761013	11084	          8.62	10.44	5.80	5.72	-0.368㈢	--  	423397440	  1.57	         50.52亿	福建	5.25	5.56	329153	431859	  0.76	5.72	785	  6.17	
300638	广和通	7.91	-1.01	通信设备	23	44.00	--  	46.50	68312	567	         17.12	7.89	47.40	46.50	0.480㈢	    73.16	313722912	  1.20	         18.55亿	深圳	44.18	45.93	31887	36424	  0.88	46.45	213	  5.55	
300365	恒华科技	6.53	-0.32	软件服务	190	23.20	--  	24.48	95960	923	          4.39	7.84	25.00	24.47	0.274㈢	    67.08	231273792	  1.43	         53.49亿	北京	23.20	24.10	44065	51894	  0.85	24.47	103	  4.17	
002373	千方科技	5.40	0.57	软件服务	324	15.30	--  	15.82	325384	3210	          3.88	5.66	16.15	15.82	0.360㈢	    35.96	513412480	  1.55	        132.78亿	北京	15.35	15.78	167858	157526	  1.07	15.81	265	  3.03	
002421	达实智能	5.29	0.46	软件服务	3000	4.14	--  	4.38	806016	11095	          4.75	8.41	4.49	4.38	0.082㈢	    40.10	348085504	  1.87	         74.28亿	深圳	4.18	4.32	354979	451036	  0.79	4.37	1965	  2.92	
300168	万达信息	5.20	-0.41	软件服务	2889	13.56	--  	14.17	600851	5414	          5.51	8.25	14.67	14.16	0.150㈢	    76.82	839646656	  1.50	        154.52亿	上海	13.62	13.97	289039	311812	  0.93	14.16	169	  2.84	
300310	宜通世纪	4.95	0.16	通信设备	689	6.00	--  	6.36	952505	11806	         15.16	9.08	6.55	6.36	-0.645㈢	--  	595671232	  1.20	         39.96亿	广东	6.17	6.25	448972	503533	  0.89	6.35	745	  2.59	
002139	拓邦股份	4.81	0.18	元器件	4049	5.42	--  	5.66	492331	2170	          6.28	6.30	5.76	5.66	0.200㈢	    22.25	277222240	  1.45	         44.38亿	深圳	5.45	5.63	225113	267218	  0.84	5.65	5887	  2.45	
002121	科陆电子	4.47	0.75	电器仪表	1031	5.20	--  	5.37	197683	5183	          2.18	3.50	5.38	5.37	0.014㈢	   286.34	104918840	  1.14	         48.63亿	深圳	5.25	5.31	93226	104457	  0.89	5.36	181	  2.11	
300356	光一科技	4.24	0.38	电气设备	1537	7.55	--  	7.87	393070	4362	         10.66	7.69	8.13	7.86	0.055㈢	   107.70	307573984	  0.85	         28.99亿	江苏	7.66	7.82	185013	208056	  0.89	7.86	522	  1.88	
600718	东软集团	4.22	0.08	软件服务	301	12.17	--  	12.60	451298	1377	          3.63	6.53	12.96	12.60	0.100㈢	    94.27	569866368	  1.48	        156.54亿	辽宁	12.51	12.63	213783	237514	  0.90	12.59	952	  3.10	
300598	诚迈科技	4.12	0.29	软件服务	377	23.66	--  	24.51	46227	743	          9.56	3.61	24.51	24.51	0.123㈢	   149.90	111793960	  1.21	         11.85亿	江苏	23.70	24.18	22048	24178	  0.91	24.50	10	  1.76	
002028	思源电气	4.06	-0.07	电气设备	390	11.56	--  	12.06	312827	2824	          5.39	5.95	12.25	12.06	0.315㈢	    28.69	373443232	  1.72	         69.97亿	上海	11.65	11.94	142462	170364	  0.84	12.05	119	  1.69	
600845	宝信软件	4.03	0.03	软件服务	23	29.50	--  	30.17	108154	882	          1.69	5.17	31.00	30.17	0.630㈢	    38.29	327332320	  1.38	        193.34亿	上海	29.50	30.27	36692	71462	  0.51	30.16	92	  2.91	
002161	远 望 谷	4.02	0.00	通信设备	1640	6.51	--  	6.74	571250	3472	          8.18	8.66	7.07	6.73	-0.107㈢	--  	380567776	  1.68	         47.01亿	深圳	6.54	6.66	269080	302170	  0.89	6.73	567	  1.65	
600602	云赛智联	3.84	0.00	软件服务	1534	6.36	--  	6.49	171602	859	          1.66	4.96	6.67	6.49	0.133㈢	    36.68	112390032	  1.58	         67.07亿	上海	6.36	6.55	89505	82096	  1.09	6.48	718	  2.72	
000801	四川九洲	3.70	0.16	通信设备	921	6.06	--  	6.17	512264	7316	          5.01	4.87	6.35	6.17	0.022㈢	   205.72	316357408	  1.13	         63.11亿	四川	6.30	6.18	272260	240003	  1.13	6.16	505	  1.33	
000701	厦门信达	3.63	0.00	综合类	675	6.91	--  	7.14	148173	1047	          3.64	5.52	7.29	7.14	-0.060㈢	    35.00	105587368	  1.82	         29.03亿	福建	6.96	7.13	69654	78518	  0.89	7.13	175	  1.26	
600410	华胜天成	3.57	0.83	软件服务	1597	7.07	--  	7.26	584483	3750	          5.32	5.86	7.48	7.25	0.046㈢	   117.09	424425440	  1.48	         79.66亿	北京	7.16	7.26	274834	309649	  0.89	7.25	486	  2.45	
300228	富瑞特装	3.43	0.32	化工机械	1605	6.15	--  	6.33	385190	5211	          9.49	6.54	6.55	6.33	-0.084㈢	--  	243682208	  1.17	         25.71亿	江苏	6.18	6.33	178022	207168	  0.86	6.32	668	  1.07	
300458	全志科技	3.18	0.26	元器件	1719	22.82	--  	23.03	208194	1559	          8.89	7.71	24.54	23.02	0.437㈢	    39.54	494192384	  1.68	         53.92亿	广东	24.54	23.74	117353	90840	  1.29	23.02	53	  0.82	
300096	易联众	3.12	0.52	软件服务	453	11.31	--  	11.57	183841	1602	          4.88	7.04	12.10	11.57	-0.040㈢	--  	214131200	  0.81	         43.56亿	福建	11.34	11.65	88737	95104	  0.93	11.56	70	  0.75	
300213	佳讯飞鸿	2.95	0.00	通信设备	1576	7.53	--  	7.67	353994	2966	          9.18	5.10	7.91	7.67	0.113㈢	    50.77	272161280	  1.14	         29.59亿	北京	7.58	7.69	163487	190506	  0.86	7.66	510	  0.59	
000555	神州信息	2.93	0.34	软件服务	1164	11.75	--  	11.96	388912	3686	          4.16	3.88	12.20	11.95	0.308㈢	    29.14	466352032	  1.14	        111.72亿	深圳	11.75	11.99	193337	195574	  0.99	11.95	926	  0.56	
300002	神州泰岳	2.90	0.44	软件服务	3292	4.42	--  	4.61	1055158	14549	          7.50	8.48	4.80	4.61	-0.078㈢	--  	485276928	  1.14	         64.84亿	北京	4.47	4.60	566903	488254	  1.16	4.60	1313	  0.54	
300312	邦讯技术	2.86	0.11	通信设备	647	8.85	--  	9.00	274819	1636	         14.36	4.00	9.20	9.00	-0.034㈢	--  	248831792	  1.17	         17.22亿	北京	8.85	9.05	124227	150591	  0.82	8.99	1957	  0.49	
603322	超讯通信	2.83	0.09	通信设备	140	33.56	--  	33.81	57369	595	         12.65	7.88	36.15	33.80	0.110㈢	   258.20	198282016	  1.22	         15.33亿	广东	35.45	34.56	25746	31622	  0.81	33.80	1	  1.71	
603083	剑桥科技	2.65	0.11	通信设备	442	26.10	--  	26.39	71330	976	         12.91	5.45	27.50	26.38	0.440㈢	    45.20	190383504	  1.13	         14.58亿	上海	27.06	26.69	38239	33090	  1.16	26.38	26	  1.52	
600525	长园集团	2.62	0.14	电气设备	4221	6.91	--  	7.07	1272460	8316	          9.74	4.80	7.24	7.06	0.980㈢	     5.49	900597120	  0.81	         92.19亿	深圳	6.95	7.08	677358	595101	  1.14	7.06	2707	  1.49	
002912	中新赛克	2.44	0.38	软件服务	7	102.75	--  	104.91	18168	101	          3.51	6.13	109.03	104.90	1.465㈢	    53.69	193038608	  1.31	         54.36亿	深圳	102.75	106.25	7729	10438	  0.74	104.90	1	  0.08	
300324	旋极信息	2.38	0.41	软件服务	523	7.02	--  	7.32	1094544	11821	         10.56	6.71	7.50	7.32	0.206㈢	    26.69	794674560	  0.85	         75.90亿	北京	7.07	7.26	550906	543638	  1.01	7.31	1517	  0.01	
300292	吴通控股	2.35	-0.45	软件服务	12842	4.23	--  	4.36	674037	6276	          6.55	4.71	4.43	4.35	0.097㈢	    33.66	292249184	  1.00	         44.79亿	江苏	4.30	4.34	310740	363296	  0.86	4.35	3634	 -0.01	
002169	智光电气	2.24	-0.21	电气设备	222	4.47	--  	4.57	304357	1085	          4.05	5.83	4.73	4.56	0.106㈢	    32.22	139572256	  1.31	         34.24亿	广东	4.52	4.59	155072	149285	  1.04	4.56	1425	 -0.12	
300007	汉威科技	2.21	0.00	电器仪表	252	11.50	--  	11.58	187856	1398	          8.28	7.33	12.33	11.58	0.309㈢	    28.10	222564176	  1.35	         26.28亿	河南	11.85	11.85	98756	89099	  1.11	11.57	170	 -0.16	
300208	青岛中程	2.14	0.15	电气设备	735	6.54	--  	6.68	176272	935	          2.90	4.75	6.85	6.67	0.339㈢	    14.78	117801384	  1.24	         40.50亿	山东	6.62	6.68	95617	80654	  1.19	6.67	710	 -0.22	
300672	国科微	2.02	0.19	半导体	28	47.21	--  	47.56	28705	339	          4.41	5.34	49.70	47.56	-0.432㈢	--  	139157312	  1.42	         30.96亿	湖南	48.77	48.48	15319	13386	  1.14	47.55	103	 -0.35	
300367	东方网力	2.01	0.18	电脑设备	1325	11.06	--  	11.17	458900	2763	          7.67	4.47	11.55	11.17	0.225㈢	    37.29	516372096	  1.30	         66.87亿	北京	11.26	11.25	244538	214362	  1.14	11.16	344	 -0.36	
600787	中储股份	1.95	0.48	仓储物流	309	6.14	--  	6.27	161824	1154	          0.74	4.07	6.39	6.26	0.033㈢	   140.24	101498144	  1.35	        137.71亿	天津	6.18	6.27	76915	84908	  0.91	6.26	983	  0.83	
002073	软控股份	1.95	0.00	软件服务	994	5.10	--  	5.24	431837	2842	          5.27	5.45	5.38	5.24	0.084㈢	    46.96	225276304	  1.56	         42.91亿	山东	5.15	5.22	217637	214199	  1.02	5.23	577	 -0.42	
300514	友讯达	1.93	0.24	通信设备	571	12.55	--  	12.71	77616	653	          8.59	3.05	12.93	12.70	0.119㈢	    79.71	98976024	  1.28	         11.47亿	深圳	12.60	12.75	37058	40557	  0.91	12.70	188	 -0.44	
300456	耐威科技	1.85	0.13	元器件	581	29.60	--  	30.31	92021	855	          6.41	4.30	30.88	30.30	0.300㈢	    93.76	278470464	  0.97	         43.50亿	北京	30.10	30.26	46175	45845	  1.01	30.30	71	 -0.52	
300166	东方国信	1.79	-0.06	软件服务	1342	14.60	--  	14.80	327988	2106	          4.05	6.19	15.50	14.80	0.173㈢	    64.29	493384096	  1.07	        119.98亿	北京	14.90	15.04	153602	174386	  0.88	14.79	318	 -0.58	
601360	三六零	1.78	0.08	互联网	380	26.09	--  	26.31	175747	1375	          4.42	4.57	27.27	26.30	0.380㈢	    53.03	468111584	  0.88	        104.46亿	江苏	26.50	26.64	87333	88413	  0.99	26.30	92	  0.66	
002079	苏州固锝	1.78	0.15	半导体	1062	6.77	--  	6.88	382784	4580	          5.27	3.70	7.02	6.88	0.095㈢	    54.06	264600576	  1.02	         49.98亿	江苏	6.88	6.91	177047	205737	  0.86	6.87	835	 -0.59	
300134	大富科技	1.76	0.35	通信设备	1329	13.90	--  	14.46	460497	3837	          6.46	7.46	14.96	14.45	-0.091㈢	--  	667980992	  1.04	        102.94亿	深圳	14.15	14.51	217907	242590	  0.90	14.45	74	 -0.60	
600734	实达集团	1.76	0.00	电脑设备	1347	8.46	--  	8.69	502448	4706	         14.17	5.98	8.97	8.68	0.200㈢	    32.61	440360672	  1.06	         30.79亿	福建	8.64	8.76	268996	233452	  1.15	8.68	897	  0.64	
300050	世纪鼎利	1.75	0.31	软件服务	802	6.30	--  	6.38	234813	2025	          6.36	4.47	6.58	6.38	0.058㈢	    81.89	151423840	  1.21	         23.55亿	广东	6.33	6.45	110965	123847	  0.90	6.37	1042	 -0.61	
600990	四创电子	1.71	0.02	通信设备	43	42.61	--  	43.33	25162	128	          1.84	3.52	44.11	43.32	-0.030㈢	--  	109372512	  1.03	         59.22亿	安徽	42.61	43.47	11780	13382	  0.88	43.32	3	  0.59	
300730	科创信息	1.70	0.15	软件服务	397	19.52	--  	19.75	109904	892	         14.54	4.79	20.45	19.75	0.024㈢	   609.74	219359824	  1.19	         14.93亿	湖南	19.70	19.96	49236	60668	  0.81	19.74	401	 -0.67	
600770	综艺股份	1.66	0.33	综合类	1283	6.06	--  	6.14	410517	2550	          3.16	4.31	6.32	6.13	0.065㈢	    70.21	253153984	  1.18	         79.69亿	江苏	6.13	6.17	202891	207626	  0.98	6.13	2542	  0.54	
300078	思创医惠	1.62	-0.19	元器件	387	9.95	--  	10.07	304980	1835	          4.18	3.54	10.30	10.06	0.135㈢	    55.97	309067616	  1.28	         73.37亿	浙江	10.20	10.13	158688	146292	  1.08	10.06	623	 -0.75	
600973	宝胜股份	1.61	0.00	电气设备	965	4.36	--  	4.43	163532	1761	          1.34	4.37	4.55	4.42	0.094㈢	    35.31	72696880	  1.21	         54.02亿	江苏	4.36	4.45	70719	92813	  0.76	4.42	757	  0.49	
002474	榕基软件	1.53	0.00	软件服务	567	7.88	--  	7.98	233288	2883	          4.98	4.59	8.24	7.97	0.049㈢	   122.49	188145536	  1.45	         37.36亿	福建	8.00	8.06	109496	123792	  0.88	7.97	969	 -0.84	
002151	北斗星通	1.53	0.20	通信设备	24	25.05	--  	25.28	187115	1528	          6.46	2.93	25.78	25.27	0.105㈢	   181.34	474751200	  0.96	         73.18亿	北京	25.05	25.37	88325	98790	  0.89	25.27	72	 -0.84	
601138	工业富联	1.53	0.07	通信设备	1811	15.13	--  	15.32	938905	8160	          8.40	5.04	15.89	15.31	0.530㈢	    23.18	1458847488	  1.13	        171.15亿	深圳	15.13	15.54	497069	441835	  1.13	15.31	758	  0.40	
002849	威星智能	1.48	-0.18	电器仪表	24	15.35	--  	15.82	31671	239	          5.51	4.11	15.99	15.82	0.370㈢	    32.65	49791728	  1.39	          9.09亿	浙江	15.45	15.72	13324	18347	  0.73	15.81	39	 -0.89	
002093	国脉科技	1.45	0.00	电信运营	66	8.36	--  	8.43	247340	1185	          2.54	3.86	8.68	8.42	0.126㈢	    50.02	211062560	  0.93	         82.00亿	福建	8.50	8.53	131386	115953	  1.13	8.42	499	 -0.92	
300038	数知科技	1.44	0.09	通信设备	1180	11.14	--  	11.28	373234	2685	          5.45	3.78	11.56	11.28	0.473㈢	    17.87	423733728	  1.17	         77.27亿	北京	11.14	11.35	186013	187220	  0.99	11.27	171	 -0.93	
000682	东方电子	1.43	0.24	电气设备	178	4.20	--  	4.26	191726	1889	          1.96	3.10	4.33	4.25	0.080㈢	    47.00	81976600	  1.11	         41.57亿	山东	4.22	4.28	99765	91961	  1.08	4.25	2271	 -0.93	
000901	航天科技	1.37	0.40	航空	959	12.40	--  	12.56	309472	3095	          5.46	3.07	12.78	12.55	0.092㈢	   102.13	389102912	  0.95	         71.16亿	黑龙江	12.41	12.57	159565	149907	  1.06	12.55	730	 -0.99	
300299	富春股份	1.35	-0.16	通信设备	3819	5.97	--  	6.03	426001	3517	          6.97	3.70	6.19	6.02	0.048㈢	    93.71	258766240	  0.91	         36.80亿	福建	6.05	6.07	214130	211871	  1.01	6.02	2588	 -1.02	
300624	万兴科技	1.26	-0.01	软件服务	42	59.80	--  	61.91	31171	295	          6.42	4.89	62.79	61.90	0.930㈢	    52.04	191412800	  0.70	         30.03亿	西藏	62.00	61.41	14095	17075	  0.83	61.90	22	 -1.10	
002210	飞马国际	1.25	0.25	仓储物流	5831	3.95	--  	4.05	1291440	20385	          9.30	5.76	4.18	4.04	0.077㈢	    39.36	524293984	  0.83	         56.13亿	深圳	3.99	4.06	613801	677639	  0.91	4.04	6004	 -1.11	
300209	天泽信息	1.23	0.00	软件服务	443	13.03	--  	13.20	68665	289	          2.60	3.45	13.48	13.19	-0.074㈢	--  	91042392	  0.98	         34.79亿	江苏	13.12	13.26	34988	33677	  1.04	13.19	125	 -1.14	
600035	楚天高速	1.18	0.00	路桥	2697	3.41	--  	3.44	162765	889	          1.07	2.35	3.49	3.44	0.284㈢	     9.08	56189220	  0.89	         52.52亿	湖北	3.42	3.45	84500	78264	  1.08	3.43	241	  0.05	
300259	新天科技	1.15	0.00	电器仪表	4213	3.46	--  	3.52	326082	1256	          4.50	4.02	3.60	3.52	0.092㈢	    28.60	115505168	  0.96	         25.50亿	河南	3.51	3.54	152164	173918	  0.87	3.51	2394	 -1.22	
300066	三川智慧	1.12	0.00	电器仪表	8188	4.42	--  	4.51	388566	2306	          3.90	6.07	4.69	4.50	0.080㈢	    42.30	176435984	  1.08	         44.82亿	江西	4.49	4.54	185065	203501	  0.91	4.50	2442	 -1.24	
300349	金卡智能	1.11	0.19	软件服务	55	20.80	--  	21.00	108115	383	          3.07	4.09	21.65	21.00	0.810㈢	    19.53	228504176	  1.28	         73.95亿	浙江	21.10	21.14	52476	55639	  0.94	20.98	416	 -1.26	
300184	力源信息	1.09	0.39	元器件	108	10.12	--  	10.24	222003	2110	          7.17	4.05	10.53	10.24	0.466㈢	    16.49	229346208	  1.07	         31.72亿	湖北	10.30	10.33	105341	116662	  0.90	10.23	115	 -1.28	
600879	航天电子	1.06	0.30	航空	5721	6.62	--  	6.71	685643	5691	          2.84	2.71	6.80	6.70	0.126㈢	    39.89	460128288	  1.07	        161.69亿	湖北	6.68	6.71	351287	334355	  1.05	6.70	1617	 -0.07	
300155	安居宝	0.97	0.19	元器件	337	5.13	--  	5.19	121595	2190	          4.38	3.31	5.30	5.18	0.054㈢	    71.74	63415220	  0.90	         14.37亿	广东	5.13	5.22	59945	61649	  0.97	5.18	242	 -1.39	
300248	新开普	0.97	0.00	软件服务	186	8.26	--  	8.35	94456	737	          2.98	4.36	8.62	8.34	0.040㈢	   155.55	79931776	  0.81	         26.41亿	河南	8.33	8.46	47608	46847	  1.02	8.34	172	 -1.40	
002402	和而泰	0.93	-0.22	元器件	962	8.62	--  	8.68	258722	1771	          3.58	3.73	8.94	8.67	0.216㈢	    30.14	227023088	  0.94	         62.66亿	深圳	8.70	8.77	130901	127821	  1.02	8.67	198	 -1.43	
600171	上海贝岭	0.93	0.67	半导体	795	11.83	--  	11.95	386606	2164	          5.74	3.55	12.25	11.94	0.126㈢	    70.85	465697664	  1.14	         80.45亿	上海	12.12	12.05	195211	191395	  1.02	11.94	1011	 -0.19	
002313	日海智能	0.92	0.16	通信设备	33	25.18	--  	25.26	99396	1089	          3.19	4.80	26.38	25.25	0.331㈢	    57.29	254947392	  1.28	         78.78亿	深圳	26.01	25.65	51177	48218	  1.06	25.25	24	 -1.45	
002183	怡 亚 通	0.89	0.18	仓储物流	277	5.60	--  	5.67	573870	4442	          2.71	4.45	5.85	5.67	0.184㈢	    23.12	328077312	  1.10	        120.23亿	深圳	5.79	5.72	325759	248110	  1.31	5.66	2005	 -1.47	
000507	珠海港	0.89	0.13	港口	3389	7.90	--  	7.96	390793	7028	          5.06	2.03	8.06	7.95	0.181㈢	    32.87	311439456	  0.97	         61.39亿	广东	7.90	7.97	188228	202564	  0.93	7.95	2691	 -1.48	
600487	亨通光电	0.83	0.14	通信设备	2808	21.87	--  	21.99	807769	4202	          4.34	3.58	22.65	21.98	1.107㈢	    14.89	1802769536	  1.15	        408.90亿	江苏	22.43	22.32	413474	394295	  1.05	21.98	561	 -0.30	
600198	*ST大唐	0.81	-0.10	通信设备	498	8.60	--  	8.71	181759	1548	          2.08	4.28	8.97	8.71	0.286㈢	    22.84	160583088	  1.03	         76.24亿	北京	8.65	8.83	94227	87532	  1.08	8.70	23	 -0.31	
600855	航天长峰	0.79	-0.20	专用机械	34	13.80	--  	13.97	184244	2108	          5.58	3.90	14.34	13.97	0.028㈢	   369.97	259394736	  0.85	         46.12亿	北京	13.86	14.08	100616	83628	  1.20	13.96	422	 -0.33	
300350	华鹏飞	0.74	0.15	仓储物流	284	6.71	--  	6.83	99177	1209	          3.17	4.28	7.00	6.82	0.150㈢	    34.12	67846080	  0.98	         21.33亿	深圳	6.80	6.84	53613	45564	  1.18	6.82	617	 -1.63	
002642	荣之联	0.74	-0.28	软件服务	1535	6.77	--  	6.83	320798	5384	          6.22	4.58	7.08	6.82	0.006㈢	   799.81	221714416	  1.03	         35.17亿	北京	6.86	6.91	167256	153541	  1.09	6.82	16	 -1.63	
300660	江苏雷利	0.74	0.18	电气设备	55	21.78	--  	21.92	27299	227	          6.00	2.30	22.28	21.91	0.930㈢	    18.08	60101776	  1.20	          9.97亿	江苏	21.78	22.02	12397	14901	  0.83	21.91	9	 -1.63	
002396	星网锐捷	0.61	0.19	通信设备	10	21.22	--  	21.45	325546	3718	          6.04	3.19	21.90	21.45	0.690㈢	    23.32	699588928	  1.71	        115.64亿	福建	21.41	21.49	165172	160374	  1.03	21.44	63	 -1.75	
002104	恒宝股份	0.57	0.00	元器件	670	7.00	--  	7.06	286013	2409	          4.74	3.42	7.24	7.06	0.157㈢	    33.78	203584640	  0.80	         42.58亿	江苏	7.08	7.12	147415	138597	  1.06	7.05	272	 -1.79	
300275	梅安森	0.57	0.00	软件服务	191	8.75	--  	8.85	53946	271	          4.59	3.98	9.10	8.84	0.092㈢	    72.30	48069936	  1.09	         10.40亿	重庆	8.75	8.91	28967	24979	  1.16	8.84	87	 -1.80	
300131	英唐智控	0.53	0.00	元器件	2357	5.65	--  	5.73	450220	2449	          5.66	3.51	5.85	5.72	0.150㈢	    28.69	259196752	  0.93	         45.52亿	深圳	5.69	5.76	225094	225125	  1.00	5.72	3227	 -1.84	
300590	移为通信	0.52	0.32	通信设备	277	34.41	--  	34.70	44148	663	          4.55	4.55	35.98	34.69	0.520㈢	    50.95	155651328	  0.64	         33.65亿	上海	34.79	35.26	24095	20053	  1.20	34.69	33	 -1.84	
002870	香山股份	0.43	0.35	电器仪表	130	24.50	--  	25.90	118579	897	         29.56	9.31	26.90	25.89	0.216㈢	    90.07	304521824	  1.81	         10.39亿	广东	25.30	25.68	60659	57920	  1.05	25.89	38	 -1.94	
600345	长江通信	0.33	-0.23	通信设备	449	24.21	--  	24.60	100660	978	          5.08	4.20	25.24	24.59	1.089㈢	    16.94	250353856	  1.18	         48.69亿	湖北	24.66	24.87	54623	46037	  1.19	24.59	2	 -0.80	
300077	国民技术	0.23	-0.11	半导体	643	8.49	--  	8.55	577265	7835	         10.67	4.34	8.86	8.54	0.394㈢	    16.27	500209920	  0.99	         46.20亿	深圳	8.61	8.67	310972	266293	  1.17	8.54	49	 -2.13	
002303	美盈森	0.19	0.38	造纸	109	5.22	--  	5.27	128205	774	          0.84	3.05	5.38	5.26	0.191㈢	    20.61	67958504	  0.96	         80.52亿	深圳	5.28	5.30	61579	66626	  0.92	5.26	169	 -2.17	
002025	航天电器	0.04	-0.03	元器件	32	27.16	--  	27.69	100639	272	          2.35	3.50	28.13	27.69	0.621㈢	    33.45	278714496	  1.34	        118.76亿	贵州	27.70	27.69	55072	45566	  1.21	27.68	34	 -2.33	
300667	必创科技	--  	--  	电器仪表	0	--  	--  	--  	0	0	          0.00	0.00	--  	27.18	0.112㈢	   182.57	0	  0.00	         18.66亿	北京	--  	27.18	0	0	--  	--  	0	 -2.36	
300098	高新兴	0.00	-0.10	通信设备	377	9.09	--  	9.27	650444	5908	          5.00	6.37	9.68	9.26	0.230㈢	    31.16	609903808	  1.17	        120.56亿	广东	9.56	9.38	347242	303201	  1.15	9.26	2209	 -2.36	
300531	优博讯	-0.05	-0.21	软件服务	896	18.02	--  	18.24	63717	742	          5.22	4.77	18.89	18.23	0.353㈢	    38.70	117737000	  1.43	         22.24亿	深圳	18.28	18.48	31371	32346	  0.97	18.23	76	 -2.42	
601799	星宇股份	-0.07	-0.08	汽车配件	114	57.41	--  	58.05	14602	45	          0.53	2.39	58.80	58.05	1.591㈢	    27.37	84575440	  1.41	        160.31亿	江苏	58.77	57.92	6682	7920	  0.84	58.00	28	 -1.19	
000851	高鸿股份	-0.17	0.00	软件服务	6507	5.88	--  	5.96	788235	6700	          9.20	7.87	6.35	5.96	0.039㈢	   113.54	480487264	  1.38	         51.07亿	贵州	6.08	6.10	443538	344697	  1.29	5.95	1518	 -2.53	
000997	新 大 陆	-0.28	0.00	软件服务	2191	17.45	--  	17.55	207602	741	          2.07	3.87	18.13	17.54	0.470㈢	    28.66	369630432	  1.09	        176.18亿	福建	17.76	17.80	106760	100841	  1.06	17.54	41	 -2.65	
000988	华工科技	-0.40	0.13	电器仪表	594	14.80	--  	14.95	464977	2017	          4.63	3.33	15.30	14.94	0.255㈢	    43.93	700768960	  1.19	        150.19亿	湖北	15.25	15.07	262369	202607	  1.29	14.94	784	 -2.76	
600271	航天信息	-0.42	0.14	电脑设备	83	28.06	--  	28.46	313197	2134	          1.70	5.92	29.75	28.45	0.460㈢	    46.51	909003904	  1.26	        525.42亿	北京	28.85	29.02	168345	144851	  1.16	28.45	86	 -1.54	
002339	积成电子	-0.48	0.00	电气设备	1120	8.24	--  	8.32	132384	2606	          4.01	3.23	8.51	8.31	0.092㈢	    67.42	110718440	  0.92	         27.43亿	山东	8.34	8.36	73608	58776	  1.25	8.31	180	 -2.84	
300014	亿纬锂能	-0.72	-0.08	电气设备	481	21.61	--  	22.05	342866	1759	          4.19	4.86	22.69	22.04	0.443㈢	    37.34	758297600	  1.09	        180.56亿	广东	22.28	22.12	182681	160185	  1.14	22.04	284	 -3.09	
600066	宇通客车	-1.26	0.64	汽车整车	97	13.89	--  	14.05	482975	3264	          2.18	4.29	14.50	14.05	0.541㈢	    19.48	683051776	  1.44	        311.06亿	河南	14.22	14.14	260519	222456	  1.17	14.04	2520	 -2.39	
002152	广电运通	-1.64	0.30	电脑设备	1180	6.51	--  	6.60	487043	2315	          2.46	4.63	6.82	6.59	0.184㈢	    26.85	326039264	  1.41	        130.39亿	广东	6.69	6.69	268929	218113	  1.23	6.59	2992	 -4.01	
数据来源:通达信
