代码	名称	涨幅%%	涨速%%	细分行业	买量	最低	未匹配量	卖价	总量	现量	换手%%	振幅%%	最高	现价	每股收益	市盈(动)	总金额	量比	流通市值	地区	今开	均价	内盘	外盘	内外比	买价	卖量	强弱度%%	
002112	三变科技	10.03	0.00	电气设备	46674	7.33	--  	--  	122510	7	          6.67	1.92	7.46	7.46	-0.223㈢	--  	91335696	  2.39	         13.71亿	浙江	7.46	7.46	108318	14191	  7.63	7.46	0	  7.66	
601700	风范股份	10.02	0.00	电气设备	9064	8.15	--  	--  	1574180	11557	         13.89	12.77	9.22	9.22	0.035㈢	   195.94	1384298240	  1.34	        104.48亿	江苏	8.41	8.79	758828	815352	  0.93	9.22	0	  8.90	
300069	金利华电	10.00	0.00	电气设备	60030	12.94	--  	--  	35391	138	          3.83	10.46	14.30	14.30	-0.104㈢	--  	48235756	  1.17	         13.21亿	浙江	13.03	13.63	17035	18356	  0.93	14.30	0	  7.64	
002123	梦网集团	7.83	-0.47	互联网	43	11.63	--  	12.40	564913	5777	          8.75	8.87	12.65	12.40	0.188㈢	    49.49	689967744	  1.28	         80.03亿	深圳	11.70	12.21	284441	280472	  1.01	12.39	2328	  5.46	
002028	思源电气	4.06	-0.07	电气设备	390	11.56	--  	12.06	312827	2824	          5.39	5.95	12.25	12.06	0.315㈢	    28.69	373443232	  1.72	         69.97亿	上海	11.65	11.94	142462	170364	  0.84	12.05	119	  1.69	
600406	国电南瑞	3.29	0.00	软件服务	490	18.90	--  	19.17	531743	3514	          2.08	3.99	19.64	19.17	0.520㈢	    28.46	1026720576	  1.40	        489.45亿	江苏	18.90	19.31	299738	232004	  1.29	19.16	177	  2.17	
002359	北讯集团	3.06	0.31	通信设备	3111	9.55	--  	9.76	631043	5192	          8.91	4.54	9.98	9.76	0.493㈢	    14.85	618415552	  0.91	         69.11亿	深圳	9.55	9.80	315354	315688	  1.00	9.75	731	  0.70	
002074	国轩高科	2.57	0.23	电气设备	390	17.10	--  	17.53	409963	3262	          4.07	6.14	18.15	17.53	0.580㈢	    22.68	726047040	  1.46	        176.75亿	江苏	17.16	17.71	180859	229103	  0.79	17.52	1093	  0.21	
601208	东材科技	2.19	0.36	化工原料	2174	5.28	--  	5.60	570401	8805	          9.10	7.66	5.70	5.60	0.044㈢	    94.75	313221376	  1.10	         35.09亿	四川	5.50	5.49	278506	291895	  0.95	5.59	3828	  1.07	
601222	林洋能源	2.14	0.00	电器仪表	1084	5.58	--  	5.74	564178	10003	          3.23	3.03	5.75	5.73	0.370㈢	    11.72	319814688	  1.16	        100.21亿	江苏	5.62	5.67	283438	280739	  1.01	5.73	5558	  1.02	
300140	中环装备	2.04	0.20	电气设备	414	9.76	--  	9.98	172901	1770	          7.00	5.11	10.26	9.98	-0.080㈢	--  	172951168	  1.06	         24.64亿	陕西	9.87	10.00	88622	84279	  1.05	9.97	704	 -0.32	
000400	许继电气	2.01	0.00	电气设备	154	11.00	--  	11.16	298323	2045	          2.96	3.84	11.42	11.16	0.154㈢	    54.31	335641760	  1.23	        112.51亿	河南	11.00	11.25	153164	145159	  1.06	11.15	1144	 -0.35	
600290	华仪电气	1.94	0.38	电气设备	4412	5.17	--  	5.25	562815	7485	          7.41	4.08	5.38	5.25	0.023㈢	   173.62	297070976	  0.98	         39.89亿	浙江	5.19	5.28	262492	300323	  0.87	5.24	1214	  0.82	
600973	宝胜股份	1.61	0.00	电气设备	965	4.36	--  	4.43	163532	1761	          1.34	4.37	4.55	4.42	0.094㈢	    35.31	72696880	  1.21	         54.02亿	江苏	4.36	4.45	70719	92813	  0.76	4.42	757	  0.49	
603577	汇金通	1.60	0.19	钢加工	32	10.63	--  	10.77	41025	244	          5.29	2.74	10.92	10.77	0.148㈢	    54.64	44378600	  0.85	          8.35亿	山东	10.64	10.82	20877	20147	  1.04	10.76	8	  0.48	
002692	远程股份	1.37	0.00	电气设备	801	4.37	--  	4.45	218861	1579	          3.06	2.97	4.50	4.44	0.050㈢	    67.09	97137504	  0.81	         31.76亿	江苏	4.38	4.44	96572	122288	  0.79	4.44	2815	 -0.99	
300265	通光线缆	1.28	0.00	电气设备	434	9.45	--  	9.54	141169	1214	          4.19	3.61	9.79	9.53	0.091㈢	    78.46	135824800	  0.89	         32.09亿	江苏	9.55	9.62	70489	70680	  1.00	9.53	10	 -1.09	
601179	中国西电	1.19	0.47	电气设备	251	4.20	--  	4.24	340933	1266	          0.67	3.58	4.35	4.24	0.049㈢	    64.87	145793872	  1.25	        217.34亿	陕西	4.22	4.28	176319	164614	  1.07	4.23	187	  0.07	
002128	露天煤业	1.17	0.00	煤炭开采	1076	8.58	--  	8.66	281803	990	          1.72	2.92	8.83	8.66	0.923㈢	     7.04	245654896	  1.14	        141.54亿	内蒙	8.64	8.72	142214	139588	  1.02	8.65	585	 -1.20	
603016	新宏泰	1.13	0.10	电气设备	127	19.51	--  	19.73	47856	568	          6.79	3.33	20.16	19.72	0.318㈢	    46.50	94938912	  0.98	         13.89亿	江苏	19.69	19.84	23302	24554	  0.95	19.72	45	  0.01	
002879	长缆科技	1.00	0.07	电气设备	934	15.03	--  	15.16	69986	933	          5.53	3.26	15.52	15.16	0.491㈢	    23.16	106817744	  1.03	         19.19亿	湖南	15.16	15.26	36482	33503	  1.09	15.15	121	 -1.37	
002452	长高集团	0.97	0.00	电气设备	747	4.12	--  	4.18	82887	227	          2.07	2.91	4.24	4.17	-0.063㈢	--  	34695124	  1.03	         16.72亿	湖南	4.13	4.19	38432	44455	  0.86	4.17	1704	 -1.40	
600268	国电南自	0.80	0.20	电气设备	219	5.00	--  	5.05	166630	857	          2.62	3.00	5.15	5.04	-0.034㈢	--  	84527616	  0.98	         32.02亿	江苏	5.00	5.07	80784	85846	  0.94	5.04	757	 -0.32	
600869	智慧能源	0.76	0.00	电气设备	1136	5.28	--  	5.32	225017	2019	          1.01	2.27	5.40	5.32	0.134㈢	    29.72	120244856	  0.90	        118.07亿	青海	5.30	5.34	111829	113188	  0.99	5.31	657	 -0.36	
000551	创元科技	0.74	0.15	专用机械	968	6.82	--  	6.84	84284	958	          2.11	1.91	6.95	6.84	0.200㈢	    25.60	58017716	  1.25	         27.37亿	江苏	6.85	6.88	41162	43121	  0.95	6.83	134	 -1.63	
002560	通达股份	0.71	0.35	电气设备	1336	5.47	--  	5.67	176419	3344	          6.53	4.09	5.70	5.66	0.060㈢	    67.87	98333344	  1.53	         15.30亿	河南	5.52	5.57	95610	80809	  1.18	5.66	507	 -1.65	
600517	置信电气	0.71	0.23	电气设备	453	4.22	--  	4.29	196823	756	          1.58	3.53	4.37	4.28	-0.111㈢	--  	84709216	  0.79	         53.27亿	上海	4.25	4.30	98834	97989	  1.01	4.28	1928	 -0.42	
002498	汉缆股份	0.70	0.35	电气设备	3638	2.86	--  	2.90	529106	2541	          1.59	2.79	2.94	2.89	0.043㈢	    50.48	153325008	  0.93	         96.12亿	山东	2.88	2.90	271027	258079	  1.05	2.89	9442	 -1.67	
600550	保变电气	0.68	0.23	电气设备	717	4.37	--  	4.42	212199	2671	          1.38	2.51	4.48	4.41	-0.120㈢	--  	94061128	  1.08	         67.68亿	河北	4.39	4.43	107848	104351	  1.03	4.41	1704	 -0.44	
300062	中能电气	0.68	0.00	电气设备	100	5.82	--  	5.89	117500	636	          6.21	3.60	6.03	5.88	0.061㈢	    72.84	69592032	  1.12	         11.13亿	福建	5.82	5.92	55325	62175	  0.89	5.88	167	 -1.68	
300215	电科院	0.61	0.31	电气设备	74	6.50	--  	6.57	143351	1593	          2.36	3.22	6.71	6.56	0.121㈢	    40.63	94714160	  1.13	         39.90亿	江苏	6.59	6.61	74518	68833	  1.08	6.56	384	 -1.75	
601567	三星医疗	0.60	-0.14	电器仪表	506	6.69	--  	6.73	71035	57	          0.51	2.69	6.87	6.73	0.299㈢	    16.85	48047864	  1.10	         93.32亿	浙江	6.74	6.76	38914	32120	  1.21	6.72	277	 -0.52	
601126	四方股份	0.48	0.00	电气设备	685	6.16	--  	6.24	91739	369	          1.13	2.90	6.34	6.23	0.178㈢	    26.31	57369336	  0.96	         50.66亿	北京	6.21	6.25	43231	48507	  0.89	6.23	1363	 -0.64	
300617	安靠智电	0.41	0.21	电气设备	92	24.00	--  	24.21	19139	368	          5.21	2.70	24.65	24.20	0.753㈣	    32.15	46524672	  0.84	          8.88亿	江苏	24.01	24.31	10468	8671	  1.21	24.19	100	 -1.95	
300018	中元股份	0.35	0.00	电气设备	1202	5.74	--  	5.79	232951	3562	          6.39	3.64	5.95	5.79	0.006㈢	   680.83	136188048	  0.78	         21.12亿	湖北	5.89	5.85	119372	113578	  1.05	5.78	60	 -2.02	
600089	特变电工	0.25	0.13	电气设备	3640	7.94	--  	7.97	759875	4508	          2.05	2.39	8.13	7.96	0.522㈢	    11.44	610764800	  1.28	        295.66亿	新疆	8.00	8.04	403753	356122	  1.13	7.96	1892	 -0.87	
300040	九洲电气	0.16	0.32	电气设备	7	6.28	--  	6.34	117695	1188	          5.01	3.32	6.49	6.33	0.160㈢	    29.76	75281272	  0.97	         14.86亿	黑龙江	6.30	6.40	63768	53926	  1.18	6.33	141	 -2.21	
300120	经纬辉开	-0.12	0.36	电气设备	212	8.19	--  	8.35	138489	755	          5.97	6.71	8.75	8.34	0.237㈢	    26.43	116260656	  1.30	         19.35亿	天津	8.30	8.39	80224	58265	  1.38	8.34	268	 -2.48	
002606	大连电瓷	-0.14	0.14	电气设备	912	6.95	--  	7.09	365857	4874	          9.06	3.53	7.20	7.08	-0.017㈢	--  	259163824	  0.96	         28.59亿	辽宁	7.08	7.08	195416	170441	  1.15	7.08	2667	 -2.51	
002545	东方铁塔	-0.26	-0.51	钢加工	263	7.58	--  	7.69	219533	2343	          2.85	4.03	7.89	7.68	0.173㈢	    33.36	169331824	  0.98	         59.22亿	山东	7.70	7.71	114761	104772	  1.10	7.68	151	 -2.62	
002339	积成电子	-0.48	0.00	电气设备	1120	8.24	--  	8.32	132384	2606	          4.01	3.23	8.51	8.31	0.092㈢	    67.42	110718440	  0.92	         27.43亿	山东	8.34	8.36	73608	58776	  1.25	8.31	180	 -2.84	
002090	金智科技	-0.73	0.00	软件服务	327	18.78	--  	19.14	43467	250	          1.88	4.26	19.60	19.12	0.338㈢	    42.38	83391664	  1.57	         44.26亿	江苏	19.31	19.19	25891	17575	  1.47	19.12	3	 -3.09	
600312	平高电气	-0.88	0.00	电气设备	2113	8.98	--  	9.04	328486	2647	          2.42	4.71	9.41	9.04	0.002㈢	  4100.70	302765696	  1.33	        122.67亿	河南	9.19	9.22	164206	164280	  1.00	9.03	468	 -2.00	
数据来源:通达信
