代码	名称	涨幅%%	涨速%%	细分行业	买量	最低	未匹配量	卖价	总量	现量	换手%%	振幅%%	最高	现价	每股收益	市盈(动)	总金额	量比	流通市值	地区	今开	均价	内盘	外盘	内外比	买价	卖量	强弱度%%	
300264	佳创视讯	10.08	0.00	通信设备	12621	6.52	--  	--  	300130	95	          9.42	2.31	6.66	6.66	-0.003㈢	--  	199547824	  2.35	         21.22亿	深圳	6.66	6.65	238209	61920	  3.85	6.66	0	  7.72	
000917	电广传媒	10.02	0.00	影视音像	53152	8.69	--  	--  	1586884	806	         12.26	6.32	9.22	9.22	-0.095㈢	--  	1442531328	  1.15	        119.37亿	湖南	8.99	9.09	924136	662748	  1.39	9.22	0	  7.66	
002670	国盛金控	10.02	0.00	证券	31873	12.45	--  	--  	870678	163	         13.87	7.80	13.40	13.40	-0.131㈢	--  	1150090368	  3.00	         84.11亿	广东	12.84	13.21	416475	454203	  0.92	13.40	0	  7.65	
300016	北陆药业	10.00	0.00	中成药	10092	9.24	--  	--  	375641	753	          9.40	7.33	9.90	9.90	0.302㈣	    32.76	364081504	  1.39	         39.57亿	北京	9.42	9.69	203140	172501	  1.18	9.90	0	  7.64	
603000	人民网	9.99	0.00	互联网	73193	19.93	--  	--  	326039	116	          2.95	6.25	21.13	21.13	0.061㈢	   258.60	676864768	  0.53	        233.63亿	北京	20.20	20.76	179864	146174	  1.23	21.13	0	  8.87	
300279	和晶科技	9.98	0.00	元器件	142906	6.39	--  	--  	53453	414	          1.71	0.00	6.39	6.39	-0.089㈢	--  	34156524	  0.28	         19.97亿	江苏	6.39	6.39	43221	10232	  4.22	6.39	0	  7.62	
002488	金固股份	9.96	0.00	汽车配件	104402	8.50	--  	--  	309618	63	          4.03	1.40	8.61	8.61	0.125㈢	    51.62	266358416	  1.13	         66.19亿	浙江	8.61	8.60	171676	137941	  1.24	8.61	0	  7.60	
600728	佳都科技	9.63	1.35	软件服务	5714	10.81	--  	11.27	1894057	17753	         11.81	4.86	11.31	11.27	0.070㈢	   121.49	2108389760	  2.24	        180.79亿	广东	11.31	11.13	1041367	852690	  1.22	11.26	1122	  8.51	
002605	姚记扑克	9.14	0.73	文教休闲	1110	9.97	--  	11.11	234164	4347	          8.76	11.11	11.10	11.10	0.193㈢	    43.10	246330960	  1.70	         29.68亿	上海	10.22	10.52	108235	125928	  0.86	11.10	213	  6.78	
603259	药明康德	7.53	0.50	化学制药	140	89.95	--  	96.67	113543	709	         10.90	9.93	98.88	96.66	1.940㈢	    43.99	1084659200	  1.95	        100.72亿	江苏	89.95	95.53	53170	60372	  0.88	96.66	1	  6.41	
002273	水晶光电	7.10	0.69	元器件	141	12.35	--  	13.12	569146	5654	          7.00	8.49	13.39	13.12	0.470㈢	    20.97	726853440	  1.73	        106.65亿	浙江	12.49	12.77	258807	310339	  0.83	13.11	4908	  4.74	
600571	信雅达	6.70	-0.35	软件服务	320	10.13	--  	10.99	663519	5149	         15.39	11.65	11.33	10.99	0.021㈢	   390.30	717282304	  1.66	         47.38亿	浙江	10.35	10.81	340420	323098	  1.05	10.98	2194	  5.58	
002208	合肥城建	6.67	0.36	区域地产	1209	13.26	--  	14.07	270460	3184	          8.47	8.79	14.42	14.07	0.561㈢	    18.82	376953728	  1.33	         44.92亿	安徽	13.43	13.94	132876	137584	  0.97	14.06	127	  4.31	
300020	银江股份	6.58	0.72	软件服务	263	7.96	--  	8.42	353750	4387	          5.63	6.71	8.49	8.42	0.019㈢	   335.03	291571008	  1.46	         52.88亿	浙江	8.10	8.24	164225	189524	  0.87	8.41	1292	  4.22	
002390	信邦制药	6.34	0.19	中成药	46	5.10	--  	5.37	395539	2347	          2.37	7.72	5.49	5.37	0.158㈢	    25.44	210183280	  1.36	         89.53亿	贵州	5.11	5.31	195658	199880	  0.98	5.36	668	  3.97	
000989	九 芝 堂	6.30	0.57	中成药	398	11.65	--  	12.33	401019	10335	          5.05	6.30	12.38	12.32	0.385㈢	    24.02	481143840	  1.35	         97.84亿	湖南	11.66	12.00	178927	222091	  0.81	12.32	3201	  3.93	
300181	佐力药业	5.87	0.29	中成药	1077	6.53	--  	6.86	580401	5231	         12.42	7.26	7.00	6.85	0.042㈢	   121.65	393371488	  1.17	         32.01亿	浙江	6.70	6.78	290515	289886	  1.00	6.85	2747	  3.51	
002235	安妮股份	5.58	0.76	互联网	901	6.20	--  	6.63	776378	20910	         15.52	7.02	6.64	6.62	0.107㈢	    46.21	502824640	  1.22	         33.12亿	福建	6.30	6.48	355406	420972	  0.84	6.62	878	  3.22	
600635	大众公用	5.49	-0.15	供气供热	4381	5.95	--  	6.16	2438849	22164	         10.08	7.03	6.36	6.15	0.113㈢	    40.69	1494905344	  1.03	        148.76亿	上海	6.18	6.13	1150296	1288552	  0.89	6.15	6551	  4.37	
600226	瀚叶股份	5.04	-0.26	农药化肥	5607	3.53	--  	3.76	2276107	25203	         11.42	11.20	3.93	3.75	0.068㈢	    41.45	842652160	  0.96	         74.73亿	浙江	3.60	3.70	1090396	1185710	  0.92	3.75	10588	  3.92	
000046	泛海控股	4.86	0.00	全国地产	243	6.38	--  	6.70	686100	6608	          1.33	10.03	7.02	6.69	0.350㈢	    14.35	463815840	  1.22	        346.22亿	北京	6.45	6.76	322046	364053	  0.88	6.69	6	  2.49	
600825	新华传媒	4.78	0.00	出版业	2585	6.41	--  	6.58	719376	5257	          6.88	6.54	6.82	6.57	0.026㈢	   192.51	473602496	  0.91	         68.65亿	上海	6.50	6.58	371422	347953	  1.07	6.57	2734	  3.66	
002249	大洋电机	4.65	-0.20	电气设备	2961	4.47	--  	4.74	689358	7720	          3.01	8.41	4.85	4.73	0.061㈢	    58.14	320687552	  1.28	        108.49亿	广东	4.55	4.65	316184	373174	  0.85	4.73	2569	  2.28	
300541	先进数通	4.32	0.12	软件服务	146	16.12	--  	16.44	67328	348	          8.90	6.67	17.17	16.43	0.126㈢	    98.11	111832504	  1.22	         12.43亿	北京	16.12	16.61	34503	32824	  1.05	16.43	21	  1.95	
300479	神思电子	3.86	0.52	软件服务	46	17.25	--  	17.50	139301	1487	          8.71	5.88	18.24	17.50	0.039㈢	   339.99	246892224	  0.97	         28.00亿	山东	17.54	17.72	63393	75907	  0.84	17.49	37	  1.49	
603366	日出东方	3.84	0.21	家用电器	913	4.70	--  	4.88	216460	3978	          2.71	5.33	4.95	4.87	-0.053㈢	--  	104811328	  0.84	         38.96亿	江苏	4.75	4.84	100062	116398	  0.86	4.87	4852	  2.72	
300272	开能健康	3.80	0.11	环境保护	305	8.44	--  	8.76	206697	1721	          7.76	9.13	9.21	8.75	0.680㈢	     9.80	182273952	  1.39	         23.32亿	上海	8.56	8.82	108270	98427	  1.10	8.75	261	  1.43	
300242	佳云科技	3.78	0.43	互联网	978	4.57	--  	4.67	270707	1429	          5.25	5.11	4.80	4.67	0.052㈢	    66.96	126587944	  1.30	         24.09亿	广东	4.58	4.68	115933	154773	  0.75	4.66	1531	  1.41	
600187	国中水务	3.77	0.00	水务	1737	3.18	--  	3.31	832492	2996	          5.72	6.92	3.40	3.30	0.006㈢	   430.77	274680032	  1.30	         48.04亿	黑龙江	3.24	3.30	368854	463638	  0.80	3.30	4006	  2.65	
300462	华铭智能	3.76	0.23	专用机械	273	16.58	--  	17.09	97278	862	         12.57	5.71	17.52	17.09	0.300㈢	    41.63	165909968	  1.48	         13.22亿	上海	16.58	17.06	45236	52041	  0.87	17.08	63	  1.40	
300171	东富龙	3.70	0.22	医疗保健	255	8.95	--  	9.25	400616	5586	         12.01	6.95	9.57	9.25	0.105㈢	    66.31	371215040	  1.59	         30.86亿	上海	9.39	9.27	215864	184751	  1.17	9.24	162	  1.34	
600606	绿地控股	3.58	0.14	全国地产	1567	7.02	--  	7.24	1396237	10714	          1.15	5.72	7.42	7.24	0.731㈢	     7.43	1008191424	  1.68	        880.97亿	上海	7.05	7.22	623203	773034	  0.81	7.23	4548	  2.45	
600895	张江高科	3.51	0.05	园区开发	2126	18.72	--  	19.16	838006	6227	          5.41	5.30	19.70	19.15	0.296㈢	    48.60	1608378496	  0.82	        296.57亿	上海	19.09	19.19	422177	415828	  1.02	19.15	1152	  2.39	
002226	江南化工	3.39	0.16	化工原料	2134	6.06	--  	6.11	468062	5536	          5.14	4.75	6.34	6.10	0.171㈢	    26.72	288016448	  1.20	         55.58亿	安徽	6.25	6.15	236799	231263	  1.02	6.10	2065	  1.03	
300760	迈瑞医疗	3.24	0.13	医疗保健	1	129.71	--  	132.55	71485	510	          5.88	7.08	138.80	132.55	2.650㈢	    41.72	959811136	  1.23	        161.18亿	深圳	129.71	134.27	37219	34265	  1.09	132.53	2	  0.88	
300096	易联众	3.12	0.52	软件服务	453	11.31	--  	11.57	183841	1602	          4.88	7.04	12.10	11.57	-0.040㈢	--  	214131200	  0.81	         43.56亿	福建	11.34	11.65	88737	95104	  0.93	11.56	70	  0.75	
002504	弘高创意	3.07	0.00	装修装饰	5187	3.96	--  	4.04	319608	3215	          7.71	3.58	4.10	4.03	0.014㈢	   222.37	129003248	  1.24	         16.71亿	北京	3.99	4.04	142076	177531	  0.80	4.03	3180	  0.70	
600196	复星医药	3.00	0.24	化学制药	448	29.01	--  	29.58	628985	5302	          3.29	3.97	30.15	29.57	0.830㈢	    27.14	1856410752	  1.08	        564.94亿	上海	29.01	29.51	298666	330319	  0.90	29.57	246	  1.87	
300213	佳讯飞鸿	2.95	0.00	通信设备	1576	7.53	--  	7.67	353994	2966	          9.18	5.10	7.91	7.67	0.113㈢	    50.77	272161280	  1.14	         29.59亿	北京	7.58	7.69	163487	190506	  0.86	7.66	510	  0.59	
000555	神州信息	2.93	0.34	软件服务	1164	11.75	--  	11.96	388912	3686	          4.16	3.88	12.20	11.95	0.308㈢	    29.14	466352032	  1.14	        111.72亿	深圳	11.75	11.99	193337	195574	  0.99	11.95	926	  0.56	
600386	北巴传媒	2.92	0.00	公共交通	3764	4.47	--  	4.59	285694	2158	          3.54	6.74	4.77	4.58	0.080㈢	    43.06	132493592	  1.19	         36.93亿	北京	4.47	4.64	128970	156724	  0.82	4.58	1115	  1.80	
002230	科大讯飞	2.90	0.03	软件服务	1929	36.37	--  	36.87	952582	5525	          5.23	4.55	38.00	36.87	0.110㈢	   264.09	3547937792	  0.97	        671.87亿	安徽	37.30	37.25	481867	470714	  1.02	36.86	90	  0.54	
000793	华闻传媒	2.88	0.26	出版业	6053	3.85	--  	3.93	1529312	15184	          7.89	5.50	4.06	3.93	0.011㈢	   256.55	602117184	  0.83	         76.20亿	海南	3.86	3.94	774686	754625	  1.03	3.92	3623	  0.52	
000652	泰达股份	2.80	1.25	批发业	477	3.94	--  	4.04	543363	6206	          3.69	5.34	4.15	4.04	0.049㈢	    61.79	218534192	  0.93	         59.55亿	天津	4.03	4.02	288097	255266	  1.13	4.03	299	  0.43	
603019	中科曙光	2.66	0.00	电脑设备	556	47.40	--  	47.92	323690	1699	          5.03	4.50	49.50	47.91	0.270㈢	   132.91	1570715008	  1.28	        308.07亿	天津	48.51	48.53	165686	158003	  1.05	47.91	125	  1.54	
300750	宁德时代	2.62	0.13	电气设备	19	90.73	--  	92.39	140369	723	          6.46	4.92	95.16	92.39	1.170㈢	    63.95	1306102144	  1.33	        200.71亿	福建	91.50	93.05	68447	71922	  0.95	92.38	117	  0.26	
002495	佳隆股份	2.52	0.27	食品	2055	3.55	--  	3.67	274806	2334	          4.03	7.00	3.80	3.66	0.033㈢	    82.38	100171880	  0.90	         24.96亿	广东	3.62	3.65	125238	149568	  0.84	3.66	2129	  0.16	
002418	康盛股份	2.42	0.24	机械基件	1246	4.06	--  	4.25	820812	9075	          8.18	9.18	4.44	4.24	-0.008㈢	--  	347508224	  1.03	         42.55亿	浙江	4.15	4.23	387189	433623	  0.89	4.24	4492	  0.05	
300324	旋极信息	2.38	0.41	软件服务	523	7.02	--  	7.32	1094544	11821	         10.56	6.71	7.50	7.32	0.206㈢	    26.69	794674560	  0.85	         75.90亿	北京	7.07	7.26	550906	543638	  1.01	7.31	1517	  0.01	
002367	康力电梯	2.27	0.00	运输设备	2035	8.01	--  	8.11	310706	4159	          5.93	5.93	8.48	8.11	0.078㈢	    78.03	255277056	  0.91	         42.52亿	江苏	8.35	8.22	157105	153600	  1.02	8.10	242	 -0.09	
000521	长虹美菱	2.16	0.26	家用电器	8274	3.76	--  	3.79	318861	4947	          3.97	2.96	3.87	3.79	0.063㈢	    45.24	121784024	  0.99	         30.42亿	安徽	3.79	3.82	170070	148791	  1.14	3.78	1652	 -0.21	
300236	上海新阳	2.14	-0.12	半导体	183	29.88	--  	30.01	126487	850	          6.65	5.17	31.40	30.01	-0.013㈢	--  	387113472	  1.09	         57.08亿	上海	31.00	30.60	64900	61587	  1.05	30.00	401	 -0.22	
600422	昆药集团	2.06	0.27	中成药	572	7.31	--  	7.44	158658	1149	          2.09	3.98	7.60	7.44	0.340㈢	    15.98	118733264	  1.50	         56.45亿	云南	7.34	7.48	72213	86444	  0.84	7.43	742	  0.94	
300588	熙菱信息	2.01	-0.06	软件服务	765	14.08	--  	14.20	110124	477	         14.00	4.46	14.70	14.19	0.020㈢	   491.07	158316576	  1.03	         11.16亿	新疆	14.25	14.38	51375	58749	  0.87	14.19	84	 -0.35	
300367	东方网力	2.01	0.18	电脑设备	1325	11.06	--  	11.17	458900	2763	          7.67	4.47	11.55	11.17	0.225㈢	    37.29	516372096	  1.30	         66.87亿	北京	11.26	11.25	244538	214362	  1.14	11.16	344	 -0.36	
600621	华鑫股份	1.98	-0.07	证券	981	12.13	--  	12.86	708928	4255	         13.24	13.25	13.80	12.85	0.037㈢	   262.06	914240128	  1.60	         68.78亿	上海	12.51	12.90	364719	344209	  1.06	12.85	1015	  0.86	
300183	东软载波	1.95	0.07	软件服务	219	14.00	--  	14.11	112540	544	          4.20	3.54	14.49	14.10	0.250㈢	    42.35	159893152	  1.39	         37.82亿	山东	14.33	14.21	57707	54833	  1.05	14.10	25	 -0.41	
600689	上海三毛	1.91	0.27	纺织	277	11.04	--  	11.19	129679	2558	          8.52	3.10	11.38	11.18	0.012㈢	   707.82	145016672	  0.68	         17.02亿	上海	11.23	11.18	62596	67082	  0.93	11.18	221	  0.79	
000532	华金资本	1.90	-0.16	元器件	696	11.80	--  	11.81	183264	1571	          5.34	3.36	12.19	11.81	0.060㈢	   148.27	219115664	  0.81	         40.57亿	广东	12.06	11.96	91158	92106	  0.99	11.80	227	 -0.47	
002141	贤丰控股	1.87	0.20	元器件	443	4.87	--  	4.91	315984	4648	          4.96	3.95	5.06	4.90	0.007㈢	   547.54	156134576	  0.72	         31.19亿	广东	4.90	4.94	175473	140511	  1.25	4.90	1647	 -0.49	
002337	赛象科技	1.85	-0.19	化工机械	2528	4.92	--  	4.97	360613	2980	          6.14	5.34	5.18	4.96	-0.026㈢	--  	181656048	  0.82	         29.14亿	天津	5.07	5.04	188259	172354	  1.09	4.96	1196	 -0.52	
002369	卓翼科技	1.84	0.23	通信设备	635	8.75	--  	8.87	602885	3464	         14.37	4.60	9.15	8.86	0.078㈢	    85.61	538794048	  1.40	         37.18亿	深圳	8.80	8.94	292325	310559	  0.94	8.86	81	 -0.53	
300240	飞力达	1.83	0.26	仓储物流	327	7.64	--  	7.77	69570	643	          1.91	2.49	7.83	7.77	0.107㈢	    54.35	53982324	  1.19	         28.36亿	江苏	7.67	7.76	28550	41020	  0.70	7.76	24	 -0.53	
300494	盛天网络	1.82	0.27	互联网	315	10.80	--  	11.18	90564	720	          6.32	7.03	11.57	11.16	0.218㈢	    38.42	101453272	  1.52	         16.00亿	湖北	10.90	11.20	41108	49456	  0.83	11.16	146	 -0.54	
002453	华软科技	1.82	0.00	化工原料	4350	6.06	--  	6.14	202030	1743	          3.64	3.48	6.27	6.14	0.040㈢	   116.34	124657952	  0.88	         34.06亿	江苏	6.11	6.17	102690	99340	  1.03	6.13	599	 -0.54	
601727	上海电气	1.77	0.70	电气设备	2229	5.66	--  	5.75	503091	5437	          0.50	3.37	5.85	5.74	0.150㈢	    29.22	289067456	  1.25	        573.44亿	上海	5.72	5.75	274692	228399	  1.20	5.74	1901	  0.65	
002288	超华科技	1.75	0.17	元器件	2915	5.72	--  	5.82	777808	7087	          9.72	5.25	6.02	5.81	0.044㈢	    99.76	457803936	  0.80	         46.50亿	广东	5.74	5.89	384539	393269	  0.98	5.81	1189	 -0.61	
002393	力生制药	1.75	-0.22	化学制药	23	25.91	--  	26.32	36400	279	          2.00	5.20	27.25	26.23	0.575㈢	    34.20	96691384	  1.58	         47.86亿	天津	25.91	26.56	18202	18197	  1.00	26.23	19	 -0.62	
000007	全新好	1.74	0.43	酒店餐饮	499	6.90	--  	7.03	226306	1968	          7.33	3.91	7.17	7.03	-0.025㈢	--  	159302832	  0.94	         21.72亿	深圳	6.98	7.04	103649	122656	  0.85	7.02	1121	 -0.63	
002137	麦达数字	1.73	0.00	互联网	1763	7.03	--  	7.06	217971	1461	          5.97	5.63	7.42	7.05	0.133㈢	    39.62	156010592	  1.24	         25.72亿	深圳	7.31	7.16	120967	97004	  1.25	7.05	543	 -0.63	
002472	双环传动	1.72	0.14	机械基件	561	6.96	--  	7.10	192877	2121	          3.51	4.01	7.24	7.10	0.280㈢	    19.22	137111936	  0.90	         39.06亿	浙江	7.06	7.11	89791	103085	  0.87	7.09	2917	 -0.65	
000987	越秀金控	1.71	0.47	多元金融	1086	10.51	--  	10.73	214741	1683	          3.99	6.64	11.21	10.72	0.130㈢	    75.44	233582560	  0.97	         57.71亿	广东	11.08	10.88	118453	96288	  1.23	10.72	238	 -0.66	
300682	朗新科技	1.70	0.73	软件服务	439	19.03	--  	19.20	61822	988	          3.76	4.72	19.92	19.19	-0.250㈢	--  	120350816	  1.01	         31.51亿	江苏	19.35	19.47	31982	29840	  1.07	19.19	78	 -0.67	
600770	综艺股份	1.66	0.33	综合类	1283	6.06	--  	6.14	410517	2550	          3.16	4.31	6.32	6.13	0.065㈢	    70.21	253153984	  1.18	         79.69亿	江苏	6.13	6.17	202891	207626	  0.98	6.13	2542	  0.54	
600335	国机汽车	1.59	0.13	汽车配件	640	7.53	--  	7.66	252384	2723	          2.45	4.12	7.84	7.65	0.475㈢	    12.09	193977168	  1.02	         78.77亿	天津	7.58	7.69	125211	127173	  0.98	7.65	267	  0.47	
002280	联络互动	1.57	0.22	软件服务	134	4.49	--  	4.54	578363	3345	          3.38	3.36	4.64	4.53	0.065㈢	    52.36	264294640	  1.12	         77.55亿	浙江	4.51	4.57	297310	281053	  1.06	4.53	1395	 -0.79	
600893	航发动力	1.55	0.28	航空	187	25.12	--  	25.52	207019	2702	          1.06	3.34	25.96	25.51	0.289㈢	    66.17	529844000	  1.06	        496.87亿	陕西	25.20	25.59	94008	113010	  0.83	25.51	304	  0.43	
600229	城市传媒	1.54	0.25	出版业	717	7.82	--  	7.90	119551	620	          1.70	3.22	8.07	7.89	0.273㈢	    21.67	94960968	  1.38	         55.40亿	山东	7.83	7.94	56250	63300	  0.89	7.89	518	  0.42	
002351	漫步者	1.52	0.50	电脑设备	21	5.88	--  	6.01	96980	2277	          3.33	4.57	6.15	6.00	0.091㈢	    49.64	58442808	  1.22	         17.47亿	深圳	5.93	6.03	50215	46764	  1.07	6.00	102	 -0.84	
002607	中公教育	1.49	0.24	汽车服务	178	11.85	--  	12.31	461761	3731	          5.63	8.50	12.88	12.30	0.050㈢	  1409.48	571089536	  0.86	        100.90亿	安徽	12.13	12.37	225564	236197	  0.95	12.30	30	 -0.88	
000936	华西股份	1.48	0.24	化纤	1717	8.18	--  	8.25	859485	6909	          9.71	5.05	8.59	8.24	0.331㈢	    18.68	720736256	  0.99	         72.95亿	江苏	8.52	8.39	441196	418288	  1.05	8.24	988	 -0.89	
600466	蓝光发展	1.44	0.63	区域地产	9	6.28	--  	6.36	581062	2592	          1.95	4.63	6.57	6.35	0.310㈢	    11.65	373556832	  1.54	        189.49亿	四川	6.32	6.43	284453	296609	  0.96	6.35	310	  0.32	
002527	新时达	1.43	-0.30	电器仪表	670	6.30	--  	6.38	142044	874	          3.38	3.18	6.50	6.38	0.080㈢	    57.06	91074104	  1.00	         26.85亿	上海	6.35	6.41	77442	64602	  1.20	6.37	18	 -0.93	
300418	昆仑万维	1.39	0.07	互联网	1314	15.08	--  	15.29	247194	1409	          3.89	3.85	15.66	15.29	0.650㈢	    17.85	380162432	  1.13	         97.06亿	北京	15.21	15.38	126363	120831	  1.05	15.28	109	 -0.97	
300603	立昂技术	1.37	-0.41	通信设备	288	27.90	--  	28.19	52707	842	         10.92	6.92	29.82	28.12	0.350㈢	    84.48	152187824	  1.13	         13.58亿	新疆	28.63	28.87	26176	26530	  0.99	28.12	8	 -0.99	
000836	富通鑫茂	1.33	0.22	通信设备	2337	4.49	--  	4.57	515996	3809	          4.27	4.88	4.71	4.57	0.066㈢	    51.97	237602224	  1.08	         55.23亿	天津	4.51	4.60	267460	248536	  1.08	4.56	402	 -1.03	
601801	皖新传媒	1.30	0.26	出版业	24	7.69	--  	7.79	205335	604	          1.03	4.43	8.03	7.78	0.549㈢	    10.62	161389968	  1.48	        154.76亿	安徽	7.70	7.86	111804	93531	  1.20	7.78	662	  0.18	
002782	可立克	1.28	0.45	电气设备	777	13.38	--  	13.51	133528	907	          3.13	4.20	13.94	13.50	0.180㈢	    56.32	182038384	  1.19	         57.51亿	深圳	13.88	13.63	67890	65638	  1.03	13.50	61	 -1.09	
600400	红豆股份	1.25	0.00	服饰	1	4.04	--  	4.07	162322	3842	          0.65	1.50	4.10	4.06	0.068㈢	    44.46	66051112	  1.14	        101.35亿	江苏	4.07	4.07	84185	78137	  1.08	4.06	2891	  0.13	
000676	智度股份	1.24	0.19	互联网	7021	10.50	--  	10.64	105397	661	          3.33	3.33	10.85	10.63	0.600㈢	    14.01	112237872	  1.41	         33.62亿	河南	10.51	10.65	54300	51097	  1.06	10.63	489	 -1.13	
600538	国发股份	1.18	-0.18	医药商业	690	5.10	--  	5.15	98727	842	          2.13	1.77	5.19	5.14	-0.012㈢	--  	50857032	  1.07	         23.87亿	广西	5.10	5.15	51943	46784	  1.11	5.14	167	  0.06	
600069	银鸽投资	1.15	-0.27	造纸	1121	3.42	--  	3.52	659775	9057	          4.06	6.03	3.63	3.52	0.009㈢	   296.10	234644960	  1.31	         57.16亿	河南	3.48	3.56	336723	323052	  1.04	3.51	1091	  0.03	
000829	天音控股	1.15	0.16	其他商业	1145	6.11	--  	6.17	157284	1014	          1.69	3.61	6.33	6.16	0.008㈢	   560.64	97882912	  0.94	         57.28亿	江西	6.18	6.22	85021	72263	  1.18	6.16	908	 -1.22	
300290	荣科科技	1.13	0.50	软件服务	105	7.99	--  	8.06	91891	1106	          2.86	3.26	8.25	8.06	0.030㈢	   249.91	74606576	  1.05	         25.91亿	辽宁	8.06	8.12	42102	49788	  0.85	8.05	15	 -1.24	
300300	汉鼎宇佑	1.11	0.08	软件服务	9	11.67	--  	11.83	137964	1061	          2.47	4.79	12.23	11.82	0.201㈢	    44.21	164791168	  1.03	         66.09亿	浙江	12.22	11.94	71859	66105	  1.09	11.82	269	 -1.25	
002655	共达电声	1.11	0.14	元器件	282	7.20	--  	7.29	109984	1227	          3.06	3.61	7.46	7.28	0.012㈢	   463.67	80672000	  0.94	         26.21亿	山东	7.26	7.33	53707	56276	  0.95	7.28	207	 -1.25	
002445	ST中南	1.00	0.00	影视音像	7010	2.00	--  	2.02	293698	1919	          2.25	2.50	2.05	2.02	-0.017㈢	--  	59438652	  0.74	         26.42亿	江苏	2.01	2.02	161597	132101	  1.22	2.01	2304	 -1.36	
002712	思美传媒	0.89	0.25	广告包装	366	7.80	--  	7.94	365001	3379	         11.87	5.09	8.20	7.93	0.350㈢	    17.29	291179584	  0.79	         24.39亿	浙江	7.90	7.98	208629	156372	  1.33	7.93	132	 -1.47	
600577	精达股份	0.88	0.29	电气设备	2519	3.40	--  	3.43	465396	2949	          2.42	2.06	3.47	3.43	0.195㈢	    13.16	159616192	  1.21	         65.90亿	安徽	3.41	3.43	268613	196783	  1.37	3.42	5553	 -0.24	
300311	任子行	0.83	0.41	软件服务	2445	7.25	--  	7.33	414030	4422	          9.01	5.79	7.67	7.32	0.160㈢	    33.85	307325376	  1.24	         33.63亿	广东	7.35	7.42	210399	203630	  1.03	7.32	292	 -1.54	
601811	新华文轩	0.81	0.32	出版业	2275	12.38	--  	12.45	125512	1058	          6.30	5.02	13.00	12.44	0.486㈢	    19.19	159109056	  0.81	         24.77亿	四川	12.98	12.68	65301	60211	  1.08	12.44	92	 -0.31	
300390	天华超净	0.80	-0.10	元器件	91	8.72	--  	8.77	136184	1147	          7.29	3.10	8.99	8.77	0.109㈢	    60.57	120262048	  1.00	         16.39亿	江苏	8.85	8.83	67951	68233	  1.00	8.76	347	 -1.56	
600818	中路股份	0.76	0.00	文教休闲	191	11.79	--  	11.88	31488	210	          1.32	2.88	12.13	11.88	0.043㈢	   206.08	37744208	  0.95	         28.27亿	上海	11.79	11.99	15798	15690	  1.01	11.87	229	 -0.36	
600869	智慧能源	0.76	0.00	电气设备	1136	5.28	--  	5.32	225017	2019	          1.01	2.27	5.40	5.32	0.134㈢	    29.72	120244856	  0.90	        118.07亿	青海	5.30	5.34	111829	113188	  0.99	5.31	657	 -0.36	
000530	大冷股份	0.75	0.00	机械基件	389	4.00	--  	4.04	212984	2534	          3.56	2.75	4.11	4.03	0.087㈢	    34.71	86276128	  0.84	         24.09亿	辽宁	4.04	4.05	107925	105059	  1.03	4.03	1252	 -1.61	
002642	荣之联	0.74	-0.28	软件服务	1535	6.77	--  	6.83	320798	5384	          6.22	4.58	7.08	6.82	0.006㈢	   799.81	221714416	  1.03	         35.17亿	北京	6.86	6.91	167256	153541	  1.09	6.82	16	 -1.63	
002011	盾安环境	0.72	0.00	工程机械	1288	5.54	--  	5.60	419197	3251	          4.98	4.86	5.81	5.59	0.045㈢	    92.94	237375024	  0.79	         47.02亿	浙江	5.60	5.66	213516	205680	  1.04	5.59	3358	 -1.64	
600755	厦门国贸	0.62	0.37	商贸代理	1969	8.02	--  	8.07	628678	4646	          3.46	2.74	8.24	8.07	0.700㈢	     6.20	510339392	  1.01	        146.57亿	福建	8.07	8.12	327400	301278	  1.09	8.06	1216	 -0.50	
300438	鹏辉能源	0.57	0.28	电气设备	155	21.09	--  	21.25	72625	323	          3.41	4.31	22.00	21.21	0.958㈢	    16.60	156800576	  0.95	         45.24亿	广东	21.36	21.59	36035	36589	  0.98	21.21	75	 -1.80	
300100	双林股份	0.57	0.47	汽车服务	886	10.50	--  	10.62	126508	684	          3.27	4.45	10.97	10.61	0.510㈢	    17.60	135901296	  0.99	         41.00亿	浙江	10.69	10.74	76611	49897	  1.54	10.61	10	 -1.80	
300392	腾信股份	0.48	0.00	互联网	328	8.26	--  	8.31	170655	2899	          6.60	4.48	8.63	8.30	-0.171㈢	--  	144466304	  0.74	         21.46亿	北京	8.38	8.47	82539	88116	  0.94	8.30	327	 -1.88	
600462	ST九有	0.43	0.00	元器件	532	2.30	--  	2.34	294465	3598	          5.52	3.02	2.37	2.33	-0.023㈢	--  	68686656	  0.91	         12.44亿	深圳	2.33	2.33	168985	125479	  1.35	2.33	2020	 -0.69	
600998	九州通	0.39	0.26	医药商业	196	15.47	--  	15.60	66828	440	          0.40	1.61	15.72	15.60	0.420㈢	    28.48	104357384	  1.61	        258.97亿	湖北	15.56	15.62	33920	32908	  1.03	15.58	496	 -0.74	
002571	德力股份	0.38	0.38	玻璃	68	5.24	--  	5.29	94222	1567	          3.72	2.85	5.39	5.28	-0.107㈢	--  	50197524	  0.91	         13.37亿	安徽	5.30	5.33	45593	48629	  0.94	5.28	214	 -1.98	
002261	拓维信息	0.36	-0.35	互联网	2004	5.46	--  	5.52	676091	10127	          7.43	5.64	5.77	5.52	0.046㈢	    90.90	379094112	  0.98	         50.20亿	湖南	5.54	5.61	351571	324519	  1.08	5.51	2487	 -2.00	
300067	安诺其	0.35	0.18	染料涂料	144	5.62	--  	5.68	122570	672	          2.45	3.18	5.80	5.68	0.177㈢	    24.11	69880272	  0.83	         28.38亿	上海	5.66	5.70	67321	55249	  1.22	5.67	430	 -2.01	
000935	四川双马	0.34	0.06	水泥	200	17.35	--  	17.53	218879	1761	          2.87	3.09	17.89	17.52	0.652㈢	    20.16	385172480	  1.08	        133.75亿	四川	17.70	17.60	126247	92631	  1.36	17.52	159	 -2.02	
002026	山东威达	0.32	-0.30	机械基件	1496	6.29	--  	6.35	105302	985	          2.85	3.48	6.51	6.34	0.351㈢	    13.56	67312704	  1.21	         23.43亿	山东	6.32	6.39	51460	53841	  0.96	6.34	210	 -2.05	
300081	恒信东方	0.30	0.20	文教休闲	178	10.08	--  	10.14	197637	1335	          6.26	3.17	10.40	10.14	0.389㈢	    19.54	202080576	  1.18	         32.01亿	河北	10.35	10.22	101272	96364	  1.05	10.13	392	 -2.07	
603017	中衡设计	0.27	-0.13	建筑施工	817	14.57	--  	14.66	126387	2864	          4.68	5.00	15.30	14.65	0.417㈢	    26.37	187969984	  0.77	         39.54亿	江苏	15.29	14.87	69940	56447	  1.24	14.65	35	 -0.85	
600862	中航高科	0.25	0.25	航空	469	7.95	--  	8.04	210033	1671	          1.51	3.12	8.20	8.03	0.167㈢	    36.13	169655936	  1.00	        111.86亿	江苏	8.02	8.08	117955	92078	  1.28	8.03	107	 -0.87	
600668	尖峰集团	0.22	0.00	水泥	1213	13.51	--  	13.64	202127	1688	          5.87	2.57	13.86	13.63	1.419㈢	     7.21	276668224	  1.34	         46.90亿	浙江	13.70	13.69	104673	97453	  1.07	13.63	567	 -0.90	
600848	上海临港	0.21	0.21	园区开发	205	23.98	--  	24.15	155632	1652	          1.97	4.03	24.95	24.14	0.302㈢	    59.91	380725888	  1.14	        190.23亿	上海	24.45	24.46	85036	70596	  1.20	24.14	1618	 -0.91	
002354	天神娱乐	0.18	0.74	互联网	4078	5.34	--  	5.44	846795	6683	         12.30	8.66	5.81	5.44	0.270㈢	    15.13	469719296	  1.45	         37.46亿	辽宁	5.50	5.55	410430	436364	  0.94	5.43	1229	 -2.18	
002529	海源复材	0.12	0.12	专用机械	821	7.98	--  	8.11	134521	1793	          6.73	3.96	8.30	8.10	0.024㈢	   255.60	109488784	  1.21	         16.20亿	福建	8.09	8.14	73183	61338	  1.19	8.10	181	 -2.24	
300413	芒果超媒	0.12	-0.70	影视音像	82	41.00	--  	41.81	68567	258	          3.33	6.68	43.79	41.80	0.870㈢	    38.19	291937152	  1.17	         85.97亿	湖南	41.85	42.58	29061	39506	  0.74	41.80	68	 -2.24	
002407	多氟多	0.07	-0.12	化工原料	959	14.61	--  	14.80	344628	3901	          6.34	3.99	15.20	14.80	0.260㈢	    45.05	516213056	  0.86	         80.44亿	河南	14.92	14.98	180896	163731	  1.10	14.79	935	 -2.30	
600070	浙江富润	0.00	-0.12	纺织	664	7.76	--  	7.84	159088	1896	          3.96	4.09	8.08	7.83	0.272㈢	    21.59	125712024	  0.78	         31.44亿	浙江	7.92	7.90	81836	77252	  1.06	7.83	293	 -1.12	
002301	齐心集团	0.00	0.20	文教休闲	215	9.79	--  	9.92	88527	357	          1.38	6.16	10.40	9.91	0.218㈢	    34.07	89489448	  1.49	         63.47亿	深圳	10.04	10.11	55154	33372	  1.65	9.91	68	 -2.36	
002131	利欧股份	0.00	0.54	互联网	34094	1.83	--  	1.85	3553535	54719	          9.15	4.32	1.91	1.85	0.050㈢	    33.50	664744320	  0.85	         71.85亿	浙江	1.85	1.87	1768987	1784548	  0.99	1.84	5868	 -2.36	
002403	爱仕达	-0.11	-0.21	家用电器	817	9.22	--  	9.25	54445	1508	          1.86	2.59	9.46	9.24	0.326㈢	    21.25	50902032	  1.07	         27.08亿	浙江	9.29	9.35	28182	26263	  1.07	9.24	2199	 -2.47	
002126	银轮股份	-0.12	0.00	汽车配件	426	8.47	--  	8.51	197298	1009	          2.57	3.29	8.75	8.51	0.354㈢	    18.02	169496016	  1.56	         65.22亿	浙江	8.70	8.59	113713	83584	  1.36	8.50	52	 -2.48	
002707	众信旅游	-0.14	0.43	旅游服务	1276	6.96	--  	7.08	209910	1470	          3.97	4.94	7.31	7.07	0.250㈢	    22.48	149571280	  1.02	         37.37亿	北京	6.97	7.13	119608	90302	  1.32	7.07	951	 -2.51	
002266	浙富控股	-0.22	-0.21	电气设备	4650	4.50	--  	4.51	354785	8471	          2.19	2.44	4.61	4.50	0.053㈢	    63.85	161345744	  1.42	         72.83亿	浙江	4.50	4.55	202532	152252	  1.33	4.50	21	 -2.59	
600633	浙数文化	-0.36	0.37	互联网	93	10.80	--  	10.96	469420	3127	          3.64	4.45	11.29	10.96	0.307㈢	    26.78	516272960	  1.18	        141.41亿	浙江	11.09	11.00	263268	206152	  1.28	10.95	661	 -1.49	
002491	通鼎互联	-0.50	0.00	通信设备	787	9.95	--  	10.00	534375	5163	          4.54	3.98	10.35	9.99	0.372㈢	    20.13	541207424	  1.04	        117.46亿	江苏	10.25	10.13	297597	236778	  1.26	9.99	1558	 -2.86	
601258	庞大集团	-0.53	-0.52	汽车服务	58403	1.80	--  	1.89	6118934	65798	          9.36	9.52	1.98	1.88	-0.036㈢	--  	1166117760	  1.36	        122.92亿	河北	1.89	1.91	2611337	3507596	  0.74	1.88	28495	 -1.65	
300571	平治信息	-0.79	0.08	互联网	8	51.02	--  	52.45	33797	171	          4.90	5.39	53.87	52.44	1.500㈢	    26.23	177345920	  1.38	         36.15亿	浙江	52.97	52.47	16419	17377	  0.94	52.44	17	 -3.16	
数据来源:通达信
