代码	名称	涨幅%%	涨速%%	细分行业	买量	最低	未匹配量	卖价	总量	现量	换手%%	振幅%%	最高	现价	每股收益	市盈(动)	总金额	量比	流通市值	地区	今开	均价	内盘	外盘	内外比	买价	卖量	强弱度%%	
300182	捷成股份	10.08	0.00	软件服务	98098	5.35	--  	--  	480529	5473	          2.68	0.00	5.35	5.35	0.308㈢	    13.03	257083136	  0.58	         96.04亿	北京	5.35	5.35	462348	18181	 25.43	5.35	0	  7.72	
600060	海信电器	10.01	0.00	家用电器	179706	10.66	--  	--  	110479	86	          0.84	0.00	10.66	10.66	0.278㈢	    28.72	117770144	  0.49	        139.48亿	山东	10.66	10.66	101040	9438	 10.71	10.66	0	  8.89	
002146	荣盛发展	5.83	0.29	全国地产	601	9.85	--  	10.35	980565	6693	          2.52	6.55	10.49	10.34	0.860㈢	     9.02	1003048064	  1.84	        402.59亿	河北	9.86	10.23	443615	536949	  0.83	10.34	1867	  3.47	
601066	中信建投	5.78	-3.81	证券	12035	22.25	--  	23.42	1654062	43755	         41.35	9.44	24.34	23.41	0.300㈢	    61.43	3902680576	  1.64	         93.64亿	北京	22.95	23.59	883917	770145	  1.15	23.41	70	  4.66	
603986	兆易创新	4.88	-0.19	半导体	79	95.60	--  	96.80	96740	499	          4.66	6.29	101.40	96.71	1.310㈢	    56.20	944626432	  1.17	        200.57亿	北京	96.20	97.65	44045	52694	  0.84	96.71	16	  3.76	
000889	中嘉博创	4.27	0.40	通信设备	12	12.50	--  	12.70	72739	289	          1.17	6.40	13.28	12.70	0.260㈢	    39.47	93793832	  1.02	         78.95亿	河北	12.70	12.89	38183	34556	  1.10	12.69	167	  1.90	
600739	辽宁成大	3.86	0.00	商贸代理	213	13.79	--  	14.00	673614	6065	          4.40	6.01	14.60	14.00	0.457㈢	    22.99	951783936	  1.29	        214.16亿	辽宁	13.90	14.13	343364	330250	  1.04	13.99	665	  2.74	
600138	中青旅	3.03	0.71	旅游服务	230	15.21	--  	15.66	218526	1263	          3.02	4.74	15.93	15.66	0.755㈢	    15.55	341537504	  1.30	        113.35亿	北京	15.28	15.63	108851	109674	  0.99	15.65	679	  1.90	
601336	新华保险	2.81	0.99	保险	27	52.65	--  	53.80	414380	1886	          1.99	6.76	56.19	53.80	2.469㈢	    16.34	2238262016	  1.08	       1121.97亿	北京	53.15	54.01	195625	218754	  0.89	53.79	1448	  1.69	
600600	青岛啤酒	2.70	0.15	啤酒	70	38.65	--  	40.29	94150	1392	          1.35	4.92	40.58	40.29	1.554㈢	    19.44	375087520	  1.19	        280.38亿	山东	39.30	39.84	44006	50144	  0.88	40.28	673	  1.58	
600735	新华锦	2.57	0.31	商贸代理	135	6.23	--  	6.39	234767	3182	          6.24	6.43	6.63	6.38	0.155㈢	    30.84	149678576	  1.25	         23.99亿	山东	6.27	6.38	112719	122047	  0.92	6.38	249	  1.45	
000938	紫光股份	2.34	-0.07	软件服务	402	39.49	--  	39.88	142723	909	          4.95	3.93	41.02	39.86	0.796㈢	    37.53	574379136	  1.33	        115.00亿	北京	39.76	40.24	67854	74869	  0.91	39.86	530	 -0.03	
600340	华夏幸福	1.97	0.00	区域地产	477	30.98	--  	31.65	418821	2420	          1.42	6.12	32.88	31.65	2.540㈢	     9.05	1341710848	  2.02	        935.24亿	河北	31.00	32.04	203832	214988	  0.95	31.64	13	  0.84	
600787	中储股份	1.95	0.48	仓储物流	309	6.14	--  	6.27	161824	1154	          0.74	4.07	6.39	6.26	0.033㈢	   140.24	101498144	  1.35	        137.71亿	天津	6.18	6.27	76915	84908	  0.91	6.26	983	  0.83	
002094	青岛金王	1.86	0.55	日用化工	233	5.40	--  	5.47	238800	2401	          3.96	2.98	5.56	5.47	0.310㈢	    17.49	130531176	  1.04	         32.98亿	山东	5.43	5.47	123346	115453	  1.07	5.46	455	 -0.50	
603708	家家悦	1.83	0.04	超市连锁	26	23.01	--  	23.43	39786	167	          2.53	3.13	23.73	23.42	0.643㈢	    27.30	93550480	  1.24	         36.76亿	山东	23.20	23.51	23516	16270	  1.45	23.42	21	  0.70	
603712	七一二	1.79	0.43	通信设备	606	18.31	--  	18.80	182691	3058	          4.99	3.47	18.95	18.79	0.100㈢	   140.79	340314240	  1.01	         68.85亿	天津	18.37	18.63	82706	99985	  0.83	18.79	744	  0.67	
002049	紫光国微	1.62	0.24	元器件	560	37.83	--  	38.21	352403	2741	          5.83	4.41	39.49	38.21	0.474㈢	    60.44	1360887680	  1.21	        231.02亿	河北	38.29	38.62	176809	175594	  1.01	38.20	79	 -0.74	
600297	广汇汽车	1.62	0.00	汽车服务	934	4.92	--  	5.03	505171	7419	          0.62	4.24	5.13	5.03	0.385㈢	     9.79	254484496	  1.13	        407.95亿	辽宁	4.99	5.04	291966	213204	  1.37	5.02	233	  0.49	
600690	青岛海尔	1.51	-0.16	家用电器	217	17.25	--  	17.44	591212	5275	          0.97	3.49	17.85	17.43	1.000㈢	    13.59	1041280000	  1.11	       1062.78亿	山东	17.25	17.61	305275	285936	  1.07	17.43	112	  0.39	
000423	东阿阿胶	1.45	-0.10	中成药	9	46.51	--  	46.90	101471	664	          1.55	3.09	47.94	46.90	1.873㈢	    18.78	479262336	  1.28	        306.66亿	山东	46.51	47.23	50919	50551	  1.01	46.89	552	 -0.92	
601668	中国建筑	1.28	0.32	建筑施工	18905	6.22	--  	6.31	7233698	45301	          1.76	4.01	6.47	6.31	0.620㈢	     7.28	4577806848	  1.50	       2596.00亿	北京	6.28	6.33	3192674	4041023	  0.79	6.30	3802	  0.16	
601766	中国中车	1.26	0.31	运输设备	4915	9.55	--  	9.63	2041510	29664	          0.89	2.94	9.83	9.63	0.262㈢	    27.52	1973012480	  1.22	       2206.97亿	北京	9.55	9.66	997171	1044339	  0.95	9.62	3196	  0.14	
601600	中国铝业	1.18	0.47	铝	8311	4.24	--  	4.30	2009587	10920	          1.83	3.76	4.40	4.30	0.080㈢	    36.69	867119104	  1.00	        471.27亿	北京	4.25	4.31	1007215	1002371	  1.00	4.29	13990	  0.05	
601881	中国银河	1.11	-0.58	证券	4743	11.25	--  	11.86	1994654	12977	         16.24	13.13	12.79	11.86	0.184㈢	    48.23	2370497280	  1.55	        145.70亿	北京	11.70	11.88	931465	1063188	  0.88	11.85	1466	 -0.01	
600859	王府井	1.07	0.25	百货	15	15.87	--  	16.04	157022	770	          3.98	2.84	16.32	16.04	1.274㈢	     9.44	252690480	  1.35	         63.22亿	北京	15.95	16.09	83130	73891	  1.13	16.03	88	 -0.05	
000725	京东方Ａ	0.93	0.00	元器件	102713	4.26	--  	4.33	24078508	153210	          7.11	5.37	4.49	4.32	0.097㈢	    33.37	10525626368	  0.92	       1462.74亿	北京	4.42	4.37	10954452	13124055	  0.83	4.32	52427	 -1.43	
300003	乐普医疗	0.92	0.11	医疗保健	179	25.77	--  	26.20	522635	3550	          3.45	3.20	26.60	26.19	0.642㈢	    30.61	1368483840	  0.90	        396.85亿	北京	26.13	26.18	260363	262271	  0.99	26.19	1590	 -1.44	
600085	同仁堂	0.89	0.07	中成药	142	29.37	--  	29.59	132262	1149	          0.96	2.42	30.08	29.59	0.620㈢	    35.82	393615264	  1.09	        405.82亿	北京	29.38	29.76	69855	62407	  1.12	29.58	621	 -0.24	
600588	用友网络	0.77	0.19	软件服务	651	30.80	--  	31.31	448750	3060	          2.36	7.60	33.16	31.30	0.080㈢	   298.49	1432818304	  1.24	        595.24亿	北京	32.00	31.93	213784	234966	  0.91	31.30	542	 -0.35	
002382	蓝帆医疗	0.75	0.06	医疗保健	67	15.97	--  	16.12	58398	195	          1.20	3.37	16.51	16.12	0.390㈢	    44.72	94715544	  1.28	         78.30亿	山东	16.06	16.22	24464	33933	  0.72	16.11	79	 -1.61	
002383	合众思壮	0.73	0.07	通信设备	417	13.83	--  	13.90	230691	1547	          4.75	3.26	14.28	13.89	0.350㈢	    29.63	323674400	  0.98	         67.52亿	北京	13.88	14.03	120818	109872	  1.10	13.89	158	 -1.64	
603156	养元饮品	0.59	0.24	软饮料	48	45.88	--  	46.15	38405	239	          0.84	2.14	46.86	46.15	2.340㈢	    14.98	178143376	  1.13	        210.79亿	河北	45.88	46.39	19401	19003	  1.02	46.14	66	 -0.53	
601288	农业银行	0.52	0.52	银行	23535	3.83	--  	3.87	9147000	31636	          0.31	2.86	3.94	3.87	0.510㈢	     5.92	3546599936	  1.45	      11379.94亿	北京	3.87	3.88	4080631	5066368	  0.81	3.86	77760	 -0.60	
601985	中国核电	0.50	0.16	新型电力	677	6.06	--  	6.10	780584	12578	          0.50	2.31	6.20	6.09	0.244㈢	    18.71	478799232	  0.89	        947.93亿	北京	6.10	6.13	409547	371036	  1.10	6.09	11557	 -0.63	
600028	中国石化	0.49	0.16	石油加工	14921	6.04	--  	6.11	2804788	18231	          0.29	2.96	6.22	6.11	0.495㈢	     9.25	1719438720	  1.48	       5838.58亿	北京	6.08	6.13	1403071	1401717	  1.00	6.10	2003	 -0.63	
600694	大商股份	0.45	0.03	百货	144	28.88	--  	29.01	49718	205	          1.69	3.53	29.90	29.01	2.673㈢	     8.14	146117392	  1.23	         85.21亿	辽宁	28.88	29.39	23022	26696	  0.86	29.00	1	 -0.67	
601857	中国石油	0.38	0.13	石油开采	5343	7.84	--  	7.91	1943587	10108	          0.12	2.28	8.02	7.91	0.263㈢	    22.56	1538656000	  1.39	      12808.04亿	北京	7.88	7.92	1006585	937002	  1.07	7.90	8509	 -0.74	
000416	民生控股	0.36	0.00	多元金融	792	5.45	--  	5.54	319907	1962	          6.02	5.99	5.78	5.53	0.030㈢	   140.21	178341088	  0.83	         29.40亿	山东	5.45	5.57	164545	155361	  1.06	5.53	310	 -2.00	
600050	中国联通	0.31	0.31	电信运营	14817	6.50	--  	6.58	4582494	31186	          2.16	5.80	6.88	6.57	0.112㈢	    44.06	3075330816	  0.93	       1392.62亿	北京	6.70	6.71	2374456	2208037	  1.08	6.57	11129	 -0.82	
601398	工商银行	0.17	0.17	银行	20013	5.83	--  	5.86	6018264	18100	          0.22	2.74	5.99	5.86	0.672㈢	     6.54	3548348416	  1.35	      15799.28亿	北京	5.90	5.90	3003752	3014511	  1.00	5.85	20475	 -0.95	
601111	中国国航	0.00	0.00	空运	1850	9.80	--  	9.87	925997	9004	          0.98	4.05	10.20	9.87	0.510㈢	    15.50	921691904	  0.97	        932.58亿	北京	9.91	9.95	482078	443918	  1.09	9.86	10027	 -1.12	
600900	长江电力	-0.06	0.06	水力发电	1385	16.19	--  	16.27	433837	3487	          0.38	1.17	16.38	16.26	0.815㈢	    14.97	706018048	  1.46	       1870.87亿	北京	16.26	16.27	212239	221597	  0.96	16.26	3915	 -1.18	
600977	中国电影	-0.19	0.32	影视音像	661	15.75	--  	15.86	222225	1375	          3.93	3.15	16.25	15.85	0.695㈢	    17.09	355912480	  1.61	         89.55亿	北京	15.93	16.02	115383	106841	  1.08	15.85	16	 -1.31	
600361	华联综超	-0.22	0.67	超市连锁	652	4.46	--  	4.50	151994	2192	          2.28	3.33	4.61	4.50	0.103㈢	    32.66	68897248	  0.66	         29.96亿	北京	4.50	4.53	82600	69394	  1.19	4.49	200	 -1.34	
601628	中国人寿	-0.26	0.55	保险	90	30.33	--  	31.05	498015	2488	          0.24	8.59	33.00	31.02	0.690㈢	    33.10	1563225344	  1.39	       6459.46亿	北京	31.10	31.39	253358	244656	  1.04	31.02	13	 -1.38	
600271	航天信息	-0.42	0.14	电脑设备	83	28.06	--  	28.46	313197	2134	          1.70	5.92	29.75	28.45	0.460㈢	    46.51	909003904	  1.26	        525.42亿	北京	28.85	29.02	168345	144851	  1.16	28.45	86	 -1.54	
601633	长城汽车	-0.61	0.25	汽车整车	867	8.05	--  	8.12	299612	1750	          0.50	3.06	8.30	8.11	0.430㈢	    14.14	244232144	  1.11	        488.85亿	河北	8.24	8.15	170137	129474	  1.31	8.11	473	 -1.73	
601888	中国国旅	-1.12	0.19	旅游服务	166	63.30	--  	63.74	148736	1087	          0.76	4.11	65.95	63.73	1.386㈢	    34.50	964340480	  1.28	       1244.31亿	北京	64.98	64.84	76872	71864	  1.07	63.73	4	 -2.24	
600309	万华化学	-1.26	-0.21	化工原料	999	41.12	--  	41.56	554814	4455	          3.90	4.68	43.09	41.55	3.300㈢	    10.85	2336772352	  1.10	        591.57亿	山东	42.22	42.12	293273	261540	  1.12	41.55	43	 -2.38	
601919	中远海控	-1.57	0.40	水运	2216	4.97	--  	5.03	599687	4869	          0.79	7.45	5.35	5.02	0.080㈢	    53.51	307111328	  1.54	        383.31亿	天津	5.15	5.12	293177	306510	  0.96	5.02	52	 -2.69	
数据来源:通达信
