代码	名称	涨幅%%	涨速%%	细分行业	买量	最低	未匹配量	卖价	总量	现量	换手%%	振幅%%	最高	现价	每股收益	市盈(动)	总金额	量比	流通市值	地区	今开	均价	内盘	外盘	内外比	买价	卖量	强弱度%%	
002008	大族激光	4.97	0.65	电器仪表	7	40.23	--  	42.00	388593	1994	          3.91	5.92	42.60	42.00	1.550㈢	    20.29	1618060672	  1.38	        417.19亿	深圳	40.25	41.64	208377	180215	  1.16	41.99	1023	  2.61	
600048	保利地产	4.12	0.14	全国地产	4935	13.39	--  	13.91	2891193	19770	          2.46	7.04	14.33	13.90	0.810㈢	    12.92	3999716608	  1.79	       1636.44亿	广东	13.40	13.83	1369550	1521643	  0.90	13.90	845	  3.00	
000002	万 科Ａ	4.06	0.54	全国地产	100	28.54	--  	29.71	1414795	8092	          1.46	6.34	30.35	29.70	1.267㈢	    17.58	4185090560	  1.51	       2885.41亿	深圳	28.80	29.58	640764	774031	  0.83	29.70	1	  1.70	
002419	天虹股份	3.10	0.00	百货	171	12.32	--  	12.65	171326	943	          1.43	8.81	13.40	12.64	0.561㈢	    16.90	217080112	  1.73	        151.67亿	深圳	12.34	12.67	85776	85549	  1.00	12.64	446	  0.74	
002359	北讯集团	3.06	0.31	通信设备	3111	9.55	--  	9.76	631043	5192	          8.91	4.54	9.98	9.76	0.493㈢	    14.85	618415552	  0.91	         69.11亿	深圳	9.55	9.80	315354	315688	  1.00	9.75	731	  0.70	
603160	汇顶科技	3.00	-0.01	元器件	70	88.00	--  	88.94	39550	130	          1.71	4.00	91.45	88.90	0.698㈢	    95.53	355116736	  1.55	        205.89亿	深圳	88.00	89.79	17090	22460	  0.76	88.90	5	  1.88	
600804	鹏博士	2.90	0.61	电信运营	664	9.70	--  	9.95	838924	16276	          5.86	4.55	10.14	9.94	0.239㈢	    31.26	831614848	  0.95	        142.38亿	四川	9.82	9.91	427628	411295	  1.04	9.94	1897	  1.78	
000538	云南白药	2.85	0.14	中成药	23	86.85	--  	89.02	85777	1295	          0.82	2.77	89.25	89.02	2.624㈢	    25.45	758254912	  1.19	        927.05亿	云南	86.89	88.40	43166	42610	  1.01	89.01	98	  0.49	
300750	宁德时代	2.62	0.13	电气设备	19	90.73	--  	92.39	140369	723	          6.46	4.92	95.16	92.39	1.170㈢	    63.95	1306102144	  1.33	        200.71亿	福建	91.50	93.05	68447	71922	  0.95	92.38	117	  0.26	
603882	金域医学	2.58	0.04	医疗保健	23	25.42	--  	26.27	40549	1014	          1.45	6.80	27.16	26.26	0.359㈢	    54.88	107115176	  0.80	         73.43亿	广东	25.70	26.42	16358	24191	  0.68	26.26	15	  1.46	
000651	格力电器	2.01	0.06	家用电器	396	46.00	--  	46.65	880295	4955	          1.47	3.80	47.74	46.65	3.511㈢	     9.97	4126903808	  1.44	       2784.92亿	广东	46.27	46.88	424766	455529	  0.93	46.64	134	 -0.35	
603869	新智认知	2.00	0.30	软件服务	279	19.41	--  	19.90	53382	395	          1.99	5.74	20.53	19.89	0.824㈢	    18.11	106685480	  1.14	         53.33亿	广西	19.56	19.99	28431	24950	  1.14	19.89	117	  0.88	
000063	中兴通讯	1.95	0.00	通信设备	2743	29.90	--  	30.32	2159491	14881	          6.29	5.55	31.55	30.31	-1.732㈢	--  	6625920512	  0.98	       1040.88亿	深圳	30.11	30.68	1088681	1070810	  1.02	30.31	745	 -0.41	
000858	五 粮 液	1.78	0.34	白酒	204	75.51	--  	77.25	612471	4044	          1.61	5.26	79.50	77.25	2.470㈢	    23.69	4731317760	  1.27	       2932.23亿	四川	76.59	77.25	304414	308057	  0.99	77.24	54	 -0.59	
601138	工业富联	1.53	0.07	通信设备	1811	15.13	--  	15.32	938905	8160	          8.40	5.04	15.89	15.31	0.530㈢	    23.18	1458847488	  1.13	        171.15亿	深圳	15.13	15.54	497069	441835	  1.13	15.31	758	  0.40	
002505	大康农业	1.51	0.00	农业综合	5152	1.99	--  	2.03	803038	8296	          1.46	3.52	2.06	2.02	0.008㈢	   196.35	163360736	  0.71	        110.80亿	湖南	2.00	2.03	413187	389851	  1.06	2.02	10797	 -0.86	
002517	恺英网络	1.44	0.24	互联网	2088	4.14	--  	4.24	700220	6821	          5.78	5.28	4.36	4.23	0.229㈢	    13.87	298291296	  0.95	         51.22亿	福建	4.18	4.26	349708	350512	  1.00	4.23	1155	 -0.93	
300454	深信服	1.36	-0.65	软件服务	3	100.00	--  	101.57	18708	109	          4.68	6.00	106.00	101.30	0.820㈢	    97.91	193170960	  0.78	         40.53亿	深圳	100.00	103.25	9613	9095	  1.06	101.30	2	 -1.00	
600711	盛屯矿业	1.33	0.16	小金属	5298	6.02	--  	6.09	1021427	10091	          6.82	3.49	6.23	6.09	0.290㈢	    17.77	624745728	  0.98	         91.17亿	福建	6.04	6.12	501805	519622	  0.97	6.08	635	  0.21	
000932	华菱钢铁	1.27	0.13	普钢	1621	7.86	--  	7.98	1246308	6799	          4.13	4.06	8.18	7.98	1.816㈢	     3.30	993331968	  1.10	        240.62亿	湖南	8.01	7.97	652048	594260	  1.10	7.97	3218	 -1.10	
600395	盘江股份	1.08	-0.35	煤炭开采	745	5.52	--  	5.60	205733	1711	          1.24	2.89	5.68	5.59	0.439㈢	     9.55	115435336	  1.04	         92.52亿	贵州	5.54	5.61	112080	93652	  1.20	5.59	730	 -0.04	
600518	康美药业	1.08	0.18	中成药	746	10.80	--  	11.23	2689975	31131	          6.11	8.47	11.74	11.22	0.780㈢	    10.88	3030167808	  1.03	        494.04亿	广东	11.09	11.26	1347973	1342002	  1.00	11.22	2047	 -0.04	
600759	洲际油气	0.96	0.32	石油开采	1333	3.08	--  	3.15	775753	3108	          3.44	3.85	3.20	3.15	0.052㈢	    45.19	243777072	  1.03	         71.13亿	海南	3.10	3.14	402139	373613	  1.08	3.14	6820	 -0.16	
000776	广发证券	0.95	0.18	证券	3516	16.70	--  	17.07	1371518	5536	          2.32	7.34	17.94	17.06	0.540㈢	    23.70	2360677120	  0.96	       1009.83亿	广东	17.18	17.21	692673	678845	  1.02	17.06	965	 -1.42	
600153	建发股份	0.93	0.00	商贸代理	1788	8.57	--  	8.65	241981	2999	          0.85	3.38	8.86	8.65	0.606㈢	    10.71	210958784	  1.23	        245.24亿	福建	8.60	8.72	122856	119125	  1.03	8.64	443	 -0.19	
601933	永辉超市	0.92	0.23	超市连锁	328	8.72	--  	8.81	704986	3833	          0.88	2.75	8.96	8.80	0.106㈢	    62.06	623198912	  1.18	        701.21亿	福建	8.74	8.84	368355	336630	  1.09	8.80	623	 -0.20	
000333	美的集团	0.80	0.10	家用电器	17	48.60	--  	48.96	542644	3530	          0.84	3.29	50.20	48.96	2.720㈢	    13.50	2680277760	  1.26	       3149.73亿	广东	49.11	49.39	282975	259668	  1.09	48.95	281	 -1.56	
600373	中文传媒	0.78	0.35	出版业	138	14.00	--  	14.19	141083	638	          1.02	3.91	14.55	14.18	0.876㈢	    12.14	201401552	  1.22	        195.39亿	江西	14.18	14.28	74092	66990	  1.11	14.18	251	 -0.34	
300053	欧比特	0.66	0.09	半导体	80	10.57	--  	10.69	252967	2620	          5.07	5.66	11.17	10.68	0.140㈢	    61.48	274107616	  1.10	         53.28亿	广东	11.08	10.84	141191	111775	  1.26	10.68	279	 -1.70	
600755	厦门国贸	0.62	0.37	商贸代理	1969	8.02	--  	8.07	628678	4646	          3.46	2.74	8.24	8.07	0.700㈢	     6.20	510339392	  1.01	        146.57亿	福建	8.07	8.12	327400	301278	  1.09	8.06	1216	 -0.50	
600025	华能水电	0.56	0.00	水力发电	4919	3.56	--  	3.60	664044	2884	          0.74	1.96	3.63	3.59	0.125㈢	    21.59	238802048	  1.23	        320.52亿	云南	3.57	3.60	355684	308360	  1.15	3.59	13041	 -0.56	
603630	拉芳家化	0.53	-0.12	日用化工	103	15.12	--  	15.30	49557	513	          6.12	3.02	15.58	15.29	0.583㈢	    19.66	75881272	  1.40	         12.38亿	广东	15.28	15.31	28647	20909	  1.37	15.29	33	 -0.60	
002251	步 步 高	0.42	0.74	超市连锁	677	9.37	--  	9.53	226349	1321	          2.82	3.59	9.71	9.52	0.228㈢	    31.35	215682448	  1.57	         76.48亿	湖南	9.47	9.53	131820	94528	  1.39	9.52	273	 -1.94	
300178	腾邦国际	0.41	0.10	旅游服务	472	9.60	--  	9.70	259547	1816	          4.43	4.56	10.04	9.69	0.477㈢	    15.24	254108736	  1.19	         56.73亿	深圳	9.65	9.79	128644	130903	  0.98	9.69	551	 -1.95	
601238	广汽集团	0.41	0.25	汽车整车	699	12.05	--  	12.15	196563	938	          0.32	2.89	12.40	12.14	0.970㈢	     9.45	240402304	  1.16	        738.16亿	广东	12.21	12.23	111341	85221	  1.31	12.14	1333	 -0.71	
000039	中集集团	0.37	0.22	轻工机械	425	13.42	--  	13.50	266106	1674	          2.10	3.49	13.89	13.50	0.760㈢	    13.04	363051840	  1.23	        171.17亿	深圳	13.62	13.64	136662	129443	  1.06	13.49	2784	 -1.99	
600029	南方航空	0.36	0.00	空运	3748	8.30	--  	8.43	991383	5235	          1.41	3.93	8.63	8.42	0.400㈢	    18.56	838009152	  0.80	        591.31亿	广东	8.44	8.45	461255	530127	  0.87	8.42	2993	 -0.76	
002027	分众传媒	0.29	0.00	影视音像	18789	6.84	--  	6.90	3253209	22605	          2.22	4.65	7.16	6.90	0.328㈢	    15.79	2272379392	  1.41	       1012.77亿	广东	6.97	6.99	1694200	1559009	  1.09	6.89	3637	 -2.07	
002475	立讯精密	0.29	0.10	元器件	378	20.73	--  	20.95	656119	4118	          1.60	5.51	21.88	20.95	0.403㈢	    39.02	1397666560	  1.34	        861.15亿	深圳	21.12	21.30	343211	312908	  1.10	20.94	105	 -2.08	
601318	中国平安	0.26	-0.03	保险	1190	72.21	--  	72.58	1263275	11259	          1.17	3.99	75.10	72.58	4.450㈢	    12.53	9279004672	  1.00	       7862.35亿	深圳	73.00	73.45	673482	589793	  1.14	72.57	583	 -0.86	
600030	中信证券	0.12	0.04	证券	2825	23.81	--  	24.50	5083364	39591	          5.18	9.36	26.10	24.49	0.604㈢	    30.43	12597824512	  1.14	       2403.61亿	深圳	24.70	24.78	2492011	2591352	  0.96	24.49	6574	 -1.00	
300015	爱尔眼科	0.03	-0.23	医疗保健	69	32.60	--  	33.16	254638	1433	          1.34	3.92	33.90	33.15	0.375㈢	    66.22	847330560	  1.45	        631.75亿	湖南	33.40	33.28	142189	112448	  1.26	33.15	106	 -2.33	
601899	紫金矿业	0.00	0.28	黄金	4175	3.58	--  	3.64	2971074	24648	          1.76	3.58	3.71	3.63	0.146㈢	    18.70	1082746496	  1.14	        612.59亿	福建	3.62	3.64	1407299	1563774	  0.90	3.63	13804	 -1.12	
601166	兴业银行	0.00	0.00	银行	1139	19.12	--  	19.30	2633736	12925	          1.38	4.20	19.93	19.30	2.360㈢	     5.94	5137692672	  1.66	       3677.10亿	福建	19.39	19.51	1268094	1365642	  0.93	19.29	1183	 -1.12	
600236	桂冠电力	0.00	0.17	水力发电	155	5.83	--  	5.88	170083	246	          0.28	2.21	5.96	5.87	0.332㈢	    13.26	99947184	  1.28	        355.92亿	广西	5.88	5.88	93114	76969	  1.21	5.87	407	 -1.12	
600390	五矿资本	-0.10	0.19	多元金融	1461	10.20	--  	10.33	299236	1785	          5.83	5.90	10.81	10.33	0.452㈢	    17.13	312095264	  0.72	         53.05亿	湖南	10.38	10.43	160849	138387	  1.16	10.32	93	 -1.22	
002594	比亚迪	-0.22	0.37	汽车整车	506	52.73	--  	53.69	302258	1777	          2.65	3.83	54.79	53.68	0.490㈢	    71.93	1617182208	  1.44	        612.92亿	深圳	54.00	53.50	179001	123257	  1.45	53.68	49	 -2.59	
600036	招商银行	-0.64	0.09	银行	14	32.50	--  	32.70	956461	10130	          0.46	3.92	33.79	32.69	2.660㈢	     9.18	3151361536	  1.19	       6743.60亿	深圳	33.00	32.95	453413	503048	  0.90	32.69	1048	 -1.76	
002511	中顺洁柔	-0.69	0.23	造纸	1355	8.51	--  	8.64	288650	2147	          2.30	3.68	8.83	8.63	0.243㈢	    26.62	250080112	  0.76	        108.52亿	广东	8.64	8.66	146539	142111	  1.03	8.63	941	 -3.05	
600599	熊猫金控	-0.75	0.14	多元金融	520	13.80	--  	14.50	130849	1154	          7.88	11.37	15.46	14.49	-0.159㈢	--  	191493920	  1.28	         24.05亿	湖南	14.10	14.63	67128	63721	  1.05	14.49	240	 -1.88	
600519	贵州茅台	-0.94	0.13	白酒	2	777.22	--  	781.86	84586	676	          0.67	2.67	798.33	781.86	19.689㈢	    29.78	6661386752	  1.30	       9821.71亿	贵州	795.00	787.53	46415	38170	  1.22	781.85	29	 -2.06	
数据来源:通达信
