代码	名称	涨幅%%	涨速%%	细分行业	买量	最低	未匹配量	卖价	总量	现量	换手%%	振幅%%	最高	现价	每股收益	市盈(动)	总金额	量比	流通市值	地区	今开	均价	内盘	外盘	内外比	买价	卖量	强弱度%%	
300130	新国都	10.03	0.00	电脑设备	29108	16.68	--  	--  	61220	132	          1.83	5.51	17.56	17.56	0.310㈢	    52.04	106249024	  0.34	         58.82亿	深圳	16.68	17.36	46008	15212	  3.02	17.56	0	  7.66	
002017	东信和平	10.01	0.00	通信设备	41911	14.70	--  	--  	223620	290	          6.48	5.61	15.49	15.49	0.089㈢	   131.12	340768896	  0.45	         53.46亿	广东	14.84	15.24	101038	122581	  0.82	15.49	0	  7.65	
002512	达华智能	8.54	1.42	元器件	264	5.25	--  	5.73	761013	11084	          8.62	10.44	5.80	5.72	-0.368㈢	--  	423397440	  1.57	         50.52亿	福建	5.25	5.56	329153	431859	  0.76	5.72	785	  6.17	
600571	信雅达	6.70	-0.35	软件服务	320	10.13	--  	10.99	663519	5149	         15.39	11.65	11.33	10.99	0.021㈢	   390.30	717282304	  1.66	         47.38亿	浙江	10.35	10.81	340420	323098	  1.05	10.98	2194	  5.58	
002537	海联金汇	5.29	0.77	汽车整车	402	11.10	--  	11.76	141209	2903	          1.18	6.09	11.78	11.75	0.231㈢	    38.12	162097472	  1.25	        140.41亿	山东	11.17	11.48	61058	80151	  0.76	11.75	596	  2.92	
002869	金溢科技	4.42	0.43	通信设备	8	18.17	--  	18.89	49119	669	         10.81	8.57	19.72	18.89	-0.021㈢	--  	92816392	  2.09	          8.59亿	深圳	18.25	18.90	22514	26604	  0.85	18.85	33	  2.06	
000701	厦门信达	3.63	0.00	综合类	675	6.91	--  	7.14	148173	1047	          3.64	5.52	7.29	7.14	-0.060㈢	    35.00	105587368	  1.82	         29.03亿	福建	6.96	7.13	69654	78518	  0.89	7.13	175	  1.26	
300096	易联众	3.12	0.52	软件服务	453	11.31	--  	11.57	183841	1602	          4.88	7.04	12.10	11.57	-0.040㈢	--  	214131200	  0.81	         43.56亿	福建	11.34	11.65	88737	95104	  0.93	11.56	70	  0.75	
600584	长电科技	2.46	0.51	半导体	1301	13.32	--  	13.76	775643	7349	          7.49	7.45	14.32	13.75	0.011㈢	   946.01	1068596288	  1.03	        142.44亿	江苏	13.65	13.78	379338	396305	  0.96	13.75	117	  1.34	
002197	证通电子	2.33	-0.10	电器仪表	243	8.62	--  	8.80	233795	2742	          5.38	5.47	9.09	8.79	0.071㈢	    93.30	205514848	  0.91	         38.20亿	深圳	8.63	8.79	113957	119838	  0.95	8.79	534	 -0.04	
002177	御银股份	2.21	-0.23	电脑设备	3834	4.09	--  	4.18	520020	3977	          8.07	6.37	4.35	4.17	0.003㈢	   905.94	218404096	  0.90	         26.88亿	广东	4.19	4.20	264225	255794	  1.03	4.17	2765	 -0.16	
600797	浙大网新	1.99	0.33	软件服务	1307	9.13	--  	9.24	552178	3066	          5.44	4.75	9.56	9.23	0.150㈢	    46.11	514946496	  1.04	         93.71亿	浙江	9.16	9.33	264346	287832	  0.92	9.23	753	  0.87	
002609	捷顺科技	1.91	0.14	软件服务	1195	6.81	--  	6.93	128925	1300	          3.28	3.68	7.06	6.92	0.075㈢	    68.80	89309616	  1.16	         27.16亿	深圳	6.90	6.93	66566	62359	  1.07	6.92	1707	 -0.45	
002156	通富微电	1.80	0.44	半导体	1091	8.92	--  	9.05	385503	2456	          3.34	4.05	9.28	9.05	0.140㈢	    48.65	350935168	  1.22	        104.39亿	江苏	9.03	9.10	186508	198995	  0.94	9.04	427	 -0.56	
002049	紫光国微	1.62	0.24	元器件	560	37.83	--  	38.21	352403	2741	          5.83	4.41	39.49	38.21	0.474㈢	    60.44	1360887680	  1.21	        231.02亿	河北	38.29	38.62	176809	175594	  1.01	38.20	79	 -0.74	
000948	南天信息	1.58	0.30	软件服务	702	13.38	--  	13.47	152946	933	          6.20	6.26	14.21	13.46	0.081㈢	   124.73	209250096	  1.09	         33.18亿	云南	13.48	13.68	75678	77267	  0.98	13.46	67	 -0.78	
600112	天成控股	1.56	0.22	电气设备	1127	4.43	--  	4.56	461584	3927	          9.06	4.69	4.64	4.55	0.160㈢	    21.36	209144384	  1.05	         23.17亿	贵州	4.53	4.53	235147	226437	  1.04	4.55	980	  0.44	
300656	民德电子	1.30	-0.25	电脑设备	286	23.11	--  	23.46	15559	120	          3.43	4.07	24.05	23.40	0.453㈢	    38.78	36741132	  1.20	         10.60亿	深圳	23.15	23.61	7217	8341	  0.87	23.40	49	 -1.07	
300297	蓝盾股份	1.22	0.15	软件服务	907	6.55	--  	6.63	570483	2868	          7.34	5.50	6.91	6.63	0.193㈢	    25.74	382612544	  1.16	         51.55亿	广东	6.59	6.71	298200	272283	  1.10	6.62	527	 -1.14	
002315	焦点科技	1.21	0.07	互联网	341	14.88	--  	15.09	66306	770	          5.48	4.97	15.62	15.08	0.240㈣	    62.94	100660608	  1.16	         18.24亿	江苏	14.88	15.18	34992	31314	  1.12	15.08	83	 -1.16	
600800	天津磁卡	1.15	0.00	综合类	4571	6.03	--  	6.16	250233	1810	          4.10	4.61	6.31	6.15	-0.070㈢	--  	154693440	  1.08	         37.57亿	天津	6.08	6.18	122789	127443	  0.96	6.15	580	  0.03	
300248	新开普	0.97	0.00	软件服务	186	8.26	--  	8.35	94456	737	          2.98	4.36	8.62	8.34	0.040㈢	   155.55	79931776	  0.81	         26.41亿	河南	8.33	8.46	47608	46847	  1.02	8.34	172	 -1.40	
002268	卫 士 通	0.94	-0.03	软件服务	56	25.58	--  	25.81	114397	666	          1.41	3.29	26.42	25.80	-0.088㈢	--  	298266304	  1.26	        208.95亿	四川	25.72	26.07	56678	57718	  0.98	25.80	39	 -1.43	
300359	全通教育	0.90	0.15	文教休闲	2734	6.66	--  	6.70	241981	1681	          4.79	3.32	6.88	6.69	0.009㈢	   533.71	163843664	  0.87	         33.77亿	广东	6.69	6.77	116348	125633	  0.93	6.69	1266	 -1.46	
600198	*ST大唐	0.81	-0.10	通信设备	498	8.60	--  	8.71	181759	1548	          2.08	4.28	8.97	8.71	0.286㈢	    22.84	160583088	  1.03	         76.24亿	北京	8.65	8.83	94227	87532	  1.08	8.70	23	 -0.31	
002396	星网锐捷	0.61	0.19	通信设备	10	21.22	--  	21.45	325546	3718	          6.04	3.19	21.90	21.45	0.690㈢	    23.32	699588928	  1.71	        115.64亿	福建	21.41	21.49	165172	160374	  1.03	21.44	63	 -1.75	
002104	恒宝股份	0.57	0.00	元器件	670	7.00	--  	7.06	286013	2409	          4.74	3.42	7.24	7.06	0.157㈢	    33.78	203584640	  0.80	         42.58亿	江苏	7.08	7.12	147415	138597	  1.06	7.05	272	 -1.79	
300178	腾邦国际	0.41	0.10	旅游服务	472	9.60	--  	9.70	259547	1816	          4.43	4.56	10.04	9.69	0.477㈢	    15.24	254108736	  1.19	         56.73亿	深圳	9.65	9.79	128644	130903	  0.98	9.69	551	 -1.95	
002119	康强电子	0.41	0.10	半导体	324	9.86	--  	9.92	70840	576	          2.51	2.74	10.13	9.91	0.227㈢	    32.68	70743488	  0.75	         28.02亿	浙江	9.87	9.99	35639	35200	  1.01	9.91	50	 -1.96	
002647	仁东控股	0.34	0.20	多元金融	60	14.74	--  	14.97	50455	639	          0.90	3.89	15.32	14.96	0.053㈢	   211.28	75472592	  0.71	         83.77亿	浙江	14.93	14.96	26828	23626	  1.14	14.96	4	 -2.03	
300333	兆日科技	0.33	0.11	元器件	1809	8.91	--  	9.05	337034	2674	         10.19	5.11	9.37	9.04	0.049㈢	   136.99	307771424	  1.15	         29.91亿	深圳	9.00	9.13	172932	164102	  1.05	9.04	1706	 -2.03	
002117	东港股份	0.29	-0.17	广告包装	113	16.95	--  	17.00	81714	1248	          2.25	4.54	17.72	17.00	0.538㈢	    23.70	141597536	  0.86	         61.82亿	山东	17.02	17.33	41898	39815	  1.05	16.99	565	 -2.07	
300077	国民技术	0.23	-0.11	半导体	643	8.49	--  	8.55	577265	7835	         10.67	4.34	8.86	8.54	0.394㈢	    16.27	500209920	  0.99	         46.20亿	深圳	8.61	8.67	310972	266293	  1.17	8.54	49	 -2.13	
000032	深桑达Ａ	0.22	0.00	元器件	163	8.92	--  	8.95	81694	539	          1.99	2.80	9.17	8.94	0.202㈢	    33.18	73887312	  1.03	         36.77亿	深圳	8.95	9.04	42339	39354	  1.08	8.94	137	 -2.14	
600764	中国海防	0.11	0.61	通信设备	78	27.60	--  	27.94	24005	202	          0.73	3.05	28.45	27.91	0.064㈢	   328.53	67140056	  0.85	         91.76亿	北京	27.88	27.97	12941	11063	  1.17	27.91	13	 -1.01	
000925	众合科技	0.00	0.00	专用机械	1177	7.23	--  	7.30	197507	2425	          4.32	3.16	7.46	7.29	0.074㈢	    73.51	145416112	  1.09	         33.35亿	浙江	7.35	7.36	114103	83403	  1.37	7.29	691	 -2.36	
300531	优博讯	-0.05	-0.21	软件服务	896	18.02	--  	18.24	63717	742	          5.22	4.77	18.89	18.23	0.353㈢	    38.70	117737000	  1.43	         22.24亿	深圳	18.28	18.48	31371	32346	  0.97	18.23	76	 -2.42	
002138	顺络电子	-0.17	0.67	元器件	53	17.55	--  	17.94	200353	2407	          2.87	5.29	18.50	17.94	0.589㈣	    30.44	359605440	  1.40	        125.41亿	深圳	18.47	17.95	107400	92953	  1.16	17.87	55	 -2.53	
000851	高鸿股份	-0.17	0.00	软件服务	6507	5.88	--  	5.96	788235	6700	          9.20	7.87	6.35	5.96	0.039㈢	   113.54	480487264	  1.38	         51.07亿	贵州	6.08	6.10	443538	344697	  1.29	5.95	1518	 -2.53	
000997	新 大 陆	-0.28	0.00	软件服务	2191	17.45	--  	17.55	207602	741	          2.07	3.87	18.13	17.54	0.470㈢	    28.66	369630432	  1.09	        176.18亿	福建	17.76	17.80	106760	100841	  1.06	17.54	41	 -2.65	
600289	*ST信通	-0.36	0.00	软件服务	2489	2.73	--  	2.75	108371	521	          1.91	2.90	2.81	2.75	-0.726㈢	--  	30053516	  0.86	         15.56亿	黑龙江	2.76	2.77	65318	43052	  1.52	2.74	2731	 -1.48	
600271	航天信息	-0.42	0.14	电脑设备	83	28.06	--  	28.46	313197	2134	          1.70	5.92	29.75	28.45	0.460㈢	    46.51	909003904	  1.26	        525.42亿	北京	28.85	29.02	168345	144851	  1.16	28.45	86	 -1.54	
300188	美亚柏科	-0.47	0.24	软件服务	898	16.50	--  	16.84	167370	1185	          3.17	6.51	17.60	16.83	0.060㈢	   211.78	288326176	  1.29	         88.86亿	福建	17.06	17.23	87007	80362	  1.08	16.83	109	 -2.84	
002095	生 意 宝	-0.75	-0.20	互联网	830	28.50	--  	28.95	156765	1364	          6.23	6.86	30.50	28.93	0.125㈢	   173.59	460006688	  1.07	         72.80亿	浙江	29.30	29.34	80956	75809	  1.07	28.93	20	 -3.12	
300205	天喻信息	-1.05	0.09	元器件	941	11.27	--  	11.34	160693	858	          3.77	4.19	11.75	11.34	0.177㈢	    48.07	184746752	  1.23	         48.31亿	湖北	11.46	11.50	91887	68806	  1.34	11.33	580	 -3.41	
002152	广电运通	-1.64	0.30	电脑设备	1180	6.51	--  	6.60	487043	2315	          2.46	4.63	6.82	6.59	0.184㈢	    26.85	326039264	  1.41	        130.39亿	广东	6.69	6.69	268929	218113	  1.23	6.59	2992	 -4.01	
600680	*ST上普	--  	--  	通信设备	0	--  	--  	--  	0	0	          0.00	--  	--  	0.00	-0.290㈢	--  	0	  0.00	          0.00亿	上海	--  	0.00	0	0	--  	--  	0	--  	
数据来源:通达信
