代码	名称	涨幅%%	涨速%%	细分行业	买量	最低	未匹配量	卖价	总量	现量	换手%%	振幅%%	最高	现价	每股收益	市盈(动)	总金额	量比	流通市值	地区	今开	均价	内盘	外盘	内外比	买价	卖量	强弱度%%	
600375	华菱星马	9.94	0.00	汽车整车	243988	5.53	--  	--  	20791	71	          0.37	0.00	5.53	5.53	0.027㈢	   155.36	11497213	  0.13	         30.73亿	安徽	5.53	5.53	16568	4222	  3.92	5.53	0	  8.82	
600567	山鹰纸业	7.03	0.25	造纸	1268	3.74	--  	3.97	2187595	15532	          4.77	8.92	4.07	3.96	0.510㈢	     5.88	848788608	  2.22	        181.55亿	安徽	3.74	3.88	912388	1275207	  0.72	3.96	13690	  5.91	
600218	全柴动力	6.98	-0.29	农用机械	568	11.95	--  	13.18	921812	10444	         25.00	12.82	13.53	13.18	0.100㈢	    99.29	1174402432	  1.15	         48.60亿	安徽	12.87	12.74	442073	479738	  0.92	13.17	1376	  5.86	
002208	合肥城建	6.67	0.36	区域地产	1209	13.26	--  	14.07	270460	3184	          8.47	8.79	14.42	14.07	0.561㈢	    18.82	376953728	  1.33	         44.92亿	安徽	13.43	13.94	132876	137584	  0.97	14.06	127	  4.31	
300090	盛运环保	3.67	0.00	环境保护	149	2.44	--  	2.55	1259013	18568	         11.02	7.35	2.62	2.54	-0.159㈢	--  	320223712	  1.02	         29.01亿	安徽	2.45	2.54	561561	697451	  0.81	2.54	3873	  1.31	
002226	江南化工	3.39	0.16	化工原料	2134	6.06	--  	6.11	468062	5536	          5.14	4.75	6.34	6.10	0.171㈢	    26.72	288016448	  1.20	         55.58亿	安徽	6.25	6.15	236799	231263	  1.02	6.10	2065	  1.03	
000868	安凯客车	3.07	0.25	汽车整车	2228	3.85	--  	4.03	483212	2992	          6.95	8.44	4.18	4.03	-0.360㈢	--  	194116640	  1.23	         28.03亿	安徽	3.86	4.02	257269	225943	  1.14	4.02	1768	  0.70	
002230	科大讯飞	2.90	0.03	软件服务	1929	36.37	--  	36.87	952582	5525	          5.23	4.55	38.00	36.87	0.110㈢	   264.09	3547937792	  0.97	        671.87亿	安徽	37.30	37.25	481867	470714	  1.02	36.86	90	  0.54	
600575	皖江物流	2.71	0.00	水运	4544	2.57	--  	2.65	568808	3287	          1.82	5.04	2.70	2.65	0.086㈢	    23.16	149717232	  1.08	         82.82亿	安徽	2.61	2.63	294321	274486	  1.07	2.64	2715	  1.59	
300247	融捷健康	2.65	0.00	医疗保健	1248	3.78	--  	3.87	403836	1831	          6.60	5.04	3.97	3.87	0.057㈢	    51.30	157174528	  1.21	         23.69亿	安徽	3.82	3.89	191882	211954	  0.91	3.86	7217	  0.29	
002541	鸿路钢构	2.49	-0.47	钢加工	912	8.03	--  	8.24	140007	1514	          3.77	3.24	8.29	8.23	0.635㈢	     9.71	114624552	  1.30	         30.55亿	安徽	8.03	8.19	69479	70528	  0.99	8.23	73	  0.13	
300087	荃银高科	2.45	0.25	种植业	131	7.75	--  	7.96	120892	2655	          3.43	2.58	7.95	7.95	-0.094㈢	--  	95251592	  1.22	         27.98亿	安徽	7.79	7.88	63173	57719	  1.09	7.95	268	  0.08	
600983	惠而浦	2.42	0.16	家用电器	181	6.22	--  	6.37	89018	666	          1.67	4.51	6.50	6.36	0.462㈢	    10.32	56495456	  1.48	         33.89亿	安徽	6.22	6.35	41644	47374	  0.88	6.36	1060	  1.29	
300274	阳光电源	2.27	0.26	电气设备	742	11.39	--  	11.71	544826	8550	          5.11	5.41	12.01	11.71	0.420㈢	    21.10	638033984	  0.97	        124.82亿	安徽	11.51	11.71	283710	261115	  1.09	11.70	1632	 -0.09	
000543	皖能电力	2.22	0.18	火力发电	3186	5.38	--  	5.54	349963	3438	          1.95	3.88	5.59	5.53	0.168㈢	    24.70	192528432	  1.26	         99.01亿	安徽	5.44	5.50	125448	224514	  0.56	5.53	4847	 -0.15	
000521	长虹美菱	2.16	0.26	家用电器	8274	3.76	--  	3.79	318861	4947	          3.97	2.96	3.87	3.79	0.063㈢	    45.24	121784024	  0.99	         30.42亿	安徽	3.79	3.82	170070	148791	  1.14	3.78	1652	 -0.21	
300009	安科生物	2.12	0.06	生物制药	814	15.23	--  	15.41	197546	1311	          2.90	3.71	15.79	15.41	0.232㈢	    49.78	307253824	  1.03	        105.05亿	安徽	15.23	15.55	93939	103606	  0.91	15.40	214	 -0.24	
600990	四创电子	1.71	0.02	通信设备	43	42.61	--  	43.33	25162	128	          1.84	3.52	44.11	43.32	-0.030㈢	--  	109372512	  1.03	         59.22亿	安徽	42.61	43.47	11780	13382	  0.88	43.32	3	  0.59	
000630	铜陵有色	1.68	0.41	铜	14550	2.38	--  	2.42	2109891	13134	          2.21	2.94	2.45	2.42	0.063㈢	    28.85	510707968	  0.99	        231.37亿	安徽	2.38	2.42	1040069	1069821	  0.97	2.41	17481	 -0.68	
000980	众泰汽车	1.56	0.39	汽车配件	916	5.10	--  	5.22	432085	3486	          3.47	5.07	5.36	5.21	0.205㈢	    19.08	225986752	  1.26	         64.91亿	安徽	5.11	5.23	213526	218558	  0.98	5.21	684	 -0.81	
300218	安利股份	1.51	0.14	塑料	147	7.24	--  	7.38	24480	308	          1.13	3.58	7.50	7.38	0.015㈢	   366.52	18091098	  0.94	         15.96亿	安徽	7.31	7.39	9822	14658	  0.67	7.35	105	 -0.85	
600808	马钢股份	1.51	0.25	普钢	5189	3.99	--  	4.04	979469	5630	          1.64	2.51	4.09	4.04	0.725㈢	     4.18	395709728	  1.08	        241.10亿	安徽	3.99	4.04	534980	444488	  1.20	4.03	2711	  0.39	
600318	新力金融	1.49	0.42	多元金融	1190	9.09	--  	9.55	327890	2872	          6.77	9.26	9.96	9.54	0.079㈢	    91.09	311213728	  0.89	         46.17亿	安徽	9.09	9.49	163076	164813	  0.99	9.54	1062	  0.37	
002607	中公教育	1.49	0.24	汽车服务	178	11.85	--  	12.31	461761	3731	          5.63	8.50	12.88	12.30	0.050㈢	  1409.48	571089536	  0.86	        100.90亿	安徽	12.13	12.37	225564	236197	  0.95	12.30	30	 -0.88	
002057	中钢天源	1.47	0.00	元器件	348	6.78	--  	6.89	76256	864	          2.39	3.83	7.04	6.89	0.277㈢	    18.64	52652212	  1.02	         22.02亿	安徽	6.84	6.90	32910	43346	  0.76	6.88	266	 -0.89	
600551	时代出版	1.46	0.10	出版业	55	9.65	--  	9.75	50407	196	          1.00	2.40	9.88	9.74	0.471㈢	    15.49	49199104	  0.99	         49.27亿	安徽	9.69	9.76	21631	28776	  0.75	9.74	226	  0.34	
600585	海螺水泥	1.36	0.24	水泥	752	36.55	--  	37.19	552694	2559	          1.38	4.31	38.13	37.18	3.909㈢	     7.13	2065337856	  1.32	       1487.09亿	安徽	37.08	37.37	261638	291055	  0.90	37.18	284	  0.24	
601801	皖新传媒	1.30	0.26	出版业	24	7.69	--  	7.79	205335	604	          1.03	4.43	8.03	7.78	0.549㈢	    10.62	161389968	  1.48	        154.76亿	安徽	7.70	7.86	111804	93531	  1.20	7.78	662	  0.18	
002298	中电兴发	1.27	0.14	软件服务	87	7.12	--  	7.19	114818	879	          2.21	3.39	7.36	7.18	0.170㈢	    31.62	83069048	  1.16	         37.23亿	安徽	7.12	7.23	55793	59025	  0.95	7.18	146	 -1.10	
000153	丰原药业	1.23	0.92	化学制药	1657	6.39	--  	6.57	133654	1314	          4.28	6.17	6.79	6.56	0.181㈢	    27.21	87613296	  1.88	         20.47亿	安徽	6.45	6.56	68563	65090	  1.05	6.56	100	 -1.13	
600520	文一科技	1.22	-0.34	机械基件	252	13.80	--  	14.11	45280	225	          2.86	5.17	14.52	14.10	-0.061㈢	--  	64206888	  1.30	         22.34亿	安徽	14.05	14.18	21368	23911	  0.89	14.10	83	  0.10	
002136	安 纳 达	1.17	0.46	化工原料	90	8.52	--  	8.66	59897	1030	          2.80	2.69	8.75	8.66	0.310㈢	    20.92	51773712	  1.14	         18.51亿	安徽	8.58	8.64	31556	28341	  1.11	8.65	76	 -1.20	
002597	金禾实业	1.13	0.18	化工原料	754	16.62	--  	16.96	149620	1301	          2.70	3.46	17.20	16.95	1.340㈢	     9.42	253805024	  1.13	         93.91亿	安徽	16.81	16.96	84866	64754	  1.31	16.95	108	 -1.23	
600444	国机通用	1.10	-0.08	塑料	18	10.85	--  	10.99	25925	381	          1.77	2.48	11.12	10.99	0.230㈢	    35.90	28544380	  1.17	         16.09亿	安徽	10.90	11.01	9545	16379	  0.58	10.98	192	 -0.02	
002140	东华科技	1.10	-0.26	建筑施工	2462	7.31	--  	7.40	67410	463	          1.53	3.56	7.57	7.38	0.267㈢	    20.75	50132144	  1.15	         32.44亿	安徽	7.35	7.44	33514	33896	  0.99	7.38	536	 -1.27	
000417	合肥百货	1.00	0.20	百货	3210	4.99	--  	5.06	112715	789	          1.45	2.79	5.13	5.06	0.220㈢	    17.25	57097168	  1.00	         39.42亿	安徽	5.02	5.07	56554	56161	  1.01	5.05	298	 -1.37	
600577	精达股份	0.88	0.29	电气设备	2519	3.40	--  	3.43	465396	2949	          2.42	2.06	3.47	3.43	0.195㈢	    13.16	159616192	  1.21	         65.90亿	安徽	3.41	3.43	268613	196783	  1.37	3.42	5553	 -0.24	
600255	梦舟股份	0.85	0.85	铜	3404	2.32	--  	2.37	1165261	11299	          6.58	3.40	2.40	2.37	0.024㈢	    75.10	274572608	  0.94	         41.94亿	安徽	2.35	2.36	666550	498710	  1.34	2.36	6156	 -0.27	
000859	国风塑业	0.81	-0.39	塑料	1844	7.01	--  	7.51	2215592	30912	         29.97	11.83	7.89	7.50	0.101㈢	    55.74	1667698176	  1.16	         55.45亿	安徽	7.74	7.53	1127293	1088298	  1.04	7.50	2692	 -1.56	
600418	江淮汽车	0.75	0.19	汽车整车	228	5.30	--  	5.35	281582	3126	          1.49	2.83	5.45	5.34	0.025㈢	   158.54	151539984	  1.12	        101.10亿	安徽	5.32	5.38	133690	147892	  0.90	5.34	663	 -0.37	
600237	铜峰电子	0.72	0.24	元器件	16	4.13	--  	4.18	216604	2187	          3.84	2.90	4.25	4.17	0.008㈢	   411.94	90674384	  0.95	         23.53亿	安徽	4.16	4.19	105792	110812	  0.95	4.17	5231	 -0.40	
600470	六国化工	0.71	-0.23	农药化肥	1061	4.15	--  	4.24	196402	1981	          3.77	3.33	4.29	4.24	0.074㈢	    42.83	83207800	  0.96	         22.12亿	安徽	4.15	4.24	98762	97639	  1.01	4.23	519	 -0.41	
000713	丰乐种业	0.70	0.35	种植业	857	5.74	--  	5.79	160198	1456	          5.36	2.61	5.89	5.79	-0.070㈢	--  	93306448	  1.29	         17.30亿	安徽	5.78	5.82	79748	80450	  0.99	5.78	1139	 -1.67	
002361	神剑股份	0.69	0.00	化工原料	1709	4.32	--  	4.40	232070	1907	          3.76	2.98	4.45	4.39	0.072㈢	    45.54	101737600	  1.12	         27.08亿	安徽	4.37	4.38	131968	100101	  1.32	4.39	1886	 -1.68	
600985	淮北矿业	0.66	0.00	煤炭开采	234	12.14	--  	12.24	93706	1520	          3.56	4.94	12.74	12.23	1.166㈢	     7.87	116406800	  1.04	         32.15亿	安徽	12.20	12.42	53040	40665	  1.30	12.23	150	 -0.46	
600496	精工钢构	0.63	0.31	钢加工	3620	3.17	--  	3.19	366656	850	          2.43	2.21	3.24	3.19	0.081㈢	    29.49	117438224	  0.91	         48.18亿	安徽	3.19	3.20	194083	172572	  1.12	3.18	4935	 -0.49	
000887	中鼎股份	0.60	0.26	橡胶	20	11.61	--  	11.70	210846	1413	          1.73	3.18	11.98	11.70	0.860㈢	    10.20	249141168	  0.99	        142.57亿	安徽	11.86	11.82	119584	91261	  1.31	11.69	50	 -1.76	
002556	辉隆股份	0.51	-0.33	其他商业	257	5.83	--  	5.86	132082	1455	          1.89	2.40	5.97	5.86	0.194㈢	    22.63	77855520	  0.88	         40.98亿	安徽	5.83	5.89	71081	61001	  1.17	5.85	310	 -1.85	
000619	海螺型材	0.50	0.17	其他建材	616	5.97	--  	6.01	73199	906	          2.03	2.34	6.11	6.01	0.013㈢	   355.76	44224180	  1.34	         21.64亿	安徽	6.00	6.04	39280	33918	  1.16	6.00	144	 -1.86	
002347	泰尔股份	0.45	0.45	机械基件	29	4.43	--  	4.48	125331	568	          3.93	2.92	4.56	4.47	0.032㈢	   103.66	56241700	  0.97	         14.26亿	安徽	4.48	4.49	66924	58407	  1.15	4.47	970	 -1.92	
002352	顺丰控股	0.38	0.16	仓储物流	95	36.60	--  	36.79	91542	648	          0.81	1.47	37.14	36.78	0.685㈢	    40.25	337253504	  1.23	        416.22亿	深圳	36.83	36.84	46852	44690	  1.05	36.78	24	 -1.98	
002571	德力股份	0.38	0.38	玻璃	68	5.24	--  	5.29	94222	1567	          3.72	2.85	5.39	5.28	-0.107㈢	--  	50197524	  0.91	         13.37亿	安徽	5.30	5.33	45593	48629	  0.94	5.28	214	 -1.98	
002538	司尔特	0.35	0.00	农药化肥	632	5.62	--  	5.67	208706	1123	          2.99	2.83	5.78	5.67	0.259㈢	    16.41	118985464	  1.46	         39.60亿	安徽	5.66	5.70	103536	105169	  0.98	5.66	343	 -2.01	
300088	长信科技	0.35	-0.16	元器件	2190	5.71	--  	5.75	1229604	11174	          5.44	4.19	5.95	5.75	0.265㈢	    16.30	715721344	  1.13	        130.05亿	安徽	5.83	5.82	610503	619100	  0.99	5.74	923	 -2.02	
002147	ST新光	0.33	0.00	区域地产	2079	3.01	--  	3.05	452770	8217	          8.43	2.97	3.10	3.04	0.068㈢	    33.63	137901504	  0.97	         16.32亿	安徽	3.04	3.05	250907	201863	  1.24	3.04	9276	 -2.03	
600063	皖维高新	0.32	0.00	化纤	761	3.14	--  	3.18	399655	5401	          2.08	4.43	3.28	3.17	0.072㈢	    33.17	127328672	  0.98	         61.05亿	安徽	3.16	3.19	215241	184413	  1.17	3.17	5043	 -0.81	
600761	安徽合力	0.29	-0.09	工程机械	628	10.34	--  	10.39	157549	1160	          2.13	3.09	10.66	10.38	0.601㈢	    12.96	165657104	  1.29	         76.83亿	安徽	10.40	10.51	86541	71007	  1.22	10.38	29	 -0.83	
000850	华茂股份	0.25	0.25	纺织	34	4.00	--  	4.04	175443	1344	          1.86	3.48	4.14	4.03	0.142㈢	    21.31	71361120	  0.92	         38.02亿	安徽	4.08	4.07	92561	82882	  1.12	4.03	205	 -2.12	
000728	国元证券	0.20	0.30	证券	1091	9.62	--  	9.91	955796	6064	          3.24	9.30	10.54	9.91	0.097㈢	    76.23	956887296	  1.08	        291.96亿	安徽	9.92	10.01	506720	449076	  1.13	9.90	3963	 -2.16	
600012	皖通高速	0.00	-0.14	路桥	1015	6.52	--  	6.58	144963	1447	          1.24	3.80	6.77	6.58	0.514㈢	     9.61	96224944	  1.27	         76.70亿	安徽	6.63	6.64	81078	63885	  1.27	6.57	1649	 -1.12	
002331	皖通科技	0.00	0.29	软件服务	38	10.18	--  	10.30	53492	190	          1.72	5.83	10.78	10.29	0.180㈢	    46.30	55864964	  0.98	         31.93亿	安徽	10.29	10.44	33608	19883	  1.69	10.29	379	 -2.36	
002171	楚江新材	0.00	0.00	铜	354	5.68	--  	5.75	215318	1294	          2.04	3.83	5.90	5.74	0.290㈢	    16.56	124902152	  1.14	         60.44亿	安徽	5.85	5.80	124770	90547	  1.38	5.74	247	 -2.36	
002018	*ST华信	-0.79	0.00	农药化肥	6362	1.24	--  	1.26	327344	4022	          1.44	3.17	1.28	1.25	-0.547㈢	--  	41159876	  1.07	         28.47亿	安徽	1.26	1.26	185559	141785	  1.31	1.25	16207	 -3.16	
002557	洽洽食品	-1.42	0.45	食品	61	22.01	--  	22.18	117048	2515	          2.31	3.87	22.88	22.18	0.597㈢	    27.86	261571712	  0.92	        112.45亿	安徽	22.47	22.35	65068	51980	  1.25	22.15	129	 -3.79	
002555	三七互娱	-3.21	0.44	互联网	214	13.38	--  	13.56	253854	1213	          1.59	6.43	14.28	13.55	0.573㈢	    17.72	351533856	  1.27	        215.75亿	安徽	14.14	13.85	139804	114050	  1.23	13.55	20	 -5.58	
数据来源:通达信
