代码	名称	涨幅%%	涨速%%	细分行业	买量	最低	未匹配量	卖价	总量	现量	换手%%	振幅%%	最高	现价	每股收益	市盈(动)	总金额	量比	流通市值	地区	今开	均价	内盘	外盘	内外比	买价	卖量	强弱度%%	
600100	同方股份	9.28	-0.08	电脑设备	1542	10.52	--  	11.20	613050	3001	          2.07	7.23	11.26	11.19	-0.193㈢	--  	679055552	  3.44	        331.66亿	北京	10.52	11.08	255934	357115	  0.72	11.19	1809	  8.16	
000068	华控赛格	8.43	0.74	元器件	5013	6.22	--  	6.83	1111996	16922	         11.05	10.49	6.88	6.82	-0.048㈢	--  	730340800	  1.08	         68.65亿	深圳	6.42	6.57	506082	605914	  0.84	6.82	7032	  6.06	
002450	ST康得新	5.04	0.00	化工原料	296424	6.88	--  	--  	24844	481	          0.08	0.00	6.88	6.88	0.622㈢	     8.30	17092864	  0.02	        222.48亿	江苏	6.88	6.88	23202	1642	 14.13	6.88	0	  2.67	
002139	拓邦股份	4.81	0.18	元器件	4049	5.42	--  	5.66	492331	2170	          6.28	6.30	5.76	5.66	0.200㈢	    22.25	277222240	  1.45	         44.38亿	深圳	5.45	5.63	225113	267218	  0.84	5.65	5887	  2.45	
002443	金洲管道	4.80	0.92	钢加工	8482	6.28	--  	6.56	196600	2045	          3.87	8.32	6.80	6.55	0.210㈢	    23.34	128144376	  1.54	         33.24亿	浙江	6.36	6.52	93571	103028	  0.91	6.55	236	  2.44	
002886	沃特股份	4.77	0.42	塑料	314	18.30	--  	19.12	77961	1147	         15.72	7.02	19.58	19.11	0.198㈢	    72.34	147849648	  1.68	          9.48亿	深圳	18.30	18.96	34244	43716	  0.78	19.11	23	  2.41	
002442	龙星化工	3.98	0.00	化工原料	1036	7.54	--  	7.84	149343	2781	          3.11	4.38	7.87	7.83	0.277㈣	    28.32	115165544	  1.65	         37.55亿	河北	7.58	7.71	69039	80304	  0.86	7.83	471	  1.62	
300409	道氏技术	3.89	0.17	陶瓷	476	16.46	--  	17.38	198564	962	          8.45	10.35	18.19	17.37	0.550㈢	    27.51	344969248	  1.12	         40.82亿	广东	16.76	17.37	98190	100374	  0.98	17.37	30	  1.52	
300128	锦富技术	3.88	-0.19	元器件	796	4.70	--  	5.10	1461790	17309	         13.72	12.45	5.31	5.09	-0.014㈢	--  	726079040	  1.12	         54.24亿	江苏	4.91	4.97	679669	782121	  0.87	5.09	5639	  1.51	
002404	嘉欣丝绸	3.19	0.62	纺织	1137	6.25	--  	6.48	52593	4505	          1.32	3.51	6.47	6.47	0.177㈢	    27.35	33420546	  1.89	         25.81亿	浙江	6.30	6.35	23576	29017	  0.81	6.47	429	  0.83	
002319	乐通股份	2.81	0.34	染料涂料	2196	11.37	--  	11.71	103404	3301	          5.17	3.34	11.75	11.70	0.013㈢	   694.50	119725920	  0.99	         23.40亿	广东	11.40	11.58	49260	54143	  0.91	11.70	889	  0.45	
600735	新华锦	2.57	0.31	商贸代理	135	6.23	--  	6.39	234767	3182	          6.24	6.43	6.63	6.38	0.155㈢	    30.84	149678576	  1.25	         23.99亿	山东	6.27	6.38	112719	122047	  0.92	6.38	249	  1.45	
300317	珈伟新能	2.55	0.50	半导体	231	5.90	--  	6.04	301284	9248	          4.59	2.38	6.04	6.03	0.013㈢	   341.58	180142416	  0.92	         39.57亿	深圳	5.95	5.98	153399	147884	  1.04	6.03	2242	  0.19	
002340	格林美	2.33	0.21	小金属	4800	4.76	--  	4.84	1471553	11587	          3.89	4.03	4.95	4.83	0.130㈢	    29.04	715116992	  1.15	        182.75亿	深圳	4.76	4.86	721628	749925	  0.96	4.83	4130	 -0.03	
600503	华丽家族	2.27	0.25	区域地产	2561	3.99	--  	4.05	577992	4039	          3.61	3.54	4.13	4.05	0.022㈢	   135.05	234816432	  0.96	         64.89亿	上海	4.00	4.06	274800	303192	  0.91	4.04	3500	  1.15	
603650	彤程新材	2.14	0.36	化工原料	37	21.98	--  	22.43	99480	1720	         16.92	3.64	22.78	22.42	0.590㈢	    30.55	223098992	  1.24	         13.18亿	上海	22.14	22.43	50146	49334	  1.02	22.42	26	  1.02	
002092	中泰化学	2.02	0.11	化工原料	918	8.95	--  	9.07	462869	3744	          2.28	3.71	9.28	9.07	0.937㈢	     7.26	423066752	  1.34	        184.52亿	新疆	8.95	9.14	221389	241479	  0.92	9.06	18294	 -0.34	
002851	麦格米特	1.96	-0.02	电气设备	18	28.80	--  	29.15	59720	726	          4.71	5.70	30.43	29.15	0.450㈢	    55.83	176590608	  1.64	         36.95亿	深圳	29.05	29.57	31306	28414	  1.10	29.10	11	 -0.41	
002618	丹邦科技	1.95	-0.50	元器件	1205	15.50	--  	15.65	228220	4368	          4.17	5.47	16.34	15.65	0.046㈢	   255.89	364657536	  1.52	         85.75亿	深圳	15.68	15.98	124260	103959	  1.20	15.64	45	 -0.41	
601028	玉龙股份	1.92	0.38	钢加工	900	5.15	--  	5.30	98314	1403	          1.26	3.65	5.34	5.30	0.111㈢	    35.85	51667084	  1.03	         41.50亿	江苏	5.18	5.26	45362	52952	  0.86	5.29	872	  0.80	
000532	华金资本	1.90	-0.16	元器件	696	11.80	--  	11.81	183264	1571	          5.34	3.36	12.19	11.81	0.060㈢	   148.27	219115664	  0.81	         40.57亿	广东	12.06	11.96	91158	92106	  0.99	11.80	227	 -0.47	
300134	大富科技	1.76	0.35	通信设备	1329	13.90	--  	14.46	460497	3837	          6.46	7.46	14.96	14.45	-0.091㈢	--  	667980992	  1.04	        102.94亿	深圳	14.15	14.51	217907	242590	  0.90	14.45	74	 -0.60	
300207	欣旺达	1.75	-0.50	元器件	313	11.40	--  	11.60	167267	713	          1.47	4.82	11.95	11.60	0.300㈢	    31.38	196348608	  1.16	        132.14亿	深圳	11.60	11.74	75403	91864	  0.82	11.59	525	 -0.61	
601877	正泰电器	1.70	0.11	电气设备	42	25.73	--  	26.30	179721	2032	          1.03	3.33	26.59	26.30	1.297㈢	    15.21	471170528	  0.91	        456.88亿	浙江	26.03	26.22	83737	95983	  0.87	26.29	2490	  0.58	
002471	中超控股	1.54	0.30	电气设备	1854	3.22	--  	3.29	369557	3089	          2.94	3.70	3.34	3.29	0.095㈢	    26.02	121333120	  1.08	         41.35亿	江苏	3.25	3.28	192421	177135	  1.09	3.28	1576	 -0.82	
600691	阳煤化工	1.45	0.36	农药化肥	1891	2.76	--  	2.80	348787	3677	          1.99	3.26	2.85	2.80	0.060㈢	    45.62	97597824	  1.04	         49.18亿	山西	2.76	2.80	161855	186931	  0.87	2.79	6744	  0.33	
600183	生益科技	1.44	0.00	元器件	3383	11.88	--  	12.00	503352	1690	          2.38	3.30	12.27	11.99	0.383㈢	    23.50	609164800	  1.17	        253.89亿	广东	11.94	12.10	264990	238361	  1.11	11.99	2255	  0.32	
000928	中钢国际	1.41	0.20	建筑施工	634	4.96	--  	5.05	237357	3137	          3.19	3.22	5.12	5.04	0.224㈢	    16.86	119970952	  0.85	         37.46亿	吉林	5.00	5.05	110448	126908	  0.87	5.04	1064	 -0.96	
000413	东旭光电	1.40	0.17	元器件	11896	5.71	--  	5.80	2587803	43325	          5.32	4.55	5.97	5.80	0.230㈢	    18.95	1507967232	  1.04	        282.12亿	河北	5.77	5.83	1333941	1253862	  1.06	5.79	2017	 -0.97	
000009	中国宝安	1.33	0.19	综合类	717	5.31	--  	5.36	676081	3165	          3.19	5.11	5.58	5.35	0.046㈢	    87.46	368026592	  1.39	        113.41亿	深圳	5.45	5.44	349016	327064	  1.07	5.35	2673	 -1.04	
000565	渝三峡Ａ	1.31	-0.17	染料涂料	2478	5.27	--  	5.40	94419	349	          2.18	5.07	5.54	5.40	0.104㈢	    38.86	50923512	  1.35	         23.41亿	重庆	5.35	5.39	42815	51603	  0.83	5.39	151	 -1.05	
002630	华西能源	1.17	0.29	专用机械	613	3.41	--  	3.48	1057602	10162	         10.90	5.54	3.60	3.47	0.094㈢	    27.65	369815296	  0.97	         33.67亿	四川	3.44	3.50	543825	513776	  1.06	3.47	4437	 -1.20	
002631	德尔未来	1.16	0.13	家居用品	1295	7.77	--  	7.83	108889	803	          1.68	2.84	7.99	7.83	0.190㈢	    30.97	85595392	  1.00	         50.64亿	江苏	7.81	7.86	58577	50312	  1.16	7.82	275	 -1.20	
600516	方大炭素	1.16	0.09	矿物制品	4492	22.50	--  	22.72	887895	5147	          5.01	3.83	23.36	22.71	2.530㈢	     6.80	2028726912	  1.03	        402.49亿	甘肃	22.71	22.85	442681	445213	  0.99	22.71	1416	  0.04	
600522	中天科技	1.10	0.10	通信设备	3118	10.02	--  	10.08	1095327	9757	          3.57	2.81	10.30	10.08	0.533㈢	    14.19	1115324032	  1.10	        309.06亿	江苏	10.09	10.18	551215	544112	  1.01	10.07	1374	 -0.02	
000973	佛塑科技	1.09	0.22	塑料	2709	4.59	--  	4.65	410379	4456	          4.24	4.35	4.79	4.65	0.043㈢	    81.06	192029504	  0.71	         44.98亿	广东	4.64	4.68	199430	210949	  0.95	4.64	115	 -1.28	
603618	杭电股份	1.07	0.00	电气设备	784	6.50	--  	6.65	227768	1653	          3.32	5.02	6.83	6.64	0.110㈢	    46.19	152086912	  0.85	         45.61亿	浙江	6.51	6.68	105034	122734	  0.86	6.64	1760	 -0.06	
600509	天富能源	1.06	0.42	火力发电	1699	4.61	--  	4.76	412677	3407	          4.56	4.88	4.84	4.76	0.056㈢	    63.56	195175872	  0.88	         43.11亿	新疆	4.71	4.73	207557	205119	  1.01	4.75	730	 -0.06	
600549	厦门钨业	1.05	0.07	小金属	615	14.30	--  	14.45	306556	1629	          2.18	3.01	14.73	14.44	0.318㈢	    34.02	446036800	  1.03	        203.03亿	福建	14.42	14.55	147604	158951	  0.93	14.44	599	 -0.07	
002297	博云新材	0.97	0.28	矿物制品	271	7.20	--  	7.29	226903	2027	          5.71	2.36	7.37	7.28	0.013㈢	   417.95	165120064	  1.10	         28.94亿	湖南	7.25	7.28	116497	110405	  1.06	7.28	765	 -1.39	
603133	碳元科技	0.84	0.21	元器件	252	19.07	--  	19.23	81184	753	          7.25	3.04	19.65	19.22	0.220㈢	    65.02	157279936	  0.86	         21.52亿	江苏	19.20	19.37	38626	42558	  0.91	19.22	145	 -0.28	
600773	西藏城投	0.83	0.28	区域地产	642	7.18	--  	7.27	207792	1085	          2.79	3.47	7.43	7.27	0.086㈢	    63.43	151863200	  1.10	         54.24亿	西藏	7.20	7.31	102032	105759	  0.96	7.26	1127	 -0.29	
000510	金路集团	0.82	0.00	化工原料	1583	4.91	--  	4.94	161885	756	          2.95	3.06	5.06	4.94	0.139㈢	    26.73	80797400	  1.00	         27.14亿	四川	4.91	4.99	82861	79024	  1.05	4.93	73	 -1.55	
600175	美都能源	0.77	0.38	综合类	15993	2.56	--  	2.63	1840492	18720	          7.51	5.36	2.70	2.63	0.041㈢	    48.50	485301888	  0.86	         64.46亿	浙江	2.57	2.64	918419	922072	  1.00	2.62	21011	 -0.36	
002389	航天彩虹	0.64	0.07	元器件	502	14.06	--  	14.24	165909	925	          2.45	3.46	14.55	14.24	0.088㈢	   121.73	236734544	  0.99	         96.35亿	浙江	14.18	14.27	84720	81188	  1.04	14.23	62	 -1.73	
600805	悦达投资	0.56	0.00	综合类	944	5.37	--  	5.41	182918	1521	          2.15	2.61	5.51	5.40	0.175㈢	    23.18	99363728	  1.26	         45.91亿	江苏	5.40	5.43	112712	70205	  1.61	5.40	256	 -0.56	
002724	海洋王	0.47	0.00	半导体	43	6.33	--  	6.43	65989	894	          1.99	3.76	6.57	6.42	0.111㈢	    43.45	42629840	  1.13	         21.30亿	深圳	6.40	6.46	38907	27082	  1.44	6.42	36	 -1.90	
600152	维科技术	0.44	0.29	电气设备	1689	6.81	--  	6.90	119642	1744	          4.06	3.49	7.05	6.90	0.219㈢	    23.64	83303416	  1.00	         20.35亿	浙江	6.93	6.96	66234	53407	  1.24	6.89	397	 -0.68	
300064	豫金刚石	0.39	0.39	矿物制品	2162	5.06	--  	5.11	243370	1446	          4.02	3.73	5.25	5.11	0.158㈢	    24.23	125228440	  1.41	         30.95亿	河南	5.09	5.15	137845	105524	  1.31	5.10	137	 -1.97	
601011	宝泰隆	0.31	0.00	焦炭加工	2669	6.33	--  	6.40	473292	3490	          2.96	2.98	6.52	6.39	0.171㈢	    27.95	303950560	  0.99	        102.19亿	黑龙江	6.37	6.42	246221	227070	  1.08	6.39	8957	 -0.81	
300068	南都电源	0.19	0.32	电气设备	5067	15.39	--  	15.57	194629	7942	          3.13	1.55	15.63	15.56	0.500㈢	    23.61	301660960	  1.20	         96.64亿	浙江	15.53	15.50	92356	102272	  0.90	15.56	1299	 -2.17	
300035	中科电气	0.18	-0.17	电气设备	1522	5.58	--  	5.62	156579	751	          3.98	3.04	5.75	5.61	0.140㈢	    31.09	88679064	  0.99	         22.07亿	湖南	5.61	5.66	82967	73611	  1.13	5.61	759	 -2.19	
300233	金城医药	0.06	0.56	化学制药	20	15.71	--  	16.08	36726	124	          1.03	4.36	16.41	16.08	0.598㈢	    20.18	59039748	  1.53	         57.09亿	山东	15.79	16.08	19870	16855	  1.18	16.01	81	 -2.30	
002622	融钰集团	0.00	-0.24	电气设备	5597	3.98	--  	4.03	822713	8908	          9.79	3.73	4.13	4.02	0.023㈢	   129.46	332943104	  0.80	         33.77亿	吉林	4.04	4.05	424475	398237	  1.07	4.02	1061	 -2.36	
002341	新纶科技	0.00	-0.16	化工原料	78	11.70	--  	11.82	535393	4057	          8.56	3.13	12.07	11.81	0.280㈢	    33.32	636278336	  0.74	         73.84亿	深圳	11.86	11.88	290806	244587	  1.19	11.81	1111	 -2.36	
300073	当升科技	-0.68	0.00	矿物制品	30	31.57	--  	31.96	223138	1753	          6.31	4.07	32.88	31.95	0.500㈢	    50.97	715508032	  1.24	        113.05亿	北京	32.40	32.07	116806	106331	  1.10	31.95	545	 -3.05	
002604	*ST龙力	-1.11	-0.55	食品	3401	1.76	--  	1.79	186242	446	          3.67	2.78	1.81	1.78	-0.423㈢	--  	33255470	  1.12	          9.04亿	山东	1.76	1.79	109245	76997	  1.42	1.78	2556	 -3.48	
数据来源:通达信
