代码	名称	涨幅%%	涨速%%	细分行业	买量	最低	未匹配量	卖价	总量	现量	换手%%	振幅%%	最高	现价	每股收益	市盈(动)	总金额	量比	流通市值	地区	今开	均价	内盘	外盘	内外比	买价	卖量	强弱度%%	
002274	华昌化工	10.04	0.00	农药化肥	26040	9.40	--  	--  	845380	231	         13.52	11.72	10.52	10.52	0.192㈢	    41.01	850797376	  2.19	         65.78亿	江苏	9.56	10.06	398339	447040	  0.89	10.52	0	  6.27	
300337	银邦股份	6.28	-0.19	铝	197	4.81	--  	5.08	342092	4575	          4.88	8.16	5.20	5.08	0.026㈢	   146.07	171892624	  0.54	         35.60亿	江苏	4.81	5.02	144245	197847	  0.73	5.07	656	  2.50	
000793	华闻传媒	5.38	0.21	出版业	184	4.42	--  	4.71	805367	10617	          4.15	6.73	4.72	4.70	0.011㈢	   306.82	369489472	  0.52	         91.13亿	海南	4.52	4.59	369396	435971	  0.85	4.70	3130	  1.61	
000627	天茂集团	5.08	0.29	保险	514	6.50	--  	6.82	250415	3940	          0.51	4.93	6.82	6.82	0.205㈢	    24.97	167767728	  1.48	        336.95亿	湖北	6.53	6.70	92565	157850	  0.59	6.81	2457	  1.31	
600208	新湖中宝	5.07	0.00	全国地产	512	3.66	--  	3.95	928520	7156	          1.08	8.27	3.97	3.94	0.206㈢	    14.35	357988864	  0.74	        338.77亿	浙江	3.77	3.86	377356	551164	  0.68	3.94	10867	  1.87	
600755	厦门国贸	5.03	0.22	商贸代理	3459	8.75	--  	9.19	589759	10465	          3.25	5.83	9.26	9.19	0.700㈢	     7.06	532792992	  0.96	        166.92亿	福建	8.86	9.03	235107	354651	  0.66	9.18	697	  1.83	
000876	新 希 望	4.56	0.15	饲料	707	12.53	--  	13.31	814703	18170	          1.94	8.02	13.55	13.30	0.344㈢	    28.99	1075537152	  1.18	        559.02亿	四川	12.58	13.20	343957	470745	  0.73	13.30	1289	  0.79	
002093	国脉科技	4.54	0.31	电信运营	170	9.12	--  	9.67	214050	3439	          2.20	6.05	9.68	9.67	0.126㈢	    57.45	202382128	  1.32	         94.17亿	福建	9.30	9.45	89351	124698	  0.72	9.66	1328	  0.77	
300096	易联众	4.42	-0.30	软件服务	203	12.50	--  	12.98	263612	4927	          7.00	6.28	13.28	12.98	-0.040㈢	--  	341077440	  1.24	         48.87亿	福建	12.55	12.94	128556	135056	  0.95	12.97	22	  0.65	
002294	信立泰	4.26	0.11	化学制药	2137	26.00	--  	27.20	166543	1828	          1.59	4.98	27.30	27.19	1.394㈣	    19.50	444286720	  0.94	        284.37亿	深圳	26.25	26.68	69431	97111	  0.71	27.19	1080	  0.48	
600260	凯乐科技	4.13	0.27	通信设备	1066	21.42	--  	22.68	222862	3373	          3.55	6.24	22.78	22.68	1.190㈢	    14.42	496670592	  0.93	        142.49亿	湖北	21.81	22.29	96371	126490	  0.76	22.67	84	  0.93	
300520	科大国创	4.00	0.10	软件服务	29	19.50	--  	20.55	66469	846	          5.90	5.72	20.63	20.55	0.100㈢	   185.48	134145800	  1.09	         23.15亿	安徽	19.71	20.18	30372	36097	  0.84	20.54	198	  0.22	
601611	中国核建	3.92	0.11	建筑施工	50	8.69	--  	9.02	174037	3157	          1.81	3.81	9.02	9.01	0.220㈢	    30.72	154604864	  0.64	         86.66亿	上海	8.70	8.88	65607	108429	  0.61	9.01	1547	  0.72	
600895	张江高科	3.89	0.00	园区开发	3344	21.39	--  	22.71	571523	8072	          3.69	6.63	22.84	22.71	0.296㈢	    57.63	1274840320	  0.60	        351.71亿	上海	21.90	22.31	275644	295879	  0.93	22.70	995	  0.69	
600331	宏达股份	3.84	-0.25	铅锌	6458	3.58	--  	3.80	520976	4284	          2.56	6.85	3.83	3.79	0.008㈢	   349.30	195528848	  0.55	         77.01亿	四川	3.70	3.75	243948	277027	  0.88	3.79	4235	  0.64	
000156	华数传媒	3.83	-0.24	影视音像	68	11.65	--  	12.20	190030	2322	          1.48	5.20	12.26	12.19	0.337㈢	    27.15	228559456	  0.46	        156.07亿	浙江	11.65	12.03	83632	106398	  0.79	12.19	1233	  0.06	
300332	天壕环境	3.82	0.00	环境保护	3105	5.37	--  	5.72	395706	7504	          5.57	6.73	5.74	5.71	0.035㈢	   121.29	221377312	  0.54	         40.54亿	北京	5.60	5.59	185584	210122	  0.88	5.71	3710	  0.04	
601311	骆驼股份	3.68	0.30	电气设备	558	12.88	--  	13.52	314391	5911	          3.71	5.07	13.54	13.51	0.446㈢	    22.71	417551488	  0.67	        114.62亿	湖北	13.27	13.28	144923	169468	  0.86	13.51	306	  0.48	
002044	美年健康	3.62	-0.04	医疗保健	81	17.75	--  	18.59	230148	2811	          0.98	5.07	18.66	18.59	0.133㈢	   105.16	425689600	  1.50	        435.85亿	江苏	17.94	18.50	85471	144677	  0.59	18.58	1208	 -0.15	
600741	华域汽车	3.56	0.15	汽车配件	1059	19.66	--  	20.39	190779	2244	          0.61	3.81	20.41	20.38	2.019㈢	     7.57	382796736	  0.87	        642.53亿	上海	19.67	20.06	77276	113502	  0.68	20.38	953	  0.36	
600175	美都能源	3.54	-0.37	综合类	13010	2.51	--  	2.64	721253	7372	          2.94	5.12	2.64	2.63	0.041㈢	    48.50	186791856	  0.92	         64.46亿	浙江	2.54	2.59	301350	419903	  0.72	2.63	17364	  0.34	
002429	兆驰股份	3.48	0.00	家用电器	1860	3.12	--  	3.28	624672	12896	          1.57	5.06	3.28	3.27	0.079㈢	    31.17	200604496	  0.51	        129.91亿	深圳	3.13	3.21	288697	335974	  0.86	3.27	10395	 -0.29	
600008	首创股份	3.47	0.24	环境保护	12993	4.00	--  	4.17	529746	6981	          1.10	4.47	4.18	4.17	0.090㈢	    41.43	217380272	  1.12	        201.02亿	北京	4.04	4.10	210489	319257	  0.66	4.16	9897	  0.27	
600502	安徽水利	3.27	0.00	建筑施工	1104	4.84	--  	5.07	308346	2999	          3.39	4.69	5.07	5.06	0.465㈣	    10.89	153827424	  0.50	         46.08亿	安徽	4.90	4.99	138011	170334	  0.81	5.06	5631	  0.07	
600763	通策医疗	3.22	0.41	医疗保健	880	67.37	--  	70.52	43795	573	          1.37	5.31	71.00	70.50	0.859㈢	    61.56	302370176	  1.55	        226.05亿	浙江	68.17	69.04	19570	24224	  0.81	70.50	1	  0.02	
000016	深康佳Ａ	3.14	0.00	家用电器	4275	5.35	--  	5.59	418809	3473	          2.62	6.46	5.70	5.59	0.179㈢	    23.49	231437312	  0.74	         89.25亿	深圳	5.42	5.53	190815	227993	  0.84	5.58	2293	 -0.64	
002023	海特高新	3.13	0.08	航空	1397	12.10	--  	12.86	384849	7666	          5.84	6.58	12.92	12.86	0.064㈢	   150.17	487675744	  0.82	         84.78亿	四川	12.58	12.67	199445	185404	  1.08	12.85	120	 -0.65	
600410	华胜天成	2.95	0.00	软件服务	886	8.44	--  	9.07	554311	4770	          5.04	8.06	9.15	9.07	0.046㈢	   146.48	489897664	  0.57	         99.66亿	北京	8.90	8.84	256916	297395	  0.86	9.06	344	 -0.25	
000521	长虹美菱	2.91	0.00	家用电器	4314	3.72	--  	3.89	151948	1383	          1.89	5.03	3.91	3.89	0.063㈢	    46.43	58159552	  0.60	         31.22亿	安徽	3.81	3.83	62618	89330	  0.70	3.88	793	 -0.86	
002292	奥飞娱乐	2.84	0.00	影视音像	660	7.75	--  	8.34	312895	2857	          3.85	7.41	8.35	8.33	0.053㈢	   116.79	253370640	  0.92	         67.76亿	广东	8.09	8.10	145105	167790	  0.86	8.33	747	 -0.94	
002073	软控股份	2.83	0.32	软件服务	2119	5.93	--  	6.18	300372	3518	          3.67	4.33	6.19	6.18	0.084㈢	    55.38	183099008	  0.43	         50.61亿	山东	5.97	6.10	148562	151810	  0.98	6.17	868	 -0.95	
000778	新兴铸管	2.81	0.00	钢加工	2804	4.97	--  	5.12	440768	7537	          1.12	3.01	5.12	5.12	0.454㈢	     8.46	223272000	  0.99	        200.76亿	河北	4.99	5.07	142449	298319	  0.48	5.11	512	 -0.96	
002608	江苏国信	2.77	0.10	火力发电	669	9.36	--  	10.01	240008	2328	          4.45	7.30	10.07	10.00	0.450㈢	    17.90	237001552	  1.77	         53.90亿	江苏	9.52	9.87	113073	126935	  0.89	10.00	2804	 -1.00	
002437	誉衡药业	2.77	1.56	化学制药	2626	4.83	--  	5.20	668740	10038	          3.09	7.31	5.20	5.20	0.143㈢	    27.30	336022592	  0.64	        112.69亿	黑龙江	5.01	5.02	327497	341242	  0.96	5.19	1900	 -1.01	
600825	新华传媒	2.74	0.60	出版业	798	6.33	--  	6.74	297095	6824	          2.84	6.40	6.75	6.74	0.026㈢	   197.50	194963392	  0.68	         70.43亿	上海	6.54	6.56	140467	156628	  0.90	6.73	415	 -0.46	
300195	长荣股份	2.74	0.00	轻工机械	342	10.03	--  	10.49	59945	551	          1.98	4.70	10.51	10.49	0.279㈢	    28.21	61893288	  1.00	         31.74亿	天津	10.31	10.32	27334	32611	  0.84	10.48	20	 -1.03	
002503	搜于特	2.62	0.00	服饰	9226	3.35	--  	3.53	1869881	20961	          9.57	11.05	3.73	3.53	0.182㈢	    14.54	659527424	  2.49	         68.98亿	广东	3.50	3.53	780301	1089580	  0.72	3.52	2015	 -1.16	
600557	康缘药业	2.62	0.00	中成药	225	12.89	--  	13.34	43639	308	          0.73	3.69	13.37	13.34	0.515㈢	    19.42	57616100	  0.55	         79.84亿	江苏	12.95	13.20	15708	27930	  0.56	13.33	2408	 -0.58	
002699	美盛文化	2.56	-0.40	服饰	207	8.42	--  	9.61	887354	14394	         11.22	19.87	10.28	9.60	0.124㈢	    57.88	842598848	  2.61	         75.90亿	浙江	9.90	9.50	421488	465866	  0.90	9.60	262	 -1.21	
600064	南京高科	2.41	0.17	园区开发	2820	10.92	--  	11.47	414838	4624	          3.36	5.27	11.51	11.47	0.645㈢	    13.34	467841248	  0.60	        141.76亿	江苏	11.32	11.28	184218	230619	  0.80	11.46	661	 -0.79	
002075	沙钢股份	2.36	0.00	特种钢	1140	9.61	--  	9.99	365143	4216	          1.65	4.71	10.07	9.99	0.533㈣	    18.73	361038208	  1.01	        220.46亿	江苏	9.76	9.89	163380	201763	  0.81	9.98	2984	 -1.42	
600603	广汇物流	2.34	0.19	仓储物流	995	5.10	--  	5.24	107568	890	          2.13	2.73	5.24	5.24	0.440㈣	    11.92	55876096	  0.78	         26.41亿	四川	5.13	5.19	51411	56156	  0.92	5.23	319	 -0.86	
300666	江丰电子	2.30	0.04	元器件	10	43.25	--  	44.98	43083	631	          4.83	4.18	45.09	44.98	0.207㈢	   163.31	191409728	  0.63	         40.10亿	浙江	44.06	44.43	19145	23937	  0.80	44.97	189	 -1.48	
002529	海源复材	2.19	0.00	专用机械	14	8.03	--  	8.40	63982	501	          3.20	4.63	8.41	8.39	0.024㈢	   264.75	52669648	  0.84	         16.78亿	福建	8.19	8.23	31879	32103	  0.99	8.39	603	 -1.58	
300184	力源信息	2.15	-0.15	元器件	916	11.68	--  	12.39	169166	2300	          5.52	6.60	12.48	12.38	0.545㈣	    22.74	205534640	  0.78	         37.95亿	湖北	12.16	12.15	78988	90177	  0.88	12.38	242	 -1.63	
300037	新宙邦	2.07	0.20	化工原料	42	24.50	--  	25.64	129064	1260	          5.18	5.14	25.79	25.64	0.860㈣	    30.35	325412352	  0.72	         63.84亿	深圳	25.05	25.21	62860	66203	  0.95	25.63	356	 -1.70	
000652	泰达股份	2.02	0.44	批发业	841	4.31	--  	4.56	554923	8689	          3.76	6.05	4.58	4.55	0.210㈣	    21.70	247284800	  0.57	         67.07亿	天津	4.42	4.46	279912	275011	  1.02	4.55	2765	 -1.76	
300233	金城医药	1.98	-0.10	化学制药	160	17.90	--  	18.58	34018	386	          0.96	4.72	18.76	18.57	0.598㈢	    23.30	62336368	  0.81	         65.93亿	山东	18.18	18.32	18872	15146	  1.25	18.57	77	 -1.80	
000566	海南海药	1.89	-0.25	化学制药	447	7.11	--  	7.56	465181	3750	          3.87	7.42	7.66	7.55	0.171㈢	    33.03	341649888	  1.03	         90.86亿	海南	7.35	7.34	221275	243905	  0.91	7.55	1245	 -1.89	
002149	西部材料	1.80	0.00	小金属	1224	8.54	--  	9.04	243924	2089	          5.73	6.98	9.16	9.04	0.087㈢	    77.55	216380656	  0.66	         38.45亿	陕西	8.88	8.87	123453	120471	  1.02	9.03	598	 -1.97	
000426	兴业矿业	1.79	0.16	铅锌	657	6.05	--  	6.26	313822	4238	          2.36	3.74	6.28	6.26	0.304㈢	    15.47	194784288	  0.78	         83.29亿	内蒙	6.16	6.21	137153	176669	  0.78	6.25	803	 -1.99	
601339	百隆东方	1.78	-0.16	纺织	1501	5.55	--  	5.72	77901	884	          0.52	3.39	5.74	5.71	0.292㈣	    19.58	44138816	  0.72	         85.65亿	浙江	5.60	5.67	31638	46263	  0.68	5.71	1962	 -1.42	
002782	可立克	1.72	0.07	电气设备	330	14.65	--  	15.35	76203	1835	          1.79	4.97	15.40	15.35	0.200㈣	    76.93	115087040	  0.59	         65.39亿	深圳	14.90	15.10	36381	39822	  0.91	15.34	143	 -2.05	
601811	新华文轩	1.67	-0.13	出版业	387	13.80	--  	14.59	97528	2217	          4.90	6.13	14.68	14.59	0.756㈣	    19.31	139684048	  0.80	         29.05亿	四川	14.13	14.32	45459	52069	  0.87	14.58	210	 -1.53	
002393	力生制药	1.65	-0.06	化学制药	38	27.00	--  	27.81	27591	561	          1.51	3.55	27.97	27.80	1.014㈣	    27.42	75880288	  0.46	         50.72亿	天津	27.35	27.50	13288	14303	  0.93	27.80	7	 -2.13	
603739	蔚蓝生物	1.62	-0.02	农业综合	384	30.41	--  	31.44	55506	885	         14.35	3.46	31.48	31.43	0.338㈢	    69.70	172689168	  0.60	         12.15亿	山东	30.48	31.11	29366	26139	  1.12	31.43	110	 -1.58	
600220	江苏阳光	1.58	0.63	纺织	2739	3.05	--  	3.21	427131	5253	          2.40	5.70	3.23	3.21	0.052㈢	    46.53	134965488	  0.50	         57.25亿	江苏	3.12	3.16	212223	214907	  0.99	3.20	496	 -1.62	
000981	银亿股份	1.44	-0.23	汽车配件	7375	4.01	--  	4.24	865453	8398	          3.36	6.00	4.26	4.23	0.212㈢	    14.98	359633248	  0.55	        108.89亿	甘肃	4.06	4.16	423750	441703	  0.96	4.23	6993	 -2.34	
000936	华西股份	1.43	0.09	化纤	4065	9.88	--  	10.66	574550	11602	          6.49	8.66	10.79	10.66	0.331㈢	    24.16	597309696	  0.94	         94.38亿	江苏	10.40	10.40	285795	288754	  0.99	10.65	1925	 -2.35	
601107	四川成渝	1.38	0.00	路桥	3242	4.26	--  	4.40	220359	2720	          1.02	3.46	4.41	4.40	0.298㈢	    11.06	95697464	  0.48	         95.16亿	四川	4.31	4.34	104579	115779	  0.90	4.39	253	 -1.82	
000701	厦门信达	1.30	0.00	综合类	549	7.37	--  	7.79	109812	1024	          2.70	5.72	7.81	7.79	-0.060㈢	    38.19	84011440	  0.64	         31.68亿	福建	7.74	7.65	54503	55308	  0.99	7.78	425	 -2.47	
002369	卓翼科技	1.30	-0.09	通信设备	1329	9.83	--  	10.17	397013	6576	          9.46	4.09	10.24	10.16	0.078㈢	    98.17	400341280	  0.71	         42.63亿	深圳	10.03	10.08	210014	186999	  1.12	10.16	1596	 -2.48	
002713	东易日盛	1.11	0.58	装修装饰	50	20.00	--  	20.91	30082	707	          1.20	5.27	21.09	20.91	0.322㈢	    48.77	61579212	  0.70	         52.31亿	北京	20.64	20.47	17033	13048	  1.31	20.90	165	 -2.66	
600120	浙江东方	1.02	0.00	商贸代理	1152	16.88	--  	17.91	211539	1263	          3.18	6.66	18.06	17.90	0.805㈣	    22.24	368333280	  1.02	        119.06亿	浙江	17.41	17.41	105426	106113	  0.99	17.90	662	 -2.18	
000100	TCL 集团	1.00	0.00	家用电器	20354	3.93	--  	4.07	3573685	57109	          2.79	3.73	4.08	4.06	0.256㈣	    15.86	1439043584	  0.45	        519.18亿	广东	3.99	4.03	1701481	1872203	  0.91	4.06	79370	 -2.78	
300701	森霸传感	0.96	0.00	元器件	38	36.50	--  	37.79	15381	422	          6.78	3.69	37.88	37.79	0.653㈢	    43.40	57480928	  0.60	          8.57亿	河南	37.30	37.37	7691	7690	  1.00	37.78	77	 -2.81	
002543	万和电气	0.75	-0.46	家用电器	513	14.23	--  	14.88	49531	678	          1.02	5.22	15.00	14.85	0.644㈢	    17.28	72728616	  1.39	         72.06亿	广东	14.67	14.68	21078	28452	  0.74	14.85	11	 -3.03	
603006	联明股份	0.53	0.00	汽车配件	98	14.69	--  	15.28	74382	899	          7.44	4.47	15.37	15.28	0.350㈢	    33.32	112004232	  0.69	         15.27亿	上海	15.10	15.06	39743	34638	  1.15	15.27	76	 -2.67	
002042	华孚时尚	0.26	0.00	纺织	2119	7.68	--  	7.77	158487	2037	          1.04	2.45	7.87	7.77	0.482㈢	    12.10	123002920	  0.78	        117.93亿	安徽	7.68	7.76	95181	63306	  1.50	7.76	1753	 -3.52	
002491	通鼎互联	0.19	0.19	通信设备	877	10.32	--  	10.83	445486	4700	          3.79	5.19	10.88	10.82	0.372㈢	    21.80	474120160	  1.18	        127.22亿	江苏	10.62	10.64	209300	236185	  0.89	10.82	706	 -3.59	
603733	仙鹤股份	0.00	-0.24	造纸	1066	18.88	--  	19.59	115745	2183	         18.67	7.25	20.30	19.58	0.430㈢	    35.92	228284832	  0.66	         12.14亿	浙江	19.58	19.72	59652	56092	  1.06	19.58	276	 -3.20	
600624	复旦复华	0.00	-0.32	综合类	1989	11.43	--  	12.09	1134981	21233	         16.58	6.79	12.25	12.08	0.048㈢	   187.82	1339773568	  0.68	         82.71亿	上海	11.71	11.80	562551	572429	  0.98	12.08	2380	 -3.20	
600547	山东黄金	-1.74	0.03	黄金	3311	30.27	--  	31.09	355077	528	          2.45	2.69	31.12	31.08	0.410㈢	    67.01	1089907200	  1.46	        451.13亿	山东	30.66	30.69	182152	172924	  1.05	31.08	300	 -4.94	
600020	中原高速	-1.80	-0.60	路桥	4056	6.24	--  	6.56	977635	20432	          4.35	6.60	6.68	6.55	0.290㈢	    11.28	633203008	  0.70	        147.20亿	河南	6.55	6.48	513719	463915	  1.11	6.55	2960	 -5.00	
600867	通化东宝	-2.03	0.29	生物制药	3820	16.50	--  	17.37	821326	8761	          4.20	6.60	17.67	17.36	0.338㈢	    38.51	1404184192	  0.84	        339.17亿	吉林	17.16	17.10	423316	398010	  1.06	17.36	604	 -5.23	
000810	创维数字	-2.39	0.00	家用电器	634	11.00	--  	11.43	444484	6443	          4.58	5.47	11.64	11.42	0.320㈣	    37.40	503619360	  0.76	        110.86亿	四川	11.30	11.33	232554	211929	  1.10	11.42	392	 -6.17	
002634	棒杰股份	-3.44	0.00	服饰	1693	5.96	--  	6.17	187900	2198	          6.95	6.57	6.38	6.17	0.054㈢	    85.22	115362888	  0.94	         16.67亿	浙江	6.20	6.14	104262	83638	  1.25	6.16	1242	 -7.22	
300654	世纪天鸿	-5.67	-0.31	出版业	568	18.02	--  	18.66	199729	3929	         32.12	5.16	19.04	18.65	0.158㈢	    88.53	368526304	  1.89	         11.60亿	山东	18.50	18.45	111747	87982	  1.27	18.65	702	 -9.44	
300236	上海新阳	-5.83	-0.06	半导体	19	40.00	--  	41.81	172907	3821	          9.09	6.31	42.80	41.80	-0.013㈢	--  	718035264	  1.07	         79.51亿	上海	42.19	41.53	94090	78817	  1.19	41.80	12	 -9.61	
002077	大港股份	-7.40	-0.14	区域地产	1404	6.69	--  	6.88	688342	14259	         12.95	6.06	7.14	6.88	-0.181㈢	--  	470234048	  1.01	         36.58亿	江苏	6.88	6.83	354835	333506	  1.06	6.87	1142	-11.18	
300407	凯发电气	-8.52	-0.09	电气设备	1239	9.61	--  	9.78	268334	4782	         16.18	7.02	10.36	9.77	0.019㈢	   392.08	263932336	  1.97	         16.21亿	天津	10.02	9.84	149503	118831	  1.26	9.77	234	-12.30	
600278	东方创业	-9.96	0.06	商贸代理	2583	16.89	--  	16.91	936500	3479	         17.93	13.37	19.40	16.90	0.199㈢	    63.66	1631312384	  3.35	         88.26亿	上海	18.43	17.42	454693	481807	  0.94	16.90	591	-13.16	
数据来源:通达信
