代码	名称	涨幅%%	涨速%%	细分行业	买量	最低	未匹配量	卖价	总量	现量	换手%%	振幅%%	最高	现价	每股收益	市盈(动)	总金额	量比	流通市值	地区	今开	均价	内盘	外盘	内外比	买价	卖量	强弱度%%	
002600	领益智造	10.09	0.00	元器件	248154	5.62	--  	--  	1954521	1569	         13.14	6.97	6.00	6.00	-0.050㈢	--  	1158442624	  0.64	         89.27亿	广东	6.00	5.93	1404683	549838	  2.55	6.00	0	  7.73	
000758	中色股份	5.47	0.40	铅锌	8585	4.78	--  	5.02	930588	6198	          4.73	8.21	5.17	5.01	0.086㈢	    43.61	463722880	  1.46	         98.66亿	北京	4.85	4.98	465752	464835	  1.00	5.01	1257	  3.11	
600614	鹏起科技	4.62	0.99	综合类	860	5.79	--  	6.11	1158927	19342	          7.67	7.53	6.23	6.11	0.091㈢	    50.26	698995264	  0.80	         92.35亿	上海	5.84	6.03	558476	600451	  0.93	6.10	673	  3.50	
300127	银河磁体	3.63	0.15	元器件	626	12.66	--  	13.15	81202	1466	          3.58	4.65	13.25	13.14	0.383㈢	    25.75	104730280	  1.90	         29.84亿	四川	12.74	12.90	40641	40561	  1.00	13.14	766	  1.26	
000969	安泰科技	2.50	-0.15	钢加工	120	6.01	--  	6.17	192745	955	          2.13	3.66	6.23	6.16	-0.078㈢	--  	118624928	  0.83	         55.74亿	北京	6.01	6.15	91710	101035	  0.91	6.16	241	  0.13	
300340	科恒股份	2.12	-0.16	元器件	1994	17.13	--  	17.34	177103	1520	         11.57	6.54	18.24	17.33	0.240㈢	    54.17	312690528	  1.33	         26.52亿	广东	18.20	17.66	95360	81743	  1.17	17.33	92	 -0.24	
600058	五矿发展	1.88	0.62	商贸代理	50	7.96	--  	8.11	94779	687	          0.88	5.40	8.39	8.11	-0.369㈢	--  	77079800	  1.03	         86.93亿	北京	7.96	8.13	41844	52934	  0.79	8.10	449	  0.76	
300748	金力永磁	1.83	0.82	元器件	1034	26.10	--  	27.21	131721	2487	         31.66	6.44	27.82	27.20	0.390㈣	    76.40	353569536	  0.99	         11.32亿	江西	26.62	26.84	66555	65166	  1.02	27.20	10	 -0.53	
600259	广晟有色	1.76	0.42	小金属	93	25.51	--  	26.10	79675	1991	          3.04	3.90	26.51	26.09	-0.448㈢	--  	207988448	  0.86	         68.39亿	海南	25.75	26.10	39817	39858	  1.00	26.09	507	  0.63	
002002	鸿达兴业	1.67	-0.19	化工原料	3532	4.72	--  	4.87	1150509	8133	          4.51	6.47	5.03	4.87	0.257㈢	    14.22	557865344	  0.82	        124.14亿	江苏	4.79	4.85	567634	582875	  0.97	4.86	4142	 -0.69	
600010	包钢股份	1.67	0.55	普钢	55296	1.80	--  	1.83	6899712	32658	          2.18	3.89	1.87	1.83	0.051㈢	    27.16	1259909760	  0.77	        579.69亿	内蒙	1.81	1.83	3450409	3449302	  1.00	1.82	176810	  0.55	
600392	盛和资源	1.57	0.39	小金属	2281	10.18	--  	10.38	763580	5656	          5.32	4.40	10.63	10.38	0.193㈢	    40.41	794635200	  0.98	        148.88亿	四川	10.25	10.41	363334	400246	  0.91	10.37	1465	  0.44	
002057	中钢天源	1.47	0.00	元器件	348	6.78	--  	6.89	76256	864	          2.39	3.83	7.04	6.89	0.277㈢	    18.64	52652212	  1.02	         22.02亿	安徽	6.84	6.90	32910	43346	  0.76	6.88	266	 -0.89	
000795	英洛华	1.41	0.00	矿物制品	3476	4.25	--  	4.32	248312	2436	          2.80	3.29	4.39	4.31	0.060㈢	    53.49	107358744	  0.94	         38.20亿	山西	4.26	4.32	114407	133905	  0.85	4.31	1766	 -0.95	
000636	风华高科	1.37	0.00	元器件	6058	13.79	--  	14.11	972484	8593	         10.86	5.10	14.50	14.10	0.992㈢	    10.66	1383172224	  0.93	        126.22亿	广东	14.08	14.22	490776	481707	  1.02	14.10	1319	 -1.00	
000831	五矿稀土	1.21	0.30	小金属	790	9.90	--  	10.03	312962	1424	          3.19	3.53	10.25	10.03	0.082㈢	    92.25	315197344	  0.98	         98.38亿	山西	9.95	10.07	161214	151748	  1.06	10.02	202	 -1.15	
600111	北方稀土	1.21	0.09	小金属	1977	10.78	--  	10.92	1293889	12877	          3.56	3.90	11.20	10.91	0.104㈢	    78.36	1420546432	  0.89	        396.37亿	内蒙	10.94	10.98	658360	635528	  1.04	10.91	2067	  0.08	
601600	中国铝业	1.18	0.47	铝	8311	4.24	--  	4.30	2009587	10920	          1.83	3.76	4.40	4.30	0.080㈢	    36.69	867119104	  1.00	        471.27亿	北京	4.25	4.31	1007215	1002371	  1.00	4.29	13990	  0.05	
300066	三川智慧	1.12	0.00	电器仪表	8188	4.42	--  	4.51	388566	2306	          3.90	6.07	4.69	4.50	0.080㈢	    42.30	176435984	  1.08	         44.82亿	江西	4.49	4.54	185065	203501	  0.91	4.50	2442	 -1.24	
600206	有研新材	1.09	0.12	半导体	352	8.24	--  	8.32	320217	2206	          3.82	3.28	8.51	8.32	0.080㈢	    77.60	268202720	  0.93	         69.79亿	北京	8.30	8.38	163366	156851	  1.04	8.31	262	 -0.03	
600549	厦门钨业	1.05	0.07	小金属	615	14.30	--  	14.45	306556	1629	          2.18	3.01	14.73	14.44	0.318㈢	    34.02	446036800	  1.03	        203.03亿	福建	14.42	14.55	147604	158951	  0.93	14.44	599	 -0.07	
000993	闽东电力	1.05	0.17	水力发电	747	5.58	--  	5.79	147956	4245	          3.97	4.90	5.86	5.78	-0.180㈢	--  	84859152	  0.93	         21.56亿	福建	5.60	5.74	75889	72066	  1.05	5.78	1969	 -1.32	
600362	江西铜业	1.02	0.25	铜	2747	15.75	--  	15.85	526204	4230	          2.54	2.61	16.16	15.85	0.591㈢	    20.13	839147264	  1.09	        328.93亿	江西	15.85	15.95	272751	253453	  1.08	15.84	235	 -0.10	
002240	威华股份	0.88	-0.10	家居用品	744	9.10	--  	9.21	160481	2544	          3.27	2.63	9.34	9.20	0.299㈣	    30.78	148242736	  0.98	         45.14亿	广东	9.13	9.24	77857	82623	  0.94	9.20	54	 -1.49	
600330	天通股份	0.77	-0.12	元器件	570	7.74	--  	7.88	407684	2634	          4.09	4.23	8.07	7.87	0.234㈢	    25.22	322621120	  0.81	         78.43亿	浙江	7.87	7.91	210251	197433	  1.06	7.87	3177	 -0.35	
600980	北矿科技	0.61	-0.16	元器件	335	11.55	--  	11.60	38188	364	          2.51	2.69	11.86	11.60	0.200㈢	    43.84	44755468	  1.08	         17.66亿	北京	11.65	11.72	19168	19020	  1.01	11.59	272	 -0.51	
000970	中科三环	0.54	0.33	元器件	248	9.17	--  	9.26	304192	2149	          2.86	4.13	9.55	9.25	0.176㈢	    39.37	284636896	  1.14	         98.53亿	北京	9.22	9.36	158476	145715	  1.09	9.25	251	 -1.82	
600366	宁波韵升	0.49	0.33	电器仪表	1656	6.06	--  	6.12	314809	1169	          3.18	3.45	6.27	6.11	0.066㈢	    69.45	193889600	  1.03	         60.43亿	浙江	6.14	6.16	166468	148341	  1.12	6.11	1410	 -0.63	
002056	横店东磁	0.29	0.29	元器件	577	6.93	--  	6.99	434992	4008	          2.65	3.16	7.15	6.98	0.306㈢	    17.13	306482400	  1.22	        114.65亿	浙江	6.99	7.05	238336	196655	  1.21	6.98	704	 -2.08	
300224	正海磁材	0.28	0.28	元器件	48	7.04	--  	7.16	88886	241	          1.21	3.78	7.31	7.16	0.070㈢	    76.54	63952544	  1.29	         52.70亿	山东	7.24	7.19	32124	56762	  0.57	7.15	146	 -2.08	
600193	*ST创兴	0.00	0.26	装修装饰	803	3.84	--  	3.89	73696	277	          1.73	3.60	3.98	3.89	0.045㈢	    64.36	28891434	  1.14	         16.55亿	上海	3.93	3.92	41362	32334	  1.28	3.88	488	 -1.12	
600478	科力远	-0.39	0.20	元器件	1274	5.03	--  	5.13	348466	1682	          2.37	4.09	5.24	5.12	0.002㈢	  1544.50	179039856	  0.99	         75.25亿	湖南	5.11	5.14	185140	163326	  1.13	5.12	2041	 -1.51	
数据来源:通达信
