代码	名称	涨幅%%	涨速%%	细分行业	买量	最低	未匹配量	卖价	总量	现量	换手%%	振幅%%	最高	现价	每股收益	市盈(动)	总金额	量比	流通市值	地区	今开	均价	内盘	外盘	内外比	买价	卖量	强弱度%%	
300203	聚光科技	10.02	0.00	环境保护	568	26.37	--  	--  	318027	644	          7.04	9.18	28.77	28.77	0.928㈢	    23.26	898723328	  3.72	        129.94亿	浙江	26.50	28.26	158936	159090	  1.00	28.77	0	  7.65	
300072	三聚环保	9.96	0.00	环境保护	69724	10.09	--  	--  	549220	965	          2.58	9.46	11.04	11.04	0.529㈢	    15.65	594242560	  1.01	        235.07亿	北京	10.10	10.82	329353	219867	  1.50	11.04	0	  7.60	
300249	依米康	9.95	0.00	软件服务	43928	6.46	--  	--  	213078	379	          7.00	9.49	7.07	7.07	0.135㈢	    39.32	146507360	  2.05	         21.53亿	四川	6.47	6.88	96516	116561	  0.83	7.07	0	  7.59	
300156	神雾环保	9.90	0.70	环境保护	3259	3.93	--  	4.33	983697	10486	         13.63	10.15	4.33	4.33	-0.245㈢	--  	415999872	  1.93	         31.25亿	北京	3.96	4.23	459655	524041	  0.88	4.32	2984	  7.53	
002573	清新环境	6.87	0.00	环境保护	3379	8.71	--  	9.33	483336	4388	          4.48	9.85	9.57	9.33	0.458㈢	    15.28	444100640	  1.65	        100.64亿	北京	8.80	9.19	232727	250608	  0.93	9.32	120	  4.51	
600526	菲达环保	5.28	0.18	环境保护	167	5.20	--  	5.59	265844	2924	          4.86	8.68	5.66	5.58	0.027㈢	   155.20	144134576	  1.08	         30.55亿	浙江	5.20	5.42	128755	137088	  0.94	5.58	290	  4.16	
300137	先河环保	5.24	-0.08	环境保护	1899	10.43	--  	10.85	363448	2769	          7.67	6.60	11.11	10.84	0.267㈢	    30.43	394700128	  1.17	         51.37亿	河北	10.43	10.86	174178	189269	  0.92	10.84	708	  2.88	
600388	龙净环保	5.10	0.38	环境保护	38	12.50	--  	13.19	245951	5780	          2.30	6.06	13.26	13.19	0.496㈢	    19.96	319690304	  1.60	        141.01亿	福建	12.57	13.00	123918	122032	  1.02	13.18	522	  3.98	
600459	贵研铂业	4.97	-0.05	小金属	256	14.81	--  	15.64	429574	3675	         12.66	10.48	16.37	15.63	0.354㈢	    33.11	668158336	  1.90	         53.03亿	云南	15.20	15.55	204033	225540	  0.90	15.63	284	  3.85	
002076	雪 莱 特	4.84	0.82	家用电器	1785	3.51	--  	3.69	421045	9719	          9.45	5.41	3.70	3.68	-0.071㈢	--  	151757472	  1.52	         16.39亿	广东	3.53	3.60	159926	261118	  0.61	3.68	4841	  2.48	
000425	徐工机械	4.49	0.24	工程机械	6142	4.06	--  	4.19	2567525	12265	          3.67	6.23	4.31	4.19	0.192㈢	    16.33	1077102976	  1.93	        293.03亿	江苏	4.09	4.20	1176275	1391250	  0.85	4.18	6369	  2.12	
002658	雪迪龙	4.02	0.24	环境保护	125	8.00	--  	8.30	87913	522	          2.89	4.89	8.39	8.29	0.230㈢	    26.95	72502032	  1.70	         25.26亿	北京	8.06	8.25	41694	46219	  0.90	8.29	1289	  1.65	
600187	国中水务	3.77	0.00	水务	1737	3.18	--  	3.31	832492	2996	          5.72	6.92	3.40	3.30	0.006㈢	   430.77	274680032	  1.30	         48.04亿	黑龙江	3.24	3.30	368854	463638	  0.80	3.30	4006	  2.65	
300090	盛运环保	3.67	0.00	环境保护	149	2.44	--  	2.55	1259013	18568	         11.02	7.35	2.62	2.54	-0.159㈢	--  	320223712	  1.02	         29.01亿	安徽	2.45	2.54	561561	697451	  0.81	2.54	3873	  1.31	
600292	远达环保	3.29	0.16	环境保护	270	6.08	--  	6.28	185982	1351	          2.38	5.26	6.40	6.28	0.138㈢	    34.14	116606496	  1.60	         49.04亿	重庆	6.10	6.27	96950	89031	  1.09	6.27	528	  2.17	
300172	中电环保	3.15	0.16	环境保护	371	6.01	--  	6.23	148270	2309	          4.28	4.80	6.30	6.23	0.189㈢	    24.77	91806368	  1.65	         21.56亿	江苏	6.06	6.19	71329	76941	  0.93	6.22	11	  0.78	
000915	山大华特	3.01	0.84	化学制药	89	18.55	--  	19.15	115612	641	          4.95	6.14	19.69	19.14	0.611㈢	    23.48	220956368	  1.55	         44.68亿	山东	18.80	19.11	50570	65041	  0.78	19.14	82	  0.65	
002499	科林环保	3.00	0.24	环境保护	107	8.07	--  	8.27	67353	212	          3.56	4.99	8.47	8.25	0.118㈢	    52.40	55814112	  1.26	         15.59亿	江苏	8.07	8.29	30330	37023	  0.82	8.25	28	  0.63	
000652	泰达股份	2.80	1.25	批发业	477	3.94	--  	4.04	543363	6206	          3.69	5.34	4.15	4.04	0.049㈢	    61.79	218534192	  0.93	         59.55亿	天津	4.03	4.02	288097	255266	  1.13	4.03	299	  0.43	
300007	汉威科技	2.21	0.00	电器仪表	252	11.50	--  	11.58	187856	1398	          8.28	7.33	12.33	11.58	0.309㈢	    28.10	222564176	  1.35	         26.28亿	河南	11.85	11.85	98756	89099	  1.11	11.57	170	 -0.16	
300140	中环装备	2.04	0.20	电气设备	414	9.76	--  	9.98	172901	1770	          7.00	5.11	10.26	9.98	-0.080㈢	--  	172951168	  1.06	         24.64亿	陕西	9.87	10.00	88622	84279	  1.05	9.97	704	 -0.32	
002549	凯美特气	1.97	0.32	环境保护	539	6.10	--  	6.21	164963	2571	          2.66	3.45	6.31	6.20	0.114㈢	    40.91	102823880	  0.98	         38.45亿	湖南	6.12	6.23	83777	81186	  1.03	6.20	291	 -0.39	
300012	华测检测	1.97	0.00	电器仪表	655	8.10	--  	8.28	429626	2313	          2.86	5.30	8.53	8.27	0.097㈢	    63.67	357980480	  1.22	        124.44亿	深圳	8.13	8.33	200021	229604	  0.87	8.27	718	 -0.39	
600499	科达洁能	1.85	0.36	专用机械	490	5.40	--  	5.50	260498	765	          1.85	4.26	5.63	5.50	0.200㈢	    20.59	144257424	  1.26	         77.63亿	广东	5.47	5.54	119810	140687	  0.85	5.49	1447	  0.73	
600630	龙头股份	1.83	-0.12	纺织	1056	7.68	--  	7.80	147724	832	          3.48	3.39	7.94	7.80	0.125㈢	    46.71	115150192	  1.26	         33.14亿	上海	7.69	7.79	66220	81504	  0.81	7.79	321	  0.71	
300152	科融环境	1.81	1.44	环境保护	6280	2.66	--  	2.82	1080780	11363	         15.16	7.94	2.88	2.82	-0.367㈢	--  	303016800	  1.10	         20.10亿	江苏	2.66	2.80	545920	534859	  1.02	2.81	3049	 -0.56	
300187	永清环保	1.77	-0.15	环境保护	1009	6.25	--  	6.34	146295	1044	          2.30	3.54	6.47	6.33	0.031㈢	   154.06	93482184	  1.25	         40.21亿	湖南	6.27	6.39	73261	73033	  1.00	6.33	345	 -0.60	
000005	世纪星源	1.76	0.58	房产服务	1681	3.40	--  	3.48	321333	2413	          3.04	4.69	3.56	3.47	0.006㈢	   421.76	111408264	  1.07	         36.71亿	深圳	3.41	3.47	150099	171234	  0.88	3.47	163	 -0.60	
002246	北化股份	1.54	0.38	化工原料	498	7.77	--  	7.92	110445	1384	          2.45	3.85	8.07	7.92	0.137㈢	    43.44	87267632	  1.33	         35.63亿	四川	7.83	7.90	52281	58164	  0.90	7.91	93	 -0.83	
300165	天瑞仪器	1.47	0.00	电器仪表	102	4.76	--  	4.85	157641	1213	          5.00	4.19	4.96	4.84	0.104㈢	    35.00	76562408	  1.34	         15.25亿	江苏	4.80	4.86	76889	80751	  0.95	4.84	660	 -0.90	
300385	雪浪环境	1.41	-0.35	环境保护	11	16.20	--  	16.62	32045	177	          5.53	7.40	17.41	16.59	0.379㈢	    32.85	54066120	  1.32	          9.61亿	江苏	16.50	16.87	18968	13077	  1.45	16.59	18	 -0.96	
300285	国瓷材料	1.12	0.05	陶瓷	4	19.41	--  	19.80	100042	285	          2.45	4.90	20.37	19.80	0.870㈣	    23.42	198806320	  1.13	         80.92亿	山东	19.80	19.87	45592	54449	  0.84	19.79	208	 -1.24	
300105	龙源技术	0.90	-0.43	电器仪表	552	4.43	--  	4.49	87917	253	          1.71	4.05	4.61	4.48	-0.010㈢	--  	39795648	  1.07	         22.99亿	山东	4.45	4.53	42256	45660	  0.93	4.48	128	 -1.46	
002203	海亮股份	0.85	0.12	铜	620	8.21	--  	8.28	121678	916	          0.74	1.71	8.35	8.28	0.410㈢	    17.54	100731344	  1.43	        135.28亿	浙江	8.22	8.28	71478	50200	  1.42	8.27	135	 -1.51	
000581	威孚高科	0.85	0.19	汽车配件	86	21.25	--  	21.43	137276	657	          1.64	3.25	21.94	21.43	2.037㈢	     7.89	296963616	  1.36	        179.26亿	江苏	21.40	21.63	67669	69606	  0.97	21.42	178	 -1.52	
300056	三维丝	0.84	-0.16	环境保护	535	5.92	--  	6.01	72933	684	          3.38	5.21	6.23	6.00	-0.102㈢	--  	44465336	  1.20	         12.95亿	福建	5.97	6.10	35584	37349	  0.95	6.00	413	 -1.52	
603177	德创环保	0.74	0.18	环境保护	916	10.78	--  	10.93	62413	593	         10.11	6.09	11.44	10.92	0.010㈢	   798.91	69215264	  1.24	          6.74亿	浙江	10.91	11.09	31690	30722	  1.03	10.92	41	 -0.38	
000551	创元科技	0.74	0.15	专用机械	968	6.82	--  	6.84	84284	958	          2.11	1.91	6.95	6.84	0.200㈢	    25.60	58017716	  1.25	         27.37亿	江苏	6.85	6.88	41162	43121	  0.95	6.83	134	 -1.63	
002322	理工环科	0.61	0.17	软件服务	282	11.44	--  	11.51	60823	722	          1.69	4.28	11.93	11.51	0.370㈢	    23.91	71088896	  1.05	         41.53亿	浙江	11.58	11.69	32009	28813	  1.11	11.50	847	 -1.75	
002145	中核钛白	0.49	0.49	化工原料	2059	4.01	--  	4.08	416474	6103	          4.16	2.96	4.13	4.08	0.253㈣	    16.11	169786320	  1.02	         40.81亿	甘肃	4.06	4.08	203075	213399	  0.95	4.07	3809	 -1.87	
601908	京运通	0.24	0.00	电气设备	848	4.11	--  	4.13	324262	2412	          1.63	2.68	4.22	4.12	0.240㈢	    12.85	134633040	  0.95	         82.11亿	北京	4.12	4.15	163296	160966	  1.01	4.12	2096	 -0.88	
603601	再升科技	0.24	0.00	玻璃	90	8.49	--  	8.53	45145	250	          0.84	2.24	8.68	8.52	0.220㈢	    28.52	38777716	  1.14	         46.06亿	重庆	8.55	8.59	24776	20368	  1.22	8.52	204	 -0.89	
002341	新纶科技	0.00	-0.16	化工原料	78	11.70	--  	11.82	535393	4057	          8.56	3.13	12.07	11.81	0.280㈢	    33.32	636278336	  0.74	         73.84亿	深圳	11.86	11.88	290806	244587	  1.19	11.81	1111	 -2.36	
000925	众合科技	0.00	0.00	专用机械	1177	7.23	--  	7.30	197507	2425	          4.32	3.16	7.46	7.29	0.074㈢	    73.51	145416112	  1.09	         33.35亿	浙江	7.35	7.36	114103	83403	  1.37	7.29	691	 -2.36	
002126	银轮股份	-0.12	0.00	汽车配件	426	8.47	--  	8.51	197298	1009	          2.57	3.29	8.75	8.51	0.354㈢	    18.02	169496016	  1.56	         65.22亿	浙江	8.70	8.59	113713	83584	  1.36	8.50	52	 -2.48	
数据来源:通达信
