代码	名称	涨幅%%	涨速%%	细分行业	买量	最低	未匹配量	卖价	总量	现量	换手%%	振幅%%	最高	现价	每股收益	市盈(动)	总金额	量比	流通市值	地区	今开	均价	内盘	外盘	内外比	买价	卖量	强弱度%%	
002017	东信和平	10.01	0.00	通信设备	41911	14.70	--  	--  	223620	290	          6.48	5.61	15.49	15.49	0.089㈢	   131.12	340768896	  0.45	         53.46亿	广东	14.84	15.24	101038	122581	  0.82	15.49	0	  7.65	
300720	海川智能	9.24	-0.09	电器仪表	137	28.04	--  	28.84	72249	459	         30.00	3.79	29.04	28.84	0.409㈢	    52.93	207902016	  3.31	          6.95亿	广东	29.04	28.78	42024	30225	  1.39	28.83	73	  6.88	
600383	金地集团	8.03	1.06	全国地产	1320	11.55	--  	12.38	978696	11398	          2.17	9.00	12.58	12.37	1.162㈢	     7.98	1186030720	  2.51	        558.45亿	深圳	11.60	12.12	470455	508241	  0.93	12.37	1001	  6.91	
600685	中船防务	6.27	0.19	船舶	1879	14.60	--  	15.77	298332	8528	          3.63	8.43	15.85	15.76	-0.408㈢	--  	450750720	  1.29	        129.46亿	广东	14.78	15.11	147322	151009	  0.98	15.76	384	  5.15	
600185	格力地产	4.66	0.20	区域地产	690	4.73	--  	4.94	319166	3502	          1.55	8.90	5.15	4.94	0.190㈢	    19.57	156957184	  1.93	        101.77亿	广东	4.74	4.92	143494	175671	  0.82	4.93	1319	  3.54	
002869	金溢科技	4.42	0.43	通信设备	8	18.17	--  	18.89	49119	669	         10.81	8.57	19.72	18.89	-0.021㈢	--  	92816392	  2.09	          8.59亿	深圳	18.25	18.90	22514	26604	  0.85	18.85	33	  2.06	
000040	东旭蓝天	4.18	0.37	新型电力	2075	7.93	--  	8.23	728186	7155	          6.87	4.43	8.28	8.23	1.050㈢	     6.53	592916608	  1.56	         87.26亿	深圳	7.93	8.14	327378	400807	  0.82	8.22	2158	  1.81	
600048	保利地产	4.12	0.14	全国地产	4935	13.39	--  	13.91	2891193	19770	          2.46	7.04	14.33	13.90	0.810㈢	    12.92	3999716608	  1.79	       1636.44亿	广东	13.40	13.83	1369550	1521643	  0.90	13.90	845	  3.00	
000062	深圳华强	3.92	0.00	批发业	151	20.15	--  	20.96	98178	1717	          1.39	7.44	21.65	20.95	0.719㈢	    21.84	202649504	  1.59	        147.87亿	深圳	20.20	20.64	48903	49274	  0.99	20.95	49	  1.55	
001979	招商蛇口	3.44	0.27	全国地产	12	21.27	--  	21.96	794809	5008	          3.38	6.55	22.66	21.95	1.020㈢	    15.72	1751412864	  1.55	        516.20亿	深圳	21.27	22.04	380458	414350	  0.92	21.95	71	  1.08	
000513	丽珠集团	3.03	-0.02	中成药	121	33.69	--  	34.69	118500	691	          2.59	3.95	35.02	34.69	1.307㈢	    19.90	408496736	  0.92	        158.97亿	广东	33.70	34.47	64367	54133	  1.19	34.68	400	  0.66	
600325	华发股份	2.98	0.00	区域地产	6042	7.40	--  	7.61	689577	2524	          3.28	4.20	7.71	7.60	0.765㈢	     7.45	524260544	  1.45	        159.93亿	广东	7.43	7.60	329159	360418	  0.91	7.60	2497	  1.86	
002016	世荣兆业	2.55	0.65	区域地产	257	10.58	--  	10.86	236476	5023	          3.44	3.50	10.95	10.85	0.709㈢	    11.48	255478432	  1.09	         74.52亿	广东	10.67	10.80	109009	127467	  0.86	10.85	140	  0.19	
002314	南山控股	2.49	0.00	区域地产	1159	3.62	--  	3.70	235437	2159	          2.07	4.16	3.77	3.70	0.086㈢	    32.41	87251176	  0.95	         42.11亿	深圳	3.63	3.71	114733	120704	  0.95	3.69	994	  0.13	
000020	深华发Ａ	2.46	1.22	元器件	27	12.10	--  	12.49	33549	2546	          1.85	3.53	12.53	12.48	0.002㈢	  5328.48	41462104	  1.26	         22.61亿	深圳	12.16	12.36	13705	19844	  0.69	12.48	49	  0.10	
600393	粤泰股份	2.40	0.67	全国地产	1883	2.91	--  	3.00	830959	10257	          8.41	4.11	3.03	2.99	0.248㈢	     9.05	247016432	  0.83	         29.55亿	广东	2.95	2.97	477725	353234	  1.35	2.99	5735	  1.28	
002461	珠江啤酒	2.01	0.36	啤酒	1200	5.50	--  	5.59	193026	615	          1.42	3.65	5.70	5.59	0.143㈢	    29.29	108351112	  1.32	         76.04亿	广东	5.63	5.61	97572	95454	  1.02	5.58	695	 -0.36	
000532	华金资本	1.90	-0.16	元器件	696	11.80	--  	11.81	183264	1571	          5.34	3.36	12.19	11.81	0.060㈢	   148.27	219115664	  0.81	         40.57亿	广东	12.06	11.96	91158	92106	  0.99	11.80	227	 -0.47	
601228	广州港	1.88	0.21	港口	4941	4.80	--  	4.87	339404	5597	          2.35	2.09	4.90	4.87	0.116㈢	    31.52	164805712	  0.96	         70.28亿	广东	4.83	4.86	166294	173110	  0.96	4.86	3021	  0.76	
000042	中洲控股	1.83	-0.07	全国地产	318	12.53	--  	12.78	55663	471	          0.84	3.59	12.98	12.77	1.139㈢	     8.41	71217040	  1.47	         84.54亿	深圳	12.62	12.79	29803	25859	  1.15	12.77	4	 -0.53	
000006	深振业Ａ	1.80	0.16	区域地产	2528	6.08	--  	6.23	406671	5738	          3.02	4.41	6.35	6.23	0.373㈢	    12.53	252718656	  1.26	         84.00亿	深圳	6.12	6.21	208024	198646	  1.05	6.22	1153	 -0.57	
000036	华联控股	1.72	0.00	全国地产	631	6.36	--  	6.53	221234	1599	          1.95	4.52	6.65	6.52	0.647㈢	     7.56	144192752	  1.42	         74.09亿	深圳	6.41	6.52	101408	119825	  0.85	6.52	113	 -0.65	
000987	越秀金控	1.71	0.47	多元金融	1086	10.51	--  	10.73	214741	1683	          3.99	6.64	11.21	10.72	0.130㈢	    75.44	233582560	  0.97	         57.71亿	广东	11.08	10.88	118453	96288	  1.23	10.72	238	 -0.66	
600684	珠江实业	1.39	0.00	全国地产	4324	5.01	--  	5.10	456305	1616	          5.35	4.18	5.22	5.09	0.350㈢	    10.92	233778288	  1.23	         43.44亿	广东	5.05	5.12	236879	219426	  1.08	5.09	3542	  0.27	
002492	恒基达鑫	1.31	0.00	仓储物流	1236	6.10	--  	6.20	215567	1225	          5.41	2.95	6.28	6.19	0.128㈢	    36.16	133238464	  1.16	         24.64亿	广东	6.12	6.18	102210	113356	  0.90	6.19	855	 -1.06	
001872	招商港口	1.22	0.06	港口	23	17.03	--  	17.39	64283	428	          1.38	3.90	17.70	17.38	0.700㈢	    51.58	111975816	  1.20	         80.79亿	深圳	17.22	17.42	30703	33580	  0.91	17.38	119	 -1.14	
000025	特 力Ａ	1.20	-0.06	汽车服务	308	28.41	--  	28.76	68906	530	          2.54	2.71	29.18	28.75	0.121㈢	   178.85	198793824	  0.92	         77.88亿	深圳	28.42	28.85	32267	36639	  0.88	28.75	15	 -1.17	
000601	韶能股份	1.12	0.22	水力发电	546	4.45	--  	4.51	127069	311	          1.18	3.60	4.61	4.50	0.249㈢	    13.57	57682184	  1.19	         48.59亿	广东	4.45	4.54	60260	66809	  0.90	4.50	281	 -1.24	
002180	纳思达	1.10	0.00	电脑设备	37	25.60	--  	25.80	71294	413	          0.71	2.59	26.26	25.80	0.466㈢	    41.49	185431584	  1.02	        257.48亿	广东	25.90	26.01	35922	35371	  1.02	25.79	67	 -1.27	
000088	盐 田 港	1.09	-0.14	港口	450	6.47	--  	6.51	246599	1186	          1.27	2.02	6.60	6.50	0.154㈢	    31.75	161058496	  0.94	        126.24亿	深圳	6.48	6.53	121870	124728	  0.98	6.50	219	 -1.28	
000014	沙河股份	1.08	0.18	全国地产	1248	10.96	--  	11.21	133882	1611	          6.64	3.97	11.40	11.20	0.011㈢	   748.18	150157936	  1.03	         22.59亿	深圳	10.96	11.22	61442	72439	  0.85	11.20	320	 -1.28	
002005	德豪润达	1.08	0.00	家用电器	6687	2.78	--  	2.82	578405	4275	          3.60	6.09	2.95	2.82	0.008㈢	   272.35	164574304	  0.86	         45.37亿	广东	2.79	2.85	281066	297339	  0.95	2.81	1782	 -1.29	
000893	*ST东凌	1.07	0.00	食品	200	4.69	--  	4.74	35494	93	          0.89	3.84	4.87	4.74	0.004㈢	   829.83	16989760	  0.99	         19.00亿	广东	4.69	4.79	19014	16480	  1.15	4.73	390	 -1.30	
002063	远光软件	0.99	-0.11	软件服务	1741	8.08	--  	8.16	331512	1522	          4.35	3.72	8.38	8.15	0.154㈢	    39.67	273227232	  1.19	         62.06亿	广东	8.16	8.24	164971	166541	  0.99	8.15	239	 -1.37	
000529	广弘控股	0.96	0.00	食品	1364	6.21	--  	6.29	191688	1733	          3.36	2.89	6.39	6.28	0.178㈢	    26.41	120683296	  0.68	         35.79亿	广东	6.29	6.30	94987	96700	  0.98	6.28	568	 -1.40	
000507	珠海港	0.89	0.13	港口	3389	7.90	--  	7.96	390793	7028	          5.06	2.03	8.06	7.95	0.181㈢	    32.87	311439456	  0.97	         61.39亿	广东	7.90	7.97	188228	202564	  0.93	7.95	2691	 -1.48	
002060	粤 水 电	0.88	0.00	建筑施工	1032	3.41	--  	3.45	303660	2175	          2.53	2.35	3.49	3.44	0.074㈢	    34.73	104827648	  1.04	         41.34亿	广东	3.41	3.45	168539	135120	  1.25	3.44	3999	 -1.48	
000090	天健集团	0.84	0.17	建筑施工	33	5.94	--  	5.98	254905	483	          1.77	3.04	6.12	5.98	0.121㈢	    36.94	153345392	  1.26	         85.95亿	深圳	5.97	6.02	125874	129030	  0.98	5.97	4	 -1.52	
000017	深中华A	0.81	-0.19	文教休闲	1833	4.91	--  	4.97	135160	1882	          4.46	3.25	5.07	4.97	0.002㈢	  1895.02	67514976	  0.92	         15.06亿	深圳	4.94	5.00	62188	72971	  0.85	4.96	967	 -1.55	
000429	粤高速Ａ	0.80	0.11	路桥	351	8.77	--  	8.86	100454	697	          2.14	1.37	8.89	8.86	0.584㈢	    11.39	88678880	  0.93	         41.54亿	广东	8.78	8.83	46951	53503	  0.88	8.85	1739	 -1.57	
600098	广州发展	0.64	0.32	火力发电	366	6.24	--  	6.28	98952	498	          0.36	1.76	6.35	6.28	0.236㈢	    19.92	62214660	  1.05	        171.21亿	广东	6.25	6.29	55204	43747	  1.26	6.26	1013	 -0.48	
002930	宏川智慧	0.51	0.00	仓储物流	114	27.10	--  	27.45	98286	1940	         16.16	3.11	27.95	27.44	0.350㈢	    64.84	270801696	  0.84	         16.69亿	广东	27.46	27.55	53597	44688	  1.20	27.44	248	 -1.85	
000039	中集集团	0.37	0.22	轻工机械	425	13.42	--  	13.50	266106	1674	          2.10	3.49	13.89	13.50	0.760㈢	    13.04	363051840	  1.23	        171.17亿	深圳	13.62	13.64	136662	129443	  1.06	13.49	2784	 -1.99	
000055	方大集团	0.31	0.00	其他建材	1629	6.32	--  	6.41	448250	2814	          6.61	2.98	6.51	6.40	1.910㈣	     3.20	287590304	  0.95	         43.41亿	深圳	6.43	6.42	252230	196019	  1.29	6.40	857	 -2.05	
000531	穗恒运Ａ	0.26	0.13	火力发电	112	7.43	--  	7.58	326056	3879	          4.76	5.30	7.83	7.57	0.106㈢	    53.37	248018624	  0.87	         51.86亿	广东	7.62	7.61	162776	163279	  1.00	7.57	442	 -2.10	
000659	珠海中富	0.26	0.00	广告包装	2031	3.82	--  	3.85	280521	2530	          2.18	2.08	3.90	3.85	0.019㈢	   154.64	108201168	  0.95	         49.50亿	广东	3.87	3.86	159450	121071	  1.32	3.84	1410	 -2.10	
002233	塔牌集团	0.25	0.17	水泥	3841	11.89	--  	12.08	531538	2949	          4.57	4.73	12.46	12.07	1.047㈢	     8.64	647309504	  1.30	        140.27亿	广东	12.23	12.18	287059	244478	  1.17	12.07	913	 -2.12	
002187	广百股份	0.22	0.00	百货	193	9.00	--  	9.07	49341	447	          1.44	2.65	9.24	9.06	0.447㈢	    15.21	44863316	  1.33	         31.02亿	广东	9.09	9.09	28607	20733	  1.38	9.06	119	 -2.14	
000523	广州浪奇	0.21	0.00	日用化工	875	4.80	--  	4.83	100248	852	          1.60	2.28	4.91	4.83	0.034㈢	   108.13	48499472	  0.93	         30.28亿	广东	4.84	4.84	57382	42866	  1.34	4.82	2102	 -2.16	
603348	文灿股份	0.04	0.08	汽车配件	518	23.66	--  	23.79	71847	1369	         13.06	2.27	24.20	23.79	0.540㈢	    37.35	171682512	  0.88	         13.08亿	广东	23.92	23.90	39003	32843	  1.19	23.78	75	 -1.08	
600894	广日股份	0.00	0.14	运输设备	101	7.00	--  	7.05	139678	872	          1.62	3.27	7.23	7.04	0.303㈢	    17.45	99549248	  0.90	         60.54亿	广东	7.08	7.13	72974	66704	  1.09	7.04	1318	 -1.12	
600428	中远海特	0.00	0.25	水运	1305	3.92	--  	3.96	278715	1235	          1.30	3.29	4.05	3.95	0.060㈢	    49.28	111135488	  1.07	         84.79亿	广东	3.98	3.99	161045	117669	  1.37	3.95	1838	 -1.12	
000029	深深房Ａ	--  	--  	区域地产	0	--  	--  	--  	0	0	          0.00	0.00	--  	11.17	0.370㈢	    22.66	0	  0.00	         99.60亿	深圳	--  	11.17	0	0	--  	--  	0	 -2.36	
000023	深天地Ａ	0.00	0.00	其他建材	1750	16.38	--  	16.62	111256	1265	          8.02	4.51	17.13	16.62	0.077㈢	   162.64	185967280	  0.82	         23.06亿	深圳	16.59	16.72	60182	51073	  1.18	16.61	128	 -2.36	
002192	融捷股份	-0.47	0.17	专用机械	54	29.03	--  	29.36	86985	701	          3.67	4.95	30.49	29.35	-0.026㈢	--  	257926608	  1.16	         69.56亿	广东	29.66	29.65	48294	38690	  1.25	29.35	6	 -2.84	
600162	香江控股	-0.69	0.00	全国地产	4309	2.77	--  	2.87	871538	5156	          2.93	7.29	2.98	2.86	0.083㈢	    25.82	249118736	  1.38	         85.08亿	深圳	2.83	2.86	419856	451682	  0.93	2.86	2804	 -1.82	
000011	深物业A	-1.00	0.18	区域地产	789	10.79	--  	10.92	181338	2378	         10.31	3.45	11.17	10.92	0.242㈢	    33.85	198786080	  1.46	         19.20亿	深圳	11.03	10.96	101200	80137	  1.26	10.91	441	 -3.36	
数据来源:通达信
