代码	名称	涨幅%%	涨速%%	细分行业	买量	最低	未匹配量	卖价	总量	现量	换手%%	振幅%%	最高	现价	每股收益	市盈(动)	总金额	量比	流通市值	地区	今开	均价	内盘	外盘	内外比	买价	卖量	强弱度%%	
600651	飞乐音响	10.13	0.00	电器仪表	90010	4.25	--  	--  	375450	103	          3.81	2.53	4.35	4.35	-0.837㈢	--  	163177792	  1.00	         42.86亿	上海	4.35	4.35	308577	66872	  4.61	4.35	0	  9.01	
300538	同益股份	10.01	0.00	批发业	42837	30.11	--  	--  	11181	101	          4.66	0.00	30.11	30.11	0.300㈢	    73.28	33667316	  0.64	          7.23亿	深圳	30.11	30.11	10531	650	 16.20	30.11	0	  7.65	
600100	同方股份	9.28	-0.08	电脑设备	1542	10.52	--  	11.20	613050	3001	          2.07	7.23	11.26	11.19	-0.193㈢	--  	679055552	  3.44	        331.66亿	北京	10.52	11.08	255934	357115	  0.72	11.19	1809	  8.16	
603679	华体科技	5.59	0.11	电气设备	114	25.31	--  	26.64	29398	395	          7.32	7.97	27.32	26.62	0.468㈢	    42.69	78110888	  1.48	         10.70亿	四川	25.32	26.57	13088	16310	  0.80	26.62	22	  4.47	
300162	雷曼股份	5.43	1.01	元器件	572	5.72	--  	6.02	219252	3892	         10.01	7.88	6.17	6.02	0.042㈢	   108.07	130507032	  1.28	         13.19亿	深圳	5.72	5.95	101331	117921	  0.86	6.01	281	  3.06	
002449	国星光电	5.24	0.23	半导体	1760	12.41	--  	13.06	258941	2647	          4.26	5.56	13.10	13.06	0.620㈢	    15.80	331366400	  1.25	         79.34亿	广东	12.41	12.80	122784	136156	  0.90	13.05	525	  2.87	
002076	雪 莱 特	4.84	0.82	家用电器	1785	3.51	--  	3.69	421045	9719	          9.45	5.41	3.70	3.68	-0.071㈢	--  	151757472	  1.52	         16.39亿	广东	3.53	3.60	159926	261118	  0.61	3.68	4841	  2.48	
002429	兆驰股份	4.30	0.00	家用电器	14687	2.89	--  	2.91	1232116	6157	          3.10	6.45	3.07	2.91	0.079㈢	    27.73	365148032	  1.16	        115.61亿	深圳	2.97	2.96	632883	599232	  1.06	2.90	2973	  1.94	
002745	木林森	4.04	0.78	半导体	5	14.72	--  	15.44	398150	3522	          7.66	7.28	15.80	15.44	0.510㈢	    24.60	603862336	  1.65	         80.27亿	广东	14.84	15.17	210468	187681	  1.12	15.42	693	  1.68	
000701	厦门信达	3.63	0.00	综合类	675	6.91	--  	7.14	148173	1047	          3.64	5.52	7.29	7.14	-0.060㈢	    35.00	105587368	  1.82	         29.03亿	福建	6.96	7.13	69654	78518	  0.89	7.13	175	  1.26	
600203	福日电子	2.96	0.54	元器件	587	5.42	--  	5.56	228284	1999	          6.17	4.26	5.65	5.56	0.043㈢	    96.25	126348064	  0.95	         20.58亿	福建	5.45	5.53	97555	130729	  0.75	5.55	211	  1.84	
000627	天茂集团	2.62	1.09	保险	1140	7.13	--  	7.46	734604	4348	          1.49	9.23	7.80	7.45	0.205㈢	    27.28	545982336	  1.39	        368.08亿	湖北	7.26	7.43	348871	385733	  0.90	7.45	2537	  0.25	
300317	珈伟新能	2.55	0.50	半导体	231	5.90	--  	6.04	301284	9248	          4.59	2.38	6.04	6.03	0.013㈢	   341.58	180142416	  0.92	         39.57亿	深圳	5.95	5.98	153399	147884	  1.04	6.03	2242	  0.19	
600584	长电科技	2.46	0.51	半导体	1301	13.32	--  	13.76	775643	7349	          7.49	7.45	14.32	13.75	0.011㈢	   946.01	1068596288	  1.03	        142.44亿	江苏	13.65	13.78	379338	396305	  0.96	13.75	117	  1.34	
300423	鲁亿通	2.46	0.25	电气设备	240	27.36	--  	27.96	85246	550	          7.80	6.74	29.20	27.95	1.230㈢	    18.25	241265152	  1.55	         30.56亿	山东	27.78	28.30	43650	41595	  1.05	27.95	109	  0.09	
600460	士兰微	2.41	0.44	半导体	2129	11.35	--  	11.48	849638	6296	          6.48	3.93	11.79	11.47	0.115㈢	    74.56	984232512	  1.37	        150.49亿	浙江	11.77	11.58	416767	432871	  0.96	11.47	1399	  1.29	
002197	证通电子	2.33	-0.10	电器仪表	243	8.62	--  	8.80	233795	2742	          5.38	5.47	9.09	8.79	0.071㈢	    93.30	205514848	  0.91	         38.20亿	深圳	8.63	8.79	113957	119838	  0.95	8.79	534	 -0.04	
002241	歌尔股份	2.26	0.11	元器件	1258	8.96	--  	9.06	614745	4357	          2.26	3.28	9.25	9.05	0.264㈢	    25.73	558526336	  1.05	        246.56亿	山东	8.98	9.09	304523	310222	  0.98	9.05	1078	 -0.10	
300340	科恒股份	2.12	-0.16	元器件	1994	17.13	--  	17.34	177103	1520	         11.57	6.54	18.24	17.33	0.240㈢	    54.17	312690528	  1.33	         26.52亿	广东	18.20	17.66	95360	81743	  1.17	17.33	92	 -0.24	
600363	联创光电	1.88	0.00	元器件	477	9.55	--  	9.74	199184	1797	          4.49	3.25	9.86	9.73	0.395㈢	    18.47	193355056	  1.12	         43.15亿	江西	9.59	9.71	106694	92489	  1.15	9.73	599	  0.76	
002922	伊戈尔	1.85	0.23	电气设备	99	17.23	--  	17.59	35147	1043	          5.08	2.37	17.64	17.59	0.256㈢	    51.46	61336376	  1.20	         12.16亿	广东	17.40	17.45	17499	17647	  0.99	17.58	39	 -0.51	
002137	麦达数字	1.73	0.00	互联网	1763	7.03	--  	7.06	217971	1461	          5.97	5.63	7.42	7.05	0.133㈢	    39.62	156010592	  1.24	         25.72亿	深圳	7.31	7.16	120967	97004	  1.25	7.05	543	 -0.63	
300232	洲明科技	1.72	0.15	半导体	52	12.87	--  	13.05	102626	370	          2.27	7.10	13.78	13.04	0.425㈢	    22.99	136323488	  1.34	         59.03亿	深圳	12.94	13.28	60871	41754	  1.46	13.04	34	 -0.65	
603303	得邦照明	1.51	0.98	家用电器	1117	13.15	--  	13.46	29499	1247	          2.89	3.40	13.60	13.45	0.512㈢	    19.69	39540724	  1.04	         13.72亿	浙江	13.25	13.40	14428	15071	  0.96	13.45	247	  0.39	
300241	瑞丰光电	1.51	0.00	半导体	605	5.33	--  	5.40	274678	2724	          6.50	3.95	5.54	5.39	0.190㈢	    22.33	149771104	  0.74	         22.79亿	深圳	5.33	5.45	147307	127370	  1.16	5.39	1585	 -0.86	
002654	万润科技	1.48	0.00	半导体	4471	4.75	--  	4.80	183071	1293	          3.18	3.38	4.91	4.80	0.155㈢	    23.15	88432648	  0.73	         27.61亿	深圳	4.75	4.83	96201	86869	  1.11	4.79	1422	 -0.88	
002229	鸿博股份	1.39	0.00	广告包装	1891	7.85	--  	8.00	363835	4606	          8.84	4.18	8.18	8.00	-0.011㈢	--  	292515456	  1.03	         32.94亿	福建	7.97	8.04	163980	199854	  0.82	7.99	801	 -0.97	
300671	富满电子	1.32	0.05	半导体	195	19.04	--  	19.24	49198	506	          6.26	2.85	19.58	19.23	0.344㈢	    41.92	95135424	  0.96	         15.12亿	深圳	19.24	19.34	25532	23666	  1.08	19.23	70	 -1.05	
300708	聚灿光电	1.24	0.18	半导体	17	11.25	--  	11.41	81335	735	          7.14	3.02	11.59	11.41	-0.320㈢	--  	92953208	  0.97	         13.01亿	江苏	11.29	11.43	39542	41793	  0.95	11.40	195	 -1.12	
300269	联建光电	1.24	-0.16	半导体	690	5.70	--  	5.74	142140	1605	          4.04	3.00	5.87	5.73	0.310㈢	    13.46	82246736	  1.00	         20.14亿	深圳	5.73	5.79	58943	83196	  0.71	5.73	2737	 -1.13	
600111	北方稀土	1.21	0.09	小金属	1977	10.78	--  	10.92	1293889	12877	          3.56	3.90	11.20	10.91	0.104㈢	    78.36	1420546432	  0.89	        396.37亿	内蒙	10.94	10.98	658360	635528	  1.04	10.91	2067	  0.08	
300296	利亚德	1.15	-0.22	半导体	3045	8.69	--  	8.79	708503	4839	          3.91	4.61	9.09	8.78	0.372㈢	    17.71	632113664	  1.08	        158.93亿	北京	8.83	8.92	358887	349616	  1.03	8.78	706	 -1.21	
600360	华微电子	1.13	0.16	半导体	1267	6.20	--  	6.24	333424	1200	          4.49	2.59	6.36	6.24	0.100㈢	    45.00	209167872	  1.18	         46.31亿	吉林	6.21	6.27	161349	172074	  0.94	6.23	852	  0.01	
002005	德豪润达	1.08	0.00	家用电器	6687	2.78	--  	2.82	578405	4275	          3.60	6.09	2.95	2.82	0.008㈢	   272.35	164574304	  0.86	         45.37亿	广东	2.79	2.85	281066	297339	  0.95	2.81	1782	 -1.29	
600703	三安光电	1.07	0.14	半导体	3636	14.02	--  	14.19	1272194	5819	          3.12	4.35	14.63	14.18	0.636㈢	    16.72	1820013696	  1.10	        578.32亿	湖北	14.17	14.31	598354	673840	  0.89	14.18	1373	 -0.05	
300650	太龙照明	1.06	0.00	电气设备	127	15.06	--  	15.19	18493	73	          4.60	4.19	15.69	15.19	0.420㈢	    27.13	28352446	  1.17	          6.11亿	福建	15.09	15.33	8726	9767	  0.89	15.18	65	 -1.30	
002723	金莱特	1.06	-0.10	家用电器	1552	9.36	--  	9.50	83263	1190	          4.79	4.15	9.75	9.50	-0.080㈢	--  	79336712	  1.37	         16.50亿	广东	9.42	9.53	39463	43800	  0.90	9.49	333	 -1.30	
300102	乾照光电	1.06	0.15	半导体	675	6.63	--  	6.69	209316	3504	          2.96	2.87	6.82	6.68	0.220㈢	    23.66	141021712	  0.87	         47.26亿	福建	6.67	6.74	109703	99612	  1.10	6.68	685	 -1.31	
300323	华灿光电	1.06	0.12	半导体	1407	8.50	--  	8.62	301327	3528	          4.29	4.46	8.88	8.61	0.510㈢	    14.26	262960272	  0.94	         60.48亿	湖北	8.55	8.73	158313	143014	  1.11	8.61	3	 -1.31	
603685	晨丰科技	1.03	0.26	电气设备	32	15.60	--  	15.69	19909	900	          4.50	1.67	15.86	15.69	0.540㈢	    21.79	31288816	  1.15	          6.93亿	浙江	15.60	15.72	10696	9213	  1.16	15.67	75	 -0.09	
300303	聚飞光电	0.96	0.00	半导体	334	3.11	--  	3.16	386401	2355	          3.41	2.56	3.19	3.15	0.110㈢	    21.98	121873832	  1.06	         35.66亿	深圳	3.14	3.15	198231	188170	  1.05	3.15	3764	 -1.40	
002402	和而泰	0.93	-0.22	元器件	962	8.62	--  	8.68	258722	1771	          3.58	3.73	8.94	8.67	0.216㈢	    30.14	227023088	  0.94	         62.66亿	深圳	8.70	8.77	130901	127821	  1.02	8.67	198	 -1.43	
000541	佛山照明	0.85	0.17	家用电器	290	5.90	--  	5.96	105534	797	          0.98	2.37	6.04	5.95	0.231㈢	    19.29	63165880	  1.10	         63.80亿	广东	5.90	5.99	57842	47692	  1.21	5.95	1999	 -1.52	
600261	阳光照明	0.84	0.00	家用电器	241	3.60	--  	3.63	283735	480	          1.95	2.23	3.68	3.62	0.199㈢	    13.67	103245936	  1.25	         52.57亿	浙江	3.61	3.64	162142	121592	  1.33	3.62	2837	 -0.29	
300389	艾比森	0.76	0.64	半导体	71	17.08	--  	17.22	37437	227	          2.28	3.22	17.63	17.20	0.554㈢	    23.29	65149380	  1.41	         28.20亿	深圳	17.34	17.40	20298	17138	  1.18	17.20	4	 -1.60	
300301	长方集团	0.76	0.00	半导体	390	3.95	--  	4.00	114518	845	          2.08	2.27	4.04	3.99	0.006㈢	   534.21	45755384	  1.28	         21.96亿	深圳	3.97	4.00	71218	43300	  1.64	3.99	1260	 -1.61	
002579	中京电子	0.73	0.18	元器件	225	10.91	--  	11.02	167125	1362	          4.82	3.48	11.29	11.01	0.159㈢	    52.01	185878032	  0.97	         38.19亿	广东	11.05	11.12	86910	80214	  1.08	11.01	919	 -1.63	
300582	英飞特	0.66	0.46	半导体	205	14.76	--  	15.17	120951	1886	         10.13	5.25	15.55	15.16	0.260㈢	    43.86	184039328	  0.71	         18.10亿	浙江	15.00	15.22	66556	54394	  1.22	15.16	120	 -1.70	
300029	天龙光电	0.56	0.38	专用机械	37	5.30	--  	5.36	61088	167	          3.05	3.01	5.46	5.35	-0.150㈢	--  	32858444	  1.14	         10.70亿	江苏	5.35	5.38	27653	33434	  0.83	5.35	131	 -1.80	
002660	茂硕电源	0.56	0.14	电气设备	152	7.01	--  	7.16	231557	1923	         10.96	8.29	7.60	7.16	0.027㈢	   202.49	167321552	  1.38	         15.13亿	深圳	7.14	7.23	124260	107296	  1.16	7.15	550	 -1.80	
600608	ST沪科	0.43	0.43	钢加工	116	4.62	--  	4.68	29864	85	          0.94	1.72	4.70	4.68	-0.006㈢	--  	13924161	  0.96	         14.90亿	上海	4.68	4.66	17580	12283	  1.43	4.67	231	 -0.69	
300632	光莆股份	0.38	0.16	半导体	401	18.13	--  	18.31	75062	830	         15.54	4.00	18.86	18.31	0.788㈣	    23.25	138712592	  0.93	          8.85亿	福建	18.35	18.48	41770	33292	  1.25	18.30	83	 -1.98	
300219	鸿利智汇	0.37	0.25	元器件	482	8.02	--  	8.09	75288	569	          1.31	2.98	8.26	8.08	0.495㈢	    12.25	61298360	  0.91	         46.49亿	广东	8.12	8.14	41198	34090	  1.21	8.08	250	 -1.99	
000055	方大集团	0.31	0.00	其他建材	1629	6.32	--  	6.41	448250	2814	          6.61	2.98	6.51	6.40	1.910㈣	     3.20	287590304	  0.95	         43.41亿	深圳	6.43	6.42	252230	196019	  1.29	6.40	857	 -2.05	
000032	深桑达Ａ	0.22	0.00	元器件	163	8.92	--  	8.95	81694	539	          1.99	2.80	9.17	8.94	0.202㈢	    33.18	73887312	  1.03	         36.77亿	深圳	8.95	9.04	42339	39354	  1.08	8.94	137	 -2.14	
603728	鸣志电器	0.21	-0.06	电气设备	143	13.86	--  	14.04	69651	862	          3.96	2.64	14.23	14.04	0.350㈢	    34.35	97920936	  1.03	         24.68亿	上海	14.20	14.06	39087	30563	  1.28	14.03	155	 -0.91	
300647	超频三	0.18	0.23	元器件	185	16.56	--  	17.08	147903	1640	         18.88	5.40	17.48	17.08	0.060㈢	   220.13	252510064	  0.97	         13.38亿	深圳	17.10	17.07	77184	70718	  1.09	17.07	257	 -2.19	
002906	华阳集团	0.09	0.00	汽车配件	296	10.80	--  	10.84	40301	344	          1.99	2.50	11.07	10.83	0.080㈢	   101.76	44064368	  0.90	         21.90亿	广东	10.82	10.93	21431	18869	  1.14	10.83	220	 -2.27	
002384	东山精密	0.06	0.12	通信设备	1045	15.81	--  	16.05	743370	7633	          6.39	6.80	16.90	16.04	0.422㈢	    28.53	1212141696	  1.13	        186.55亿	江苏	16.15	16.31	386455	356914	  1.08	16.04	550	 -2.30	
600894	广日股份	0.00	0.14	运输设备	101	7.00	--  	7.05	139678	872	          1.62	3.27	7.23	7.04	0.303㈢	    17.45	99549248	  0.90	         60.54亿	广东	7.08	7.13	72974	66704	  1.09	7.04	1318	 -1.12	
002245	澳洋顺昌	0.00	0.00	仓储物流	3110	4.81	--  	4.83	301195	1573	          3.29	2.70	4.94	4.82	0.229㈣	    21.08	146634544	  0.81	         44.07亿	江苏	4.84	4.87	151044	150151	  1.01	4.82	1448	 -2.36	
002587	奥拓电子	-0.15	0.00	元器件	1414	6.51	--  	6.57	257727	1488	          6.46	4.71	6.82	6.57	0.200㈢	    25.47	170769616	  0.93	         26.23亿	深圳	6.60	6.63	148331	109396	  1.36	6.56	12	 -2.52	
300625	三雄极光	-0.38	0.13	半导体	106	15.72	--  	15.79	34440	198	          3.73	3.60	16.29	15.78	0.463㈢	    25.54	55320220	  1.19	         14.57亿	广东	15.96	16.06	19295	15144	  1.27	15.78	80	 -2.74	
002638	勤上股份	-0.66	0.33	半导体	7146	2.95	--  	3.02	714985	4672	          7.30	4.93	3.10	3.02	0.048㈢	    47.63	216574352	  1.05	         29.58亿	广东	3.03	3.03	384252	330732	  1.16	3.01	726	 -3.02	
数据来源:通达信
