代码	名称	涨幅%%	涨速%%	细分行业	买量	最低	未匹配量	卖价	总量	现量	换手%%	振幅%%	最高	现价	每股收益	市盈(动)	总金额	量比	流通市值	地区	今开	均价	内盘	外盘	内外比	买价	卖量	强弱度%%	
000818	航锦科技	7.48	0.28	化工原料	1027	10.22	--  	10.92	296082	2033	          4.42	9.45	11.18	10.92	0.479㈢	    17.10	318476544	  2.32	         73.21亿	辽宁	10.22	10.76	125413	170668	  0.73	10.91	159	  5.12	
601678	滨化股份	2.15	0.38	化工原料	781	5.13	--  	5.22	260177	549	          1.68	3.33	5.30	5.22	0.428㈢	     9.15	136161312	  1.14	         80.62亿	山东	5.13	5.23	124230	135947	  0.91	5.21	1107	  1.03	
002254	泰和新材	1.83	0.17	化纤	47	11.45	--  	11.69	112039	1709	          1.83	3.48	11.85	11.69	0.231㈢	    37.92	130713488	  1.06	         71.39亿	山东	11.50	11.67	48782	63257	  0.77	11.68	127	 -0.54	
600810	神马股份	1.74	0.15	化纤	1135	13.29	--  	13.47	279049	2017	          6.31	3.93	13.81	13.46	1.277㈢	     7.91	378202528	  0.99	         59.53亿	河南	13.40	13.55	135666	143382	  0.95	13.46	603	  0.62	
000584	哈工智能	1.60	0.24	化纤	64	8.12	--  	8.24	165560	2041	          2.71	4.20	8.46	8.23	0.164㈢	    37.59	136899920	  0.87	         50.31亿	江苏	8.17	8.27	84820	80739	  1.05	8.23	220	 -0.76	
600618	氯碱化工	1.55	0.26	化工原料	696	7.75	--  	7.86	80362	585	          1.07	2.20	7.92	7.86	0.581㈢	    10.15	63029412	  1.11	         58.94亿	上海	7.78	7.84	38855	41506	  0.94	7.85	1033	  0.43	
002246	北化股份	1.54	0.38	化工原料	498	7.77	--  	7.92	110445	1384	          2.45	3.85	8.07	7.92	0.137㈢	    43.44	87267632	  1.33	         35.63亿	四川	7.83	7.90	52281	58164	  0.90	7.91	93	 -0.83	
603192	汇得科技	1.46	0.12	化工原料	23	32.66	--  	33.43	51994	1035	         19.50	3.67	33.87	33.42	1.100㈢	    29.26	172942912	  1.06	          8.91亿	上海	33.05	33.26	26580	25413	  1.05	33.42	50	  0.34	
600096	云天化	1.39	0.00	农药化肥	34	6.47	--  	6.56	125419	255	          0.95	3.86	6.72	6.56	0.060㈢	    84.70	82588328	  1.22	         86.68亿	云南	6.47	6.58	62587	62832	  1.00	6.55	803	  0.27	
002408	齐翔腾达	1.16	0.38	化工原料	985	7.76	--  	7.85	425498	4178	          2.44	2.58	7.96	7.84	0.393㈢	    14.97	334774016	  1.04	        136.73亿	山东	7.81	7.87	215978	209520	  1.03	7.84	1377	 -1.20	
600339	中油工程	1.16	0.00	石油加工	1937	4.27	--  	4.38	507371	2053	          3.27	4.17	4.45	4.37	0.093㈢	    35.28	220740672	  1.63	         67.83亿	新疆	4.32	4.35	244941	262429	  0.93	4.37	276	  0.04	
000973	佛塑科技	1.09	0.22	塑料	2709	4.59	--  	4.65	410379	4456	          4.24	4.35	4.79	4.65	0.043㈢	    81.06	192029504	  0.71	         44.98亿	广东	4.64	4.68	199430	210949	  0.95	4.64	115	 -1.28	
000755	山西路桥	1.05	0.00	公路	899	4.70	--  	4.83	180155	1177	          3.84	7.32	5.05	4.83	-0.216㈢	--  	87171216	  1.41	         22.67亿	山西	4.77	4.84	89001	91153	  0.98	4.82	599	 -1.32	
603041	美思德	0.98	0.20	化工原料	83	15.32	--  	15.41	9977	48	          2.14	1.84	15.60	15.40	0.311㈢	    37.16	15416891	  1.01	          7.16亿	江苏	15.32	15.45	4720	5256	  0.90	15.40	94	 -0.14	
000611	天首发展	0.64	0.21	纺织	908	4.69	--  	4.73	173554	2046	          5.43	2.13	4.79	4.73	-0.150㈢	--  	82150568	  0.86	         15.11亿	内蒙	4.72	4.73	97015	76538	  1.27	4.72	110	 -1.73	
000949	新乡化纤	0.62	0.00	化纤	158	3.21	--  	3.25	106557	479	          0.87	3.42	3.32	3.24	0.070㈢	    34.93	34763116	  0.90	         39.54亿	河南	3.22	3.26	51814	54743	  0.95	3.24	506	 -1.74	
300343	联创互联	0.55	0.27	互联网	652	7.20	--  	7.32	464865	5750	         11.62	5.50	7.60	7.31	0.270㈢	    22.45	343561376	  0.70	         29.25亿	山东	7.35	7.39	241513	223352	  1.08	7.31	1034	 -1.81	
002061	浙江交科	0.55	0.00	化工原料	592	9.06	--  	9.15	139824	680	          2.42	2.97	9.33	9.14	0.740㈢	     9.69	128516800	  1.02	         52.90亿	浙江	9.16	9.19	69986	69838	  1.00	9.14	630	 -1.81	
002014	永新股份	0.55	-0.13	塑料	128	7.30	--  	7.35	45908	277	          0.94	2.60	7.49	7.34	0.447㈣	    16.41	33860636	  1.06	         35.69亿	安徽	7.33	7.38	21980	23928	  0.92	7.34	292	 -1.82	
002165	红 宝 丽	0.45	0.22	化工原料	1324	4.49	--  	4.51	58932	778	          1.12	2.45	4.60	4.51	0.041㈢	    83.01	26845670	  0.94	         23.78亿	江苏	4.50	4.56	27274	31657	  0.86	4.50	498	 -1.92	
603879	永悦科技	0.38	-0.18	化工原料	242	10.62	--  	10.71	27332	426	          3.37	2.72	10.91	10.70	0.237㈢	    33.88	29445146	  0.98	          8.67亿	福建	10.74	10.77	14508	12824	  1.13	10.70	155	 -0.75	
600426	华鲁恒升	0.00	0.21	农药化肥	3613	14.27	--  	14.40	406928	1559	          2.52	3.20	14.73	14.39	1.560㈢	     6.93	588230272	  1.17	        232.75亿	山东	14.39	14.46	211547	195380	  1.08	14.39	183	 -1.12	
002064	华峰氨纶	0.00	0.00	化纤	4553	4.96	--  	5.01	240700	675	          1.57	2.20	5.07	5.01	0.214㈢	    17.56	120617120	  1.59	         76.84亿	浙江	5.01	5.01	126343	114357	  1.10	5.00	1184	 -2.36	
000912	*ST天化	-0.18	-0.34	农药化肥	432	5.58	--  	5.64	196976	2997	          1.26	4.79	5.85	5.63	0.241㈢	    17.50	111713264	  0.93	         88.28亿	四川	5.61	5.67	112187	84789	  1.32	5.63	683	 -2.54	
002409	雅克科技	-0.41	-0.11	化工原料	354	17.10	--  	17.18	60073	318	          3.28	4.52	17.88	17.17	0.310㈢	    51.42	105340192	  1.02	         31.45亿	江苏	17.42	17.54	33729	26343	  1.28	17.17	88	 -2.77	
600230	沧州大化	-0.49	0.15	农药化肥	307	19.97	--  	20.23	217872	1208	          5.29	4.03	20.79	20.23	2.498㈢	     6.07	442363328	  1.19	         83.32亿	河北	20.35	20.30	119424	98447	  1.21	20.22	664	 -1.61	
600309	万华化学	-1.26	-0.21	化工原料	999	41.12	--  	41.56	554814	4455	          3.90	4.68	43.09	41.55	3.300㈢	    10.85	2336772352	  1.10	        591.57亿	山东	42.22	42.12	293273	261540	  1.12	41.55	43	 -2.38	
300715	凯伦股份	-1.40	1.15	其他建材	179	24.22	--  	24.72	25698	214	          6.64	4.83	25.43	24.70	0.310㈢	    59.90	64129548	  1.36	          9.56亿	江苏	25.39	24.96	17244	8453	  2.04	24.70	2	 -3.76	
数据来源:通达信
