代码	名称	涨幅%%	涨速%%	细分行业	买量	最低	未匹配量	卖价	总量	现量	换手%%	振幅%%	最高	现价	每股收益	市盈(动)	总金额	量比	流通市值	地区	今开	均价	内盘	外盘	内外比	买价	卖量	强弱度%%	
300085	银之杰	9.99	0.00	软件服务	44766	15.33	--  	--  	565084	1071	         13.66	4.34	15.96	15.96	0.005㈢	  2325.68	896568000	  2.21	         66.01亿	深圳	15.70	15.87	417420	147663	  2.83	15.96	0	  7.63	
002356	赫美集团	9.97	0.00	其他商业	295341	7.06	--  	--  	8141	12	          0.17	0.00	7.06	7.06	-0.473㈢	--  	5747758	  0.08	         33.90亿	深圳	7.06	7.06	6531	1610	  4.06	7.06	0	  7.60	
601598	中国外运	6.81	-0.34	仓储物流	11343	5.30	--  	5.66	2268482	19198	         16.78	9.83	5.82	5.65	0.262㈢	    16.18	1275669504	  1.50	         76.37亿	北京	5.33	5.62	1110178	1158303	  0.96	5.65	6604	  5.68	
600119	长江投资	6.59	0.53	仓储物流	369	7.17	--  	7.60	223740	4339	          7.28	6.45	7.63	7.60	-0.947㈢	--  	165866384	  1.66	         23.36亿	上海	7.24	7.41	96479	127260	  0.76	7.59	2390	  5.47	
002537	海联金汇	5.29	0.77	汽车整车	402	11.10	--  	11.76	141209	2903	          1.18	6.09	11.78	11.75	0.231㈢	    38.12	162097472	  1.25	        140.41亿	山东	11.17	11.48	61058	80151	  0.76	11.75	596	  2.92	
600415	小商品城	5.19	0.41	商品城	1883	4.65	--  	4.86	758765	7450	          1.39	6.28	4.94	4.86	0.250㈢	    14.60	366860000	  1.44	        264.54亿	浙江	4.65	4.83	405699	353065	  1.15	4.85	3004	  4.07	
300464	星徽精密	3.73	2.86	机械基件	84	8.32	--  	8.63	66390	1399	          3.36	5.53	8.78	8.63	0.010㈢	  2420.26	56176344	  1.09	         17.05亿	广东	8.48	8.46	27989	38401	  0.73	8.62	135	  1.36	
000981	银亿股份	3.37	0.27	汽车配件	390	3.50	--  	3.69	999746	14216	          3.88	7.87	3.78	3.68	0.212㈢	    13.03	364648736	  1.05	         94.73亿	甘肃	3.53	3.65	443044	556702	  0.80	3.68	3964	  1.01	
603128	华贸物流	3.15	0.32	仓储物流	353	6.09	--  	6.22	319079	2218	          3.34	5.14	6.40	6.22	0.253㈢	    18.47	198295232	  1.78	         59.39亿	上海	6.09	6.21	139229	179849	  0.77	6.21	1839	  2.03	
002419	天虹股份	3.10	0.00	百货	171	12.32	--  	12.65	171326	943	          1.43	8.81	13.40	12.64	0.561㈢	    16.90	217080112	  1.73	        151.67亿	深圳	12.34	12.67	85776	85549	  1.00	12.64	446	  0.74	
600053	九鼎投资	2.90	-0.21	多元金融	7	26.88	--  	27.34	123865	923	          2.86	4.89	28.18	27.33	0.389㈢	    52.64	340557920	  0.86	        118.49亿	江西	27.52	27.49	61648	62217	  0.99	27.33	34	  1.78	
002024	苏宁易购	2.68	0.32	电器连锁	823	12.35	--  	12.65	1110297	7863	          1.90	4.06	12.85	12.65	0.658㈢	    14.42	1403165056	  1.13	        739.61亿	江苏	12.40	12.64	572395	537901	  1.06	12.64	845	  0.31	
002259	ST升达	2.13	0.42	供气供热	9253	2.34	--  	2.41	234937	15652	          3.25	2.55	2.40	2.40	-0.054㈢	--  	55794384	  1.14	         17.37亿	四川	2.35	2.37	121621	113315	  1.07	2.40	2067	 -0.24	
603871	嘉友国际	1.92	0.42	仓储物流	10	40.00	--  	40.37	19159	126	          6.84	3.26	41.29	40.37	2.080㈢	    15.13	78197880	  1.43	         11.30亿	北京	40.00	40.81	9525	9634	  0.99	40.35	1	  0.80	
002612	朗姿股份	1.70	0.69	服饰	401	9.99	--  	10.19	58120	777	          2.87	2.70	10.26	10.18	0.462㈢	    16.54	58893928	  1.30	         20.63亿	北京	10.01	10.13	28352	29767	  0.95	10.18	188	 -0.67	
601113	华鼎股份	1.55	0.00	化纤	797	7.72	--  	7.86	180997	1256	          2.17	2.72	7.93	7.85	0.230㈢	    28.88	141658784	  1.12	         65.39亿	浙江	7.75	7.83	92474	88523	  1.04	7.85	1163	  0.43	
600690	青岛海尔	1.51	-0.16	家用电器	217	17.25	--  	17.44	591212	5275	          0.97	3.49	17.85	17.43	1.000㈢	    13.59	1041280000	  1.11	       1062.78亿	山东	17.25	17.61	305275	285936	  1.07	17.43	112	  0.39	
300209	天泽信息	1.23	0.00	软件服务	443	13.03	--  	13.20	68665	289	          2.60	3.45	13.48	13.19	-0.074㈢	--  	91042392	  0.98	         34.79亿	江苏	13.12	13.26	34988	33677	  1.04	13.19	125	 -1.14	
002315	焦点科技	1.21	0.07	互联网	341	14.88	--  	15.09	66306	770	          5.48	4.97	15.62	15.08	0.240㈣	    62.94	100660608	  1.16	         18.24亿	江苏	14.88	15.18	34992	31314	  1.12	15.08	83	 -1.16	
002098	浔兴股份	1.17	0.49	服饰	3538	9.93	--  	10.36	390108	10063	         10.90	4.20	10.36	10.35	0.133㈢	    58.53	397317920	  1.25	         37.05亿	福建	10.13	10.18	204842	185266	  1.11	10.35	1734	 -1.19	
000973	佛塑科技	1.09	0.22	塑料	2709	4.59	--  	4.65	410379	4456	          4.24	4.35	4.79	4.65	0.043㈢	    81.06	192029504	  0.71	         44.98亿	广东	4.64	4.68	199430	210949	  0.95	4.64	115	 -1.28	
600120	浙江东方	1.05	0.06	商贸代理	120	16.28	--  	16.41	299902	2493	          4.51	4.19	16.96	16.40	0.647㈢	    19.02	497948160	  1.18	        109.08亿	浙江	16.75	16.60	156991	142910	  1.10	16.40	171	 -0.07	
000417	合肥百货	1.00	0.20	百货	3210	4.99	--  	5.06	112715	789	          1.45	2.79	5.13	5.06	0.220㈢	    17.25	57097168	  1.00	         39.42亿	安徽	5.02	5.07	56554	56161	  1.01	5.05	298	 -1.37	
002344	海宁皮城	0.96	0.00	商品城	424	5.20	--  	5.27	250509	1972	          1.97	3.84	5.40	5.26	0.232㈢	    17.03	132643176	  1.07	         66.84亿	浙江	5.21	5.29	129353	121155	  1.07	5.26	889	 -1.40	
300146	汤臣倍健	0.94	0.00	食品	182	21.00	--  	21.39	246368	1411	          2.80	6.85	22.45	21.38	0.690㈣	    31.33	535154848	  1.53	        188.02亿	广东	21.55	21.72	123477	122891	  1.00	21.38	1	 -1.42	
601933	永辉超市	0.92	0.23	超市连锁	328	8.72	--  	8.81	704986	3833	          0.88	2.75	8.96	8.80	0.106㈢	    62.06	623198912	  1.18	        701.21亿	福建	8.74	8.84	368355	336630	  1.09	8.80	623	 -0.20	
600368	五洲交通	0.86	0.00	路桥	303	3.46	--  	3.51	174337	1160	          1.55	2.59	3.55	3.50	0.261㈢	    10.06	61136756	  0.96	         39.40亿	广西	3.48	3.51	89735	84601	  1.06	3.50	2892	 -0.26	
300492	山鼎设计	0.85	0.00	建筑施工	111	24.69	--  	24.92	36288	798	         12.12	2.47	25.30	24.92	0.148㈢	   126.04	90702592	  0.66	          7.46亿	四川	24.92	25.00	18351	17936	  1.02	24.91	0	 -1.51	
002345	潮宏基	0.81	0.20	服饰	856	4.95	--  	4.99	186148	1756	          2.12	2.02	5.05	4.99	0.252㈢	    14.88	92996080	  0.95	         43.82亿	广东	4.95	5.00	91892	94256	  0.97	4.98	681	 -1.56	
002277	友阿股份	0.76	0.00	百货	1434	3.92	--  	3.96	311726	4707	          2.20	3.31	4.05	3.96	0.153㈢	    19.45	124330856	  1.19	         56.10亿	湖南	3.95	3.99	170832	140893	  1.21	3.95	4338	 -1.60	
600704	物产中大	0.72	0.00	商贸代理	486	5.49	--  	5.57	352497	1815	          0.82	4.17	5.72	5.56	0.380㈢	     9.84	197186096	  1.16	        239.45亿	浙江	5.57	5.59	175954	176543	  1.00	5.56	1991	 -0.40	
002889	东方嘉盛	0.72	0.19	仓储物流	75	26.46	--  	26.67	40102	232	         10.78	2.46	27.11	26.66	0.742㈢	    26.95	107536736	  1.30	          9.92亿	深圳	26.75	26.82	21529	18573	  1.16	26.66	13	 -1.65	
002336	人人乐	0.69	0.69	超市连锁	400	7.18	--  	7.34	69612	1314	          2.05	3.84	7.46	7.34	0.032㈢	   171.19	50855380	  1.46	         24.90亿	深圳	7.29	7.31	38111	31500	  1.21	7.33	1179	 -1.68	
600794	保税科技	0.65	-0.31	仓储物流	1007	3.06	--  	3.10	204108	1107	          1.71	2.61	3.14	3.09	0.024㈢	    96.37	63340532	  0.86	         36.82亿	江苏	3.08	3.10	101169	102939	  0.98	3.09	3146	 -0.47	
002103	广博股份	0.62	0.00	文教休闲	1778	4.80	--  	4.85	288476	3577	          7.71	3.53	4.97	4.85	0.098㈢	    37.13	140973328	  0.82	         18.15亿	浙江	4.81	4.89	129103	159373	  0.81	4.84	3290	 -1.74	
600439	瑞贝卡	0.59	0.29	服饰	1637	3.41	--  	3.43	326768	2480	          2.89	2.64	3.50	3.43	0.163㈢	    15.77	112602616	  0.84	         38.83亿	河南	3.43	3.45	162863	163905	  0.99	3.42	1721	 -0.54	
002660	茂硕电源	0.56	0.14	电气设备	152	7.01	--  	7.16	231557	1923	         10.96	8.29	7.60	7.16	0.027㈢	   202.49	167321552	  1.38	         15.13亿	深圳	7.14	7.23	124260	107296	  1.16	7.15	550	 -1.80	
002251	步 步 高	0.42	0.74	超市连锁	677	9.37	--  	9.53	226349	1321	          2.82	3.59	9.71	9.52	0.228㈢	    31.35	215682448	  1.57	         76.48亿	湖南	9.47	9.53	131820	94528	  1.39	9.52	273	 -1.94	
600998	九州通	0.39	0.26	医药商业	196	15.47	--  	15.60	66828	440	          0.40	1.61	15.72	15.60	0.420㈢	    28.48	104357384	  1.61	        258.97亿	湖北	15.56	15.62	33920	32908	  1.03	15.58	496	 -0.74	
002803	吉宏股份	0.28	0.28	广告包装	341	17.70	--  	18.06	61086	579	          7.83	4.44	18.50	18.05	0.666㈢	    20.32	110705920	  0.83	         14.09亿	福建	18.18	18.12	31702	29383	  1.08	18.05	86	 -2.09	
002187	广百股份	0.22	0.00	百货	193	9.00	--  	9.07	49341	447	          1.44	2.65	9.24	9.06	0.447㈢	    15.21	44863316	  1.33	         31.02亿	广东	9.09	9.09	28607	20733	  1.38	9.06	119	 -2.14	
600729	重庆百货	0.19	0.39	百货	14	30.70	--  	30.91	73489	278	          1.81	3.73	31.85	30.91	1.891㈢	    12.26	229501984	  1.40	        125.63亿	重庆	30.87	31.23	38734	34755	  1.11	30.90	18	 -0.93	
002697	红旗连锁	0.18	0.18	超市连锁	1698	5.60	--  	5.64	154367	490	          1.56	1.78	5.70	5.64	0.188㈢	    22.48	87244632	  1.24	         55.63亿	四川	5.66	5.65	80344	74023	  1.09	5.63	212	 -2.19	
002686	亿利达	0.14	0.28	专用机械	201	7.13	--  	7.22	47037	343	          1.35	3.19	7.36	7.22	0.174㈢	    31.12	34190092	  1.23	         25.14亿	浙江	7.30	7.27	26474	20563	  1.29	7.21	220	 -2.23	
300413	芒果超媒	0.12	-0.70	影视音像	82	41.00	--  	41.81	68567	258	          3.33	6.68	43.79	41.80	0.870㈢	    38.19	291937152	  1.17	         85.97亿	湖南	41.85	42.58	29061	39506	  0.74	41.80	68	 -2.24	
002563	森马服饰	0.10	-0.08	服饰	439	10.34	--  	10.52	218905	880	          1.19	3.62	10.72	10.52	0.471㈢	    16.75	230807008	  1.69	        193.45亿	浙江	10.52	10.54	121208	97697	  1.24	10.51	21	 -2.27	
002640	跨境通	0.00	0.34	服饰	2104	11.65	--  	11.78	361482	3133	          3.60	4.67	12.20	11.77	0.540㈢	    16.61	429983680	  1.22	        118.29亿	山西	11.76	11.90	208459	153023	  1.36	11.77	265	 -2.36	
300625	三雄极光	-0.38	0.13	半导体	106	15.72	--  	15.79	34440	198	          3.73	3.60	16.29	15.78	0.463㈢	    25.54	55320220	  1.19	         14.57亿	广东	15.96	16.06	19295	15144	  1.27	15.78	80	 -2.74	
600271	航天信息	-0.42	0.14	电脑设备	83	28.06	--  	28.46	313197	2134	          1.70	5.92	29.75	28.45	0.460㈢	    46.51	909003904	  1.26	        525.42亿	北京	28.85	29.02	168345	144851	  1.16	28.45	86	 -1.54	
002327	富安娜	-0.48	0.00	纺织	403	8.27	--  	8.31	108421	1802	          2.13	3.48	8.56	8.30	0.340㈢	    18.72	91338928	  1.43	         42.31亿	深圳	8.35	8.42	54068	54353	  0.99	8.30	83	 -2.84	
002095	生 意 宝	-0.75	-0.20	互联网	830	28.50	--  	28.95	156765	1364	          6.23	6.86	30.50	28.93	0.125㈢	   173.59	460006688	  1.07	         72.80亿	浙江	29.30	29.34	80956	75809	  1.07	28.93	20	 -3.12	
002769	普路通	-0.93	0.17	仓储物流	652	11.52	--  	11.69	187240	3063	          8.07	4.83	12.09	11.69	0.267㈢	    32.81	220448416	  1.12	         27.12亿	深圳	11.84	11.77	99290	87949	  1.13	11.68	647	 -3.30	
300729	乐歌股份	-0.99	0.08	家居用品	14	24.86	--  	24.89	22487	728	          9.10	4.02	25.87	24.89	0.500㈢	    37.81	56937648	  1.12	          6.15亿	浙江	25.20	25.32	13266	9220	  1.44	24.88	848	 -3.36	
601888	中国国旅	-1.12	0.19	旅游服务	166	63.30	--  	63.74	148736	1087	          0.76	4.11	65.95	63.73	1.386㈢	    34.50	964340480	  1.28	       1244.31亿	北京	64.98	64.84	76872	71864	  1.07	63.73	4	 -2.24	
002656	摩登大道	-1.21	-0.80	服饰	2714	7.29	--  	7.33	633259	10619	         13.42	10.66	8.08	7.32	0.082㈢	    67.02	483559904	  1.48	         34.53亿	广东	7.46	7.64	335659	297600	  1.13	7.32	447	 -3.58	
数据来源:通达信
