代码	名称	涨幅%%	涨速%%	细分行业	买量	最低	未匹配量	卖价	总量	现量	换手%%	振幅%%	最高	现价	每股收益	市盈(动)	总金额	量比	流通市值	地区	今开	均价	内盘	外盘	内外比	买价	卖量	强弱度%%	
300198	纳川股份	10.06	3.05	塑料	19520	3.37	--  	--  	1084356	74733	         14.49	10.36	3.72	3.72	0.006㈢	   503.87	389107936	  1.89	         27.84亿	福建	3.45	3.59	577814	506542	  1.14	3.72	0	  7.69	
002190	成飞集成	9.99	0.00	汽车配件	4364	18.85	--  	--  	240775	1497	          6.98	12.42	21.25	21.25	-0.278㈢	--  	481463296	  2.16	         73.35亿	四川	19.08	20.00	110469	130306	  0.85	21.25	0	  7.63	
002080	中材科技	9.51	0.00	化纤	689	11.74	--  	12.78	331059	1887	          5.17	9.43	12.84	12.78	0.578㈢	    16.60	413728704	  2.34	         81.79亿	江苏	11.80	12.50	155533	175525	  0.89	12.77	807	  7.15	
000068	华控赛格	8.43	0.74	元器件	5013	6.22	--  	6.83	1111996	16922	         11.05	10.49	6.88	6.82	-0.048㈢	--  	730340800	  1.08	         68.65亿	深圳	6.42	6.57	506082	605914	  0.84	6.82	7032	  6.06	
002371	北方华创	7.44	0.36	专用机械	7	52.00	--  	55.58	154521	1898	          4.30	9.47	56.90	55.58	0.368㈢	   113.21	851925248	  1.43	        199.72亿	北京	52.98	55.13	81285	73236	  1.11	55.57	225	  5.08	
002411	延安必康	6.81	-0.57	化学制药	109	20.57	--  	22.27	354822	2349	          2.97	11.37	22.94	22.27	0.393㈢	    42.46	776963776	  2.26	        266.38亿	陕西	20.88	21.90	164328	190494	  0.86	22.26	49	  4.45	
002217	合力泰	5.13	0.40	元器件	7065	7.26	--  	7.58	2162561	29375	          8.44	6.10	7.70	7.58	0.381㈢	    14.91	1621293184	  1.37	        194.15亿	山东	7.26	7.50	960298	1202262	  0.80	7.57	10649	  2.77	
600071	凤凰光学	5.12	1.26	元器件	56	10.86	--  	11.29	43149	1228	          1.82	7.17	11.63	11.29	-0.018㈢	--  	48315540	  1.30	         26.81亿	江西	11.02	11.20	28114	15034	  1.87	11.20	690	  4.00	
002850	科达利	4.85	0.07	机械基件	179	25.98	--  	26.83	45598	547	          4.91	5.36	27.35	26.82	0.209㈢	    96.47	121781176	  1.41	         24.92亿	深圳	25.98	26.71	22129	23468	  0.94	26.82	5	  2.48	
002076	雪 莱 特	4.84	0.82	家用电器	1785	3.51	--  	3.69	421045	9719	          9.45	5.41	3.70	3.68	-0.071㈢	--  	151757472	  1.52	         16.39亿	广东	3.53	3.60	159926	261118	  0.61	3.68	4841	  2.48	
002139	拓邦股份	4.81	0.18	元器件	4049	5.42	--  	5.66	492331	2170	          6.28	6.30	5.76	5.66	0.200㈢	    22.25	277222240	  1.45	         44.38亿	深圳	5.45	5.63	225113	267218	  0.84	5.65	5887	  2.45	
002759	天际股份	4.55	0.22	家用电器	15	8.41	--  	8.98	231123	1376	         12.29	10.14	9.28	8.97	0.108㈢	    62.03	203931712	  2.79	         16.87亿	广东	8.69	8.82	94103	137020	  0.69	8.97	187	  2.18	
002121	科陆电子	4.47	0.75	电器仪表	1031	5.20	--  	5.37	197683	5183	          2.18	3.50	5.38	5.37	0.014㈢	   286.34	104918840	  1.14	         48.63亿	深圳	5.25	5.31	93226	104457	  0.89	5.36	181	  2.11	
300450	先导智能	4.26	-0.63	专用机械	49	34.34	--  	35.71	215739	1265	          4.44	5.96	36.38	35.71	0.620㈢	    43.16	771617280	  1.12	        173.35亿	江苏	34.49	35.77	101404	114335	  0.89	35.70	13	  1.90	
002733	雄韬股份	4.10	0.16	电气设备	291	23.01	--  	24.63	312749	3485	          9.56	9.04	25.15	24.63	0.205㈢	    90.01	763062656	  0.76	         80.60亿	深圳	23.60	24.40	144307	168441	  0.86	24.62	48	  1.74	
300409	道氏技术	3.89	0.17	陶瓷	476	16.46	--  	17.38	198564	962	          8.45	10.35	18.19	17.37	0.550㈢	    27.51	344969248	  1.12	         40.82亿	广东	16.76	17.37	98190	100374	  0.98	17.37	30	  1.52	
603959	百利科技	3.78	1.10	建筑施工	30	21.98	--  	23.08	49028	514	          3.29	4.86	23.06	23.06	0.289㈢	    59.88	110986688	  0.88	         34.35亿	湖南	22.38	22.64	28705	20323	  1.41	23.06	1	  2.66	
002012	凯恩股份	3.63	1.68	造纸	55	4.63	--  	4.85	600862	6544	         12.87	5.77	4.90	4.85	0.040㈢	    91.86	286197856	  1.35	         22.65亿	浙江	4.63	4.76	294430	306432	  0.96	4.84	3871	  1.27	
002812	恩捷股份	3.56	-0.20	广告包装	14	58.70	--  	61.10	51011	166	          4.01	10.49	64.89	61.10	0.780㈢	    67.30	318464192	  1.32	         77.64亿	云南	59.00	62.43	22672	28338	  0.80	61.05	75	  1.19	
000826	启迪桑德	3.40	0.16	环境保护	41	11.76	--  	12.15	364504	4428	          3.07	6.21	12.49	12.15	0.540㈢	    15.37	443699264	  1.65	        144.30亿	湖北	11.90	12.17	184912	179592	  1.03	12.14	273	  1.04	
002741	光华科技	3.40	0.39	化工原料	158	14.99	--  	15.51	63623	653	          1.98	4.47	15.66	15.50	0.349㈢	    33.26	97847072	  1.31	         49.79亿	广东	15.09	15.38	27693	35929	  0.77	15.50	113	  1.04	
300586	美联新材	3.36	0.54	化工原料	435	14.26	--  	14.79	90867	1512	         14.87	4.76	14.94	14.78	0.264㈣	    56.04	132833984	  0.84	          9.03亿	广东	14.30	14.62	49762	41105	  1.21	14.78	33	  0.99	
002045	国光电器	3.30	0.85	元器件	2294	5.73	--  	5.95	302825	7065	          7.28	4.35	5.98	5.94	-0.150㈢	--  	177221968	  1.23	         24.69亿	广东	5.89	5.85	153106	149718	  1.02	5.94	1637	  0.94	
002611	东方精工	3.24	0.49	轻工机械	1099	4.03	--  	4.15	543784	4114	          4.90	4.24	4.20	4.14	0.188㈢	    16.50	225013920	  0.92	         45.99亿	广东	4.03	4.14	241421	302362	  0.80	4.14	5235	  0.88	
300444	双杰电气	3.18	-0.24	电气设备	1154	7.84	--  	8.10	223481	3156	          7.41	4.33	8.18	8.10	0.343㈢	    17.70	179465008	  0.97	         24.44亿	北京	7.88	8.03	108918	114563	  0.95	8.09	1671	  0.82	
000839	中信国安	3.03	0.00	综合类	9508	4.66	--  	4.76	1839058	22573	          4.69	6.06	4.94	4.76	0.001㈢	  2570.12	880746560	  0.93	        186.54亿	北京	4.76	4.79	916047	923010	  0.99	4.75	53	  0.67	
600678	四川金顶	2.95	0.14	水泥	238	7.06	--  	7.34	706928	6711	         20.26	8.71	7.68	7.33	0.089㈢	    61.82	519278976	  2.34	         25.58亿	四川	7.16	7.35	337788	369139	  0.92	7.33	2372	  1.83	
300457	赢合科技	2.75	0.03	专用机械	77	28.25	--  	28.81	103197	701	          5.44	3.35	29.19	28.80	0.600㈢	    39.05	297516256	  0.93	         54.65亿	深圳	28.28	28.83	49829	53368	  0.93	28.80	71	  0.38	
300648	星云股份	2.73	0.05	电器仪表	36	18.65	--  	19.20	47155	374	          7.85	4.39	19.47	19.20	0.250㈢	    79.48	90124792	  1.24	         11.53亿	福建	18.65	19.11	24011	23143	  1.04	19.19	208	  0.36	
300750	宁德时代	2.62	0.13	电气设备	19	90.73	--  	92.39	140369	723	          6.46	4.92	95.16	92.39	1.170㈢	    63.95	1306102144	  1.33	        200.71亿	福建	91.50	93.05	68447	71922	  0.95	92.38	117	  0.26	
600525	长园集团	2.62	0.14	电气设备	4221	6.91	--  	7.07	1272460	8316	          9.74	4.80	7.24	7.06	0.980㈢	     5.49	900597120	  0.81	         92.19亿	深圳	6.95	7.08	677358	595101	  1.14	7.06	2707	  1.49	
002074	国轩高科	2.57	0.23	电气设备	390	17.10	--  	17.53	409963	3262	          4.07	6.14	18.15	17.53	0.580㈢	    22.68	726047040	  1.46	        176.75亿	江苏	17.16	17.71	180859	229103	  0.79	17.52	1093	  0.21	
300317	珈伟新能	2.55	0.50	半导体	231	5.90	--  	6.04	301284	9248	          4.59	2.38	6.04	6.03	0.013㈢	   341.58	180142416	  0.92	         39.57亿	深圳	5.95	5.98	153399	147884	  1.04	6.03	2242	  0.19	
000969	安泰科技	2.50	-0.15	钢加工	120	6.01	--  	6.17	192745	955	          2.13	3.66	6.23	6.16	-0.078㈢	--  	118624928	  0.83	         55.74亿	北京	6.01	6.15	91710	101035	  0.91	6.16	241	  0.13	
300532	今天国际	2.48	0.29	软件服务	440	13.33	--  	14.05	86234	1470	          7.21	5.99	14.15	14.04	0.078㈢	   135.58	120194184	  1.10	         16.80亿	深圳	13.78	13.94	38721	47512	  0.81	14.04	216	  0.12	
600210	紫江企业	2.44	0.00	广告包装	5834	4.17	--  	4.20	664242	5637	          4.38	2.68	4.28	4.20	0.258㈢	    12.22	281140608	  0.87	         63.70亿	上海	4.24	4.23	321031	343211	  0.94	4.19	1315	  1.32	
002418	康盛股份	2.42	0.24	机械基件	1246	4.06	--  	4.25	820812	9075	          8.18	9.18	4.44	4.24	-0.008㈢	--  	347508224	  1.03	         42.55亿	浙江	4.15	4.23	387189	433623	  0.89	4.24	4492	  0.05	
300037	新宙邦	2.40	0.45	化工原料	116	28.23	--  	29.00	106313	605	          4.27	5.37	29.75	28.99	0.560㈢	    39.67	309867872	  0.88	         72.23亿	深圳	28.32	29.15	48765	57548	  0.85	28.99	223	  0.04	
002340	格林美	2.33	0.21	小金属	4800	4.76	--  	4.84	1471553	11587	          3.89	4.03	4.95	4.83	0.130㈢	    29.04	715116992	  1.15	        182.75亿	深圳	4.76	4.86	721628	749925	  0.96	4.83	4130	 -0.03	
000733	振华科技	2.30	-0.57	元器件	264	13.51	--  	13.78	137533	402	          2.93	3.57	13.99	13.77	0.450㈢	    25.15	189159872	  1.27	         64.63亿	贵州	13.56	13.75	64779	72754	  0.89	13.77	5	 -0.06	
002805	丰元股份	2.28	0.00	化工原料	146	15.85	--  	16.13	34270	329	          6.39	4.06	16.49	16.12	0.165㈢	    73.34	55557000	  1.13	          8.64亿	山东	15.85	16.21	19349	14920	  1.30	16.12	40	 -0.08	
600405	动力源	2.28	0.75	电气设备	49	5.29	--  	5.39	205531	3483	          3.71	3.23	5.46	5.39	-0.090㈢	--  	110347776	  1.00	         29.82亿	北京	5.31	5.37	106382	99148	  1.07	5.38	263	  1.16	
300568	星源材质	2.24	0.35	化工原料	117	30.62	--  	31.98	79780	320	          6.20	5.85	32.45	31.96	0.930㈢	    25.76	252804752	  0.89	         41.14亿	深圳	31.26	31.69	43217	36563	  1.18	31.96	119	 -0.13	
000404	长虹华意	2.23	-0.21	专用机械	919	4.49	--  	4.59	139271	529	          2.01	3.56	4.65	4.59	0.090㈢	    38.22	64007904	  0.97	         31.81亿	江西	4.49	4.60	61695	77576	  0.80	4.58	191	 -0.14	
300118	东方日升	2.15	0.53	半导体	129	9.40	--  	9.51	218332	903	          3.20	4.51	9.82	9.51	0.233㈢	    30.56	209426544	  0.81	         64.91亿	浙江	9.40	9.59	117996	100335	  1.18	9.50	3598	 -0.22	
002326	永太科技	2.13	0.00	化工原料	1601	8.91	--  	9.10	262612	2784	          4.88	4.71	9.33	9.10	0.485㈢	    14.06	239407840	  1.18	         49.00亿	浙江	9.03	9.12	121691	140921	  0.86	9.09	818	 -0.23	
300340	科恒股份	2.12	-0.16	元器件	1994	17.13	--  	17.34	177103	1520	         11.57	6.54	18.24	17.33	0.240㈢	    54.17	312690528	  1.33	         26.52亿	广东	18.20	17.66	95360	81743	  1.17	17.33	92	 -0.24	
600854	春兰股份	2.11	0.23	家用电器	461	4.27	--  	4.37	115452	904	          2.22	3.51	4.42	4.36	0.200㈢	    16.39	50386392	  1.39	         22.65亿	江苏	4.29	4.36	62240	53212	  1.17	4.36	2929	  0.99	
002426	胜利精密	2.03	0.28	元器件	3985	3.44	--  	3.52	1363912	13689	          6.32	6.09	3.65	3.52	0.089㈢	    29.59	483329472	  1.20	         75.95亿	江苏	3.49	3.54	660788	703124	  0.94	3.51	7346	 -0.34	
002239	奥特佳	2.01	0.40	汽车配件	10793	2.48	--  	2.54	925626	8195	          3.06	5.62	2.62	2.54	0.136㈢	    13.98	235839504	  0.93	         76.85亿	江苏	2.50	2.55	430239	495386	  0.87	2.53	4033	 -0.36	
300543	朗科智能	2.00	0.22	电气设备	146	18.09	--  	18.39	43967	718	         10.32	4.22	18.85	18.39	0.268㈢	    51.48	81371864	  1.09	          7.83亿	深圳	18.09	18.51	20731	23235	  0.89	18.38	24	 -0.37	
300484	蓝海华腾	1.96	0.24	电气设备	852	12.25	--  	12.47	86694	583	          9.25	3.84	12.72	12.47	0.067㈢	   139.13	108247120	  1.27	         11.69亿	深圳	12.29	12.49	45897	40796	  1.13	12.46	622	 -0.40	
002073	软控股份	1.95	0.00	软件服务	994	5.10	--  	5.24	431837	2842	          5.27	5.45	5.38	5.24	0.084㈢	    46.96	225276304	  1.56	         42.91亿	山东	5.15	5.22	217637	214199	  1.02	5.23	577	 -0.42	
600673	东阳光科	1.93	0.34	铝	1760	8.83	--  	8.96	336782	1957	          1.37	3.19	9.11	8.96	0.320㈢	    24.17	302508384	  0.93	        220.32亿	广东	8.83	8.98	143492	193289	  0.74	8.95	2294	  0.81	
601028	玉龙股份	1.92	0.38	钢加工	900	5.15	--  	5.30	98314	1403	          1.26	3.65	5.34	5.30	0.111㈢	    35.85	51667084	  1.03	         41.50亿	江苏	5.18	5.26	45362	52952	  0.86	5.29	872	  0.80	
300487	蓝晓科技	1.91	0.00	化工原料	150	33.61	--  	35.17	97755	460	          9.02	6.64	35.90	35.17	0.708㈣	    49.70	338575616	  1.21	         38.12亿	陕西	34.22	34.64	45059	52695	  0.86	35.16	52	 -0.45	
600039	四川路桥	1.88	0.53	建筑施工	448	3.72	--  	3.80	734105	1748	          2.12	4.56	3.89	3.80	0.153㈢	    18.65	279467200	  1.31	        131.37亿	四川	3.75	3.81	332331	401774	  0.83	3.79	5794	  0.76	
002617	露笑科技	1.87	0.23	电气设备	4887	4.25	--  	4.36	572989	4459	          5.47	5.85	4.50	4.35	0.148㈢	    22.09	251374144	  1.08	         45.53亿	浙江	4.28	4.39	292446	280543	  1.04	4.35	2714	 -0.49	
600499	科达洁能	1.85	0.36	专用机械	490	5.40	--  	5.50	260498	765	          1.85	4.26	5.63	5.50	0.200㈢	    20.59	144257424	  1.26	         77.63亿	广东	5.47	5.54	119810	140687	  0.85	5.49	1447	  0.73	
600212	江泉实业	1.85	-0.22	综合类	350	4.30	--  	4.40	351581	1332	          6.87	5.56	4.54	4.40	-0.053㈢	--  	155120896	  1.58	         22.51亿	山东	4.32	4.41	145519	206062	  0.71	4.39	1003	  0.73	
002176	江特电机	1.77	0.35	电气设备	1930	5.65	--  	5.76	643048	8135	          4.38	4.07	5.88	5.75	0.200㈢	    24.73	371816832	  1.11	         84.43亿	江西	5.68	5.78	318805	324243	  0.98	5.75	1546	 -0.59	
300207	欣旺达	1.75	-0.50	元器件	313	11.40	--  	11.60	167267	713	          1.47	4.82	11.95	11.60	0.300㈢	    31.38	196348608	  1.16	        132.14亿	深圳	11.60	11.74	75403	91864	  0.82	11.59	525	 -0.61	
000155	川能动力	1.75	0.49	农药化肥	775	4.00	--  	4.08	202462	3123	          2.16	3.49	4.14	4.08	-0.012㈢	--  	82644912	  1.16	         38.24亿	四川	4.00	4.08	88151	114311	  0.77	4.07	2104	 -0.62	
601877	正泰电器	1.70	0.11	电气设备	42	25.73	--  	26.30	179721	2032	          1.03	3.33	26.59	26.30	1.297㈢	    15.21	471170528	  0.91	        456.88亿	浙江	26.03	26.22	83737	95983	  0.87	26.29	2490	  0.58	
300080	易成新能	1.68	0.15	半导体	1237	6.59	--  	6.68	283877	2911	          5.66	3.96	6.85	6.67	0.123㈢	    40.70	190621552	  0.80	         33.48亿	河南	6.71	6.71	126063	157814	  0.80	6.67	86	 -0.69	
300153	科泰电源	1.67	0.59	电气设备	380	8.33	--  	8.52	159385	1262	          4.99	5.02	8.75	8.51	0.055㈢	   116.03	135150784	  1.26	         27.20亿	上海	8.43	8.48	83087	76298	  1.09	8.51	724	 -0.69	
000962	东方钽业	1.59	0.13	小金属	587	7.55	--  	7.66	158152	984	          3.59	5.70	7.98	7.66	0.008㈢	   764.97	122075104	  1.11	         33.77亿	宁夏	7.60	7.72	75828	82324	  0.92	7.65	102	 -0.77	
300432	富临精工	1.57	0.16	汽车配件	66	6.37	--  	6.46	99833	705	          2.60	3.15	6.57	6.45	0.245㈢	    19.74	64549432	  1.14	         24.77亿	四川	6.38	6.47	49609	50223	  0.99	6.45	62	 -0.79	
002632	道明光学	1.53	0.23	化工原料	1123	8.50	--  	8.64	127516	881	          2.23	3.88	8.83	8.63	0.267㈢	    24.28	110474152	  1.42	         49.34亿	浙江	8.52	8.66	64943	62573	  1.04	8.63	147	 -0.84	
002580	圣阳股份	1.53	0.50	电气设备	564	5.85	--  	5.99	141108	1449	          4.73	3.90	6.08	5.99	0.040㈢	   112.41	84487152	  1.11	         17.87亿	山东	5.96	5.99	70883	70224	  1.01	5.98	285	 -0.84	
600139	西部资源	1.52	0.25	汽车整车	1870	3.94	--  	4.00	233497	4978	          3.53	3.55	4.08	4.00	-0.055㈢	--  	93825208	  0.92	         26.48亿	四川	3.95	4.02	110058	123438	  0.89	3.99	436	  0.40	
603659	璞泰来	1.50	1.32	化工原料	1	50.05	--  	50.78	18492	243	          0.96	2.60	51.35	50.78	0.990㈢	    38.58	93917192	  0.86	         98.07亿	上海	50.25	50.79	9720	8771	  1.11	50.70	43	  0.38	
002077	大港股份	1.50	0.21	区域地产	27	4.67	--  	4.74	225757	1753	          4.25	4.71	4.89	4.74	-0.181㈢	--  	107405680	  1.06	         25.20亿	江苏	4.68	4.76	107060	118696	  0.90	4.73	1933	 -0.87	
002057	中钢天源	1.47	0.00	元器件	348	6.78	--  	6.89	76256	864	          2.39	3.83	7.04	6.89	0.277㈢	    18.64	52652212	  1.02	         22.02亿	安徽	6.84	6.90	32910	43346	  0.76	6.88	266	 -0.89	
000066	中国长城	1.43	0.00	电脑设备	1672	7.00	--  	7.10	916800	5148	          3.68	5.01	7.35	7.09	0.071㈢	    75.06	655728640	  1.11	        176.59亿	深圳	7.12	7.15	448445	468354	  0.96	7.09	1613	 -0.93	
000413	东旭光电	1.40	0.17	元器件	11896	5.71	--  	5.80	2587803	43325	          5.32	4.55	5.97	5.80	0.230㈢	    18.95	1507967232	  1.04	        282.12亿	河北	5.77	5.83	1333941	1253862	  1.06	5.79	2017	 -0.97	
600096	云天化	1.39	0.00	农药化肥	34	6.47	--  	6.56	125419	255	          0.95	3.86	6.72	6.56	0.060㈢	    84.70	82588328	  1.22	         86.68亿	云南	6.47	6.58	62587	62832	  1.00	6.55	803	  0.27	
000636	风华高科	1.37	0.00	元器件	6058	13.79	--  	14.11	972484	8593	         10.86	5.10	14.50	14.10	0.992㈢	    10.66	1383172224	  0.93	        126.22亿	广东	14.08	14.22	490776	481707	  1.02	14.10	1319	 -1.00	
000009	中国宝安	1.33	0.19	综合类	717	5.31	--  	5.36	676081	3165	          3.19	5.11	5.58	5.35	0.046㈢	    87.46	368026592	  1.39	        113.41亿	深圳	5.45	5.44	349016	327064	  1.07	5.35	2673	 -1.04	
300671	富满电子	1.32	0.05	半导体	195	19.04	--  	19.24	49198	506	          6.26	2.85	19.58	19.23	0.344㈢	    41.92	95135424	  0.96	         15.12亿	深圳	19.24	19.34	25532	23666	  1.08	19.23	70	 -1.05	
000559	万向钱潮	1.29	0.16	汽车配件	364	6.17	--  	6.26	224002	2104	          0.81	3.40	6.38	6.26	0.211㈢	    22.29	140905456	  1.27	        172.35亿	浙江	6.25	6.29	111117	112885	  0.98	6.25	612	 -1.07	
002346	柘中股份	1.28	0.15	电气设备	96	13.30	--  	13.50	81063	805	          2.07	3.08	13.71	13.49	0.118㈢	    85.54	109403360	  1.03	         52.92亿	上海	13.56	13.50	40586	40477	  1.00	13.49	404	 -1.09	
002455	百川股份	1.24	0.00	化工原料	277	5.66	--  	5.72	139464	1827	          4.00	3.36	5.85	5.72	0.171㈢	    25.02	80209120	  0.90	         19.95亿	江苏	5.69	5.75	66213	73250	  0.90	5.71	1078	 -1.13	
002091	江苏国泰	1.22	-0.29	商贸代理	1270	6.56	--  	6.64	257724	3010	          2.65	5.50	6.92	6.63	0.469㈢	    10.61	173225776	  1.22	         64.46亿	江苏	6.56	6.72	126419	131304	  0.96	6.63	884	 -1.14	
002631	德尔未来	1.16	0.13	家居用品	1295	7.77	--  	7.83	108889	803	          1.68	2.84	7.99	7.83	0.190㈢	    30.97	85595392	  1.00	         50.64亿	江苏	7.81	7.86	58577	50312	  1.16	7.82	275	 -1.20	
600516	方大炭素	1.16	0.09	矿物制品	4492	22.50	--  	22.72	887895	5147	          5.01	3.83	23.36	22.71	2.530㈢	     6.80	2028726912	  1.03	        402.49亿	甘肃	22.71	22.85	442681	445213	  0.99	22.71	1416	  0.04	
002089	新 海 宜	1.12	0.00	通信设备	2830	5.35	--  	5.42	901417	6831	          9.63	4.10	5.57	5.42	0.078㈢	    52.09	492252096	  0.78	         50.75亿	江苏	5.41	5.46	490545	410871	  1.19	5.41	935	 -1.25	
600522	中天科技	1.10	0.10	通信设备	3118	10.02	--  	10.08	1095327	9757	          3.57	2.81	10.30	10.08	0.533㈢	    14.19	1115324032	  1.10	        309.06亿	江苏	10.09	10.18	551215	544112	  1.01	10.07	1374	 -0.02	
000973	佛塑科技	1.09	0.22	塑料	2709	4.59	--  	4.65	410379	4456	          4.24	4.35	4.79	4.65	0.043㈢	    81.06	192029504	  0.71	         44.98亿	广东	4.64	4.68	199430	210949	  0.95	4.64	115	 -1.28	
600076	康欣新材	1.06	0.21	其他建材	2417	4.69	--  	4.76	474815	3875	          4.59	3.40	4.85	4.75	0.350㈢	    10.19	226254240	  1.43	         49.13亿	山东	4.74	4.77	247270	227545	  1.09	4.75	1501	 -0.06	
002723	金莱特	1.06	-0.10	家用电器	1552	9.36	--  	9.50	83263	1190	          4.79	4.15	9.75	9.50	-0.080㈢	--  	79336712	  1.37	         16.50亿	广东	9.42	9.53	39463	43800	  0.90	9.49	333	 -1.30	
600549	厦门钨业	1.05	0.07	小金属	615	14.30	--  	14.45	306556	1629	          2.18	3.01	14.73	14.44	0.318㈢	    34.02	446036800	  1.03	        203.03亿	福建	14.42	14.55	147604	158951	  0.93	14.44	599	 -0.07	
000993	闽东电力	1.05	0.17	水力发电	747	5.58	--  	5.79	147956	4245	          3.97	4.90	5.86	5.78	-0.180㈢	--  	84859152	  0.93	         21.56亿	福建	5.60	5.74	75889	72066	  1.05	5.78	1969	 -1.32	
300477	合纵科技	1.03	0.72	电气设备	18	9.65	--  	9.81	152075	3657	          4.80	3.61	10.00	9.80	0.139㈢	    52.71	149477616	  0.97	         31.07亿	北京	9.70	9.83	80284	71790	  1.12	9.80	130	 -1.33	
300217	东方电热	1.03	0.00	电器仪表	6291	2.90	--  	2.95	399618	3726	          4.51	3.77	3.01	2.95	0.104㈢	    21.26	118202536	  0.95	         26.12亿	江苏	2.93	2.96	205384	194234	  1.06	2.94	1840	 -1.34	
002497	雅化集团	1.01	0.25	化工原料	1834	7.88	--  	7.99	450466	4365	          5.53	3.79	8.18	7.99	0.184㈢	    32.55	361128544	  0.88	         65.11亿	四川	7.92	8.02	222582	227884	  0.98	7.98	748	 -1.35	
601311	骆驼股份	1.01	0.10	电气设备	414	9.95	--  	10.02	224861	1858	          2.65	3.43	10.29	10.02	0.446㈢	    16.85	227599920	  1.20	         85.01亿	湖北	10.00	10.12	123679	101182	  1.22	10.01	479	 -0.11	
002108	沧州明珠	0.98	0.19	塑料	1947	5.05	--  	5.18	639196	4593	          4.51	4.88	5.30	5.17	0.219㈢	    17.73	330228384	  1.28	         73.31亿	河北	5.14	5.17	326497	312699	  1.04	5.17	4735	 -1.39	
603826	坤彩科技	0.97	0.06	染料涂料	443	16.53	--  	16.70	103910	426	          5.48	2.06	16.87	16.70	0.385㈣	    43.37	173310752	  1.30	         31.64亿	福建	16.55	16.68	54375	49535	  1.10	16.69	209	 -0.15	
601168	西部矿业	0.94	0.31	铜	689	6.40	--  	6.46	375050	1407	          1.57	2.81	6.58	6.46	0.285㈢	    16.98	243359568	  0.97	        153.94亿	青海	6.43	6.49	196834	178216	  1.10	6.45	2526	 -0.18	
000571	新大洲Ａ	0.90	0.00	综合类	703	3.29	--  	3.36	352900	6022	          4.38	3.01	3.39	3.35	-0.021㈢	--  	118048400	  0.87	         27.02亿	海南	3.32	3.35	186936	165964	  1.13	3.35	3111	 -1.46	
002240	威华股份	0.88	-0.10	家居用品	744	9.10	--  	9.21	160481	2544	          3.27	2.63	9.34	9.20	0.299㈣	    30.78	148242736	  0.98	         45.14亿	广东	9.13	9.24	77857	82623	  0.94	9.20	54	 -1.49	
600255	梦舟股份	0.85	0.85	铜	3404	2.32	--  	2.37	1165261	11299	          6.58	3.40	2.40	2.37	0.024㈢	    75.10	274572608	  0.94	         41.94亿	安徽	2.35	2.36	666550	498710	  1.34	2.36	6156	 -0.27	
603993	洛阳钼业	0.84	0.42	小金属	12338	4.78	--  	4.83	2540630	14653	          1.44	3.13	4.93	4.83	0.192㈢	    18.91	1233831936	  0.94	        853.26亿	河南	4.80	4.86	1396688	1143942	  1.22	4.82	15481	 -0.29	
603026	石大胜华	0.83	0.50	化工原料	18	23.72	--  	24.20	42241	263	          2.08	3.67	24.60	24.20	0.838㈢	    21.65	101749160	  1.06	         49.05亿	山东	24.14	24.09	21615	20626	  1.05	24.06	9	 -0.29	
600773	西藏城投	0.83	0.28	区域地产	642	7.18	--  	7.27	207792	1085	          2.79	3.47	7.43	7.27	0.086㈢	    63.43	151863200	  1.10	         54.24亿	西藏	7.20	7.31	102032	105759	  0.96	7.26	1127	 -0.29	
600482	中国动力	0.83	0.39	电气设备	20	25.01	--  	25.57	66136	932	          0.74	3.43	25.88	25.55	0.580㈢	    33.06	168829472	  1.02	        227.68亿	河北	25.49	25.53	32753	33382	  0.98	25.55	60	 -0.29	
300390	天华超净	0.80	-0.10	元器件	91	8.72	--  	8.77	136184	1147	          7.29	3.10	8.99	8.77	0.109㈢	    60.57	120262048	  1.00	         16.39亿	江苏	8.85	8.83	67951	68233	  1.00	8.76	347	 -1.56	
002386	天原集团	0.80	0.00	化工原料	229	6.26	--  	6.32	156539	2509	          2.33	2.39	6.41	6.32	0.190㈢	    24.92	99177344	  1.01	         42.45亿	四川	6.27	6.34	77855	78683	  0.99	6.31	1201	 -1.57	
600175	美都能源	0.77	0.38	综合类	15993	2.56	--  	2.63	1840492	18720	          7.51	5.36	2.70	2.63	0.041㈢	    48.50	485301888	  0.86	         64.46亿	浙江	2.57	2.64	918419	922072	  1.00	2.62	21011	 -0.36	
600869	智慧能源	0.76	0.00	电气设备	1136	5.28	--  	5.32	225017	2019	          1.01	2.27	5.40	5.32	0.134㈢	    29.72	120244856	  0.90	        118.07亿	青海	5.30	5.34	111829	113188	  0.99	5.31	657	 -0.36	
600241	时代万恒	0.75	0.60	商贸代理	24	6.63	--  	6.71	25896	275	          1.03	2.10	6.77	6.71	-0.108㈢	--  	17393756	  1.01	         16.88亿	辽宁	6.65	6.72	11131	14764	  0.75	6.67	113	 -0.37	
000762	西藏矿业	0.73	0.37	小金属	605	8.18	--  	8.25	151922	731	          3.19	3.18	8.44	8.24	-0.145㈢	--  	125942008	  0.84	         39.22亿	西藏	8.18	8.29	82671	69250	  1.19	8.24	1107	 -1.63	
300655	晶瑞股份	0.71	0.06	化工原料	274	16.80	--  	16.96	59050	284	          7.02	3.86	17.45	16.95	0.260㈢	    48.83	100629232	  1.18	         14.25亿	江苏	16.85	17.04	31918	27132	  1.18	16.95	31	 -1.65	
002756	永兴特钢	0.71	0.19	特种钢	356	15.57	--  	15.68	67180	773	          3.63	2.44	15.95	15.68	0.917㈢	    12.82	105589176	  0.88	         29.00亿	浙江	15.60	15.72	34520	32660	  1.06	15.67	527	 -1.66	
002460	赣锋锂业	0.70	0.22	小金属	7	26.85	--  	27.16	580457	4710	          7.25	4.90	28.17	27.15	1.010㈢	    24.20	1593662336	  0.97	        217.35亿	江西	26.98	27.46	293694	286762	  1.02	27.15	164	 -1.66	
600336	澳柯玛	0.70	0.00	家用电器	51	4.28	--  	4.32	116420	1122	          1.59	3.74	4.44	4.31	0.060㈢	    52.47	50537164	  0.90	         31.56亿	山东	4.28	4.34	59292	57127	  1.04	4.31	604	 -0.42	
000913	钱江摩托	0.69	0.39	摩托车	407	10.04	--  	10.25	50299	726	          1.11	3.24	10.37	10.25	0.162㈢	    47.42	51564036	  1.29	         46.49亿	浙江	10.04	10.25	23217	27082	  0.86	10.24	214	 -1.68	
002389	航天彩虹	0.64	0.07	元器件	502	14.06	--  	14.24	165909	925	          2.45	3.46	14.55	14.24	0.088㈢	   121.73	236734544	  0.99	         96.35亿	浙江	14.18	14.27	84720	81188	  1.04	14.23	62	 -1.73	
600110	诺德股份	0.63	0.21	电气设备	4572	4.74	--  	4.80	648849	9334	          5.64	5.03	4.98	4.80	0.053㈢	    68.13	313533440	  1.60	         55.21亿	吉林	4.79	4.83	322666	326182	  0.99	4.79	2394	 -0.49	
300097	智云股份	0.62	-0.27	电器仪表	667	14.23	--  	14.51	165845	1777	          8.22	4.58	14.89	14.50	0.487㈢	    22.33	241812720	  0.72	         29.27亿	辽宁	14.57	14.58	87235	78610	  1.11	14.50	81	 -1.74	
000887	中鼎股份	0.60	0.26	橡胶	20	11.61	--  	11.70	210846	1413	          1.73	3.18	11.98	11.70	0.860㈢	    10.20	249141168	  0.99	        142.57亿	安徽	11.86	11.82	119584	91261	  1.31	11.69	50	 -1.76	
300082	奥克股份	0.60	0.30	化工原料	140	6.71	--  	6.75	72833	297	          1.08	2.24	6.86	6.75	0.371㈢	    13.66	49428540	  1.22	         45.54亿	辽宁	6.72	6.79	40442	32391	  1.25	6.74	18	 -1.77	
300619	金银河	0.57	0.15	专用机械	5	26.14	--  	26.32	18642	228	          6.12	2.33	26.75	26.32	0.621㈣	    42.39	49370608	  1.09	          8.02亿	广东	26.35	26.48	9466	9175	  1.03	26.31	36	 -1.79	
300438	鹏辉能源	0.57	0.28	电气设备	155	21.09	--  	21.25	72625	323	          3.41	4.31	22.00	21.21	0.958㈢	    16.60	156800576	  0.95	         45.24亿	广东	21.36	21.59	36035	36589	  0.98	21.21	75	 -1.80	
000792	盐湖股份	0.54	0.41	化工原料	2305	7.27	--  	7.42	580802	5421	          2.11	3.53	7.53	7.41	-0.436㈢	--  	429629664	  1.04	        203.77亿	青海	7.35	7.40	300581	280221	  1.07	7.41	864	 -1.82	
300131	英唐智控	0.53	0.00	元器件	2357	5.65	--  	5.73	450220	2449	          5.66	3.51	5.85	5.72	0.150㈢	    28.69	259196752	  0.93	         45.52亿	深圳	5.69	5.76	225094	225125	  1.00	5.72	3227	 -1.84	
002610	爱康科技	0.50	0.50	电气设备	62883	2.01	--  	2.03	1767643	12820	          4.19	2.97	2.07	2.03	0.030㈢	    50.97	360206624	  0.84	         85.72亿	江苏	2.02	2.04	831242	936401	  0.89	2.02	16605	 -1.87	
002145	中核钛白	0.49	0.49	化工原料	2059	4.01	--  	4.08	416474	6103	          4.16	2.96	4.13	4.08	0.253㈣	    16.11	169786320	  1.02	         40.81亿	甘肃	4.06	4.08	203075	213399	  0.95	4.07	3809	 -1.87	
002466	天齐锂业	0.48	0.11	小金属	1601	36.83	--  	37.39	501545	3438	          4.42	6.40	39.21	37.38	1.479㈢	    18.96	1897234688	  1.11	        424.62亿	四川	37.30	37.83	250735	250810	  1.00	37.38	92	 -1.88	
600367	红星发展	0.48	0.12	化工原料	143	8.40	--  	8.44	82107	360	          2.82	2.38	8.60	8.43	0.340㈢	    18.89	69681392	  1.18	         24.55亿	贵州	8.40	8.49	39689	42418	  0.94	8.43	785	 -0.64	
002347	泰尔股份	0.45	0.45	机械基件	29	4.43	--  	4.48	125331	568	          3.93	2.92	4.56	4.47	0.032㈢	   103.66	56241700	  0.97	         14.26亿	安徽	4.48	4.49	66924	58407	  1.15	4.47	970	 -1.92	
600884	杉杉股份	0.45	0.19	综合类	1530	15.59	--  	15.77	362991	1665	          3.23	3.63	16.16	15.77	0.939㈢	    12.60	576018432	  1.22	        177.06亿	浙江	15.95	15.87	203310	159681	  1.27	15.76	336	 -0.68	
002165	红 宝 丽	0.45	0.22	化工原料	1324	4.49	--  	4.51	58932	778	          1.12	2.45	4.60	4.51	0.041㈢	    83.01	26845670	  0.94	         23.78亿	江苏	4.50	4.56	27274	31657	  0.86	4.50	498	 -1.92	
000570	苏常柴Ａ	0.44	0.00	机械基件	1622	4.49	--  	4.54	105032	760	          2.55	2.88	4.62	4.53	0.042㈢	    81.82	47807820	  1.23	         18.64亿	江苏	4.55	4.55	52895	52136	  1.01	4.53	171	 -1.92	
600152	维科技术	0.44	0.29	电气设备	1689	6.81	--  	6.90	119642	1744	          4.06	3.49	7.05	6.90	0.219㈢	    23.64	83303416	  1.00	         20.35亿	浙江	6.93	6.96	66234	53407	  1.24	6.89	397	 -0.68	
002056	横店东磁	0.29	0.29	元器件	577	6.93	--  	6.99	434992	4008	          2.65	3.16	7.15	6.98	0.306㈢	    17.13	306482400	  1.22	        114.65亿	浙江	6.99	7.05	238336	196655	  1.21	6.98	704	 -2.08	
300410	正业科技	0.27	-0.03	电器仪表	269	22.26	--  	22.35	71621	616	          3.83	4.04	23.16	22.34	0.850㈢	    20.00	162734560	  0.94	         41.75亿	广东	22.30	22.72	37957	33663	  1.13	22.34	480	 -2.10	
002662	京威股份	0.22	0.00	汽车配件	1335	4.51	--  	4.59	484768	5036	          3.32	4.80	4.73	4.59	0.519㈢	     6.64	223417760	  1.04	         66.97亿	北京	4.58	4.61	244647	240120	  1.02	4.58	1725	 -2.15	
300068	南都电源	0.19	0.32	电气设备	5067	15.39	--  	15.57	194629	7942	          3.13	1.55	15.63	15.56	0.500㈢	    23.61	301660960	  1.20	         96.64亿	浙江	15.53	15.50	92356	102272	  0.90	15.56	1299	 -2.17	
300035	中科电气	0.18	-0.17	电气设备	1522	5.58	--  	5.62	156579	751	          3.98	3.04	5.75	5.61	0.140㈢	    31.09	88679064	  0.99	         22.07亿	湖南	5.61	5.66	82967	73611	  1.13	5.61	759	 -2.19	
300647	超频三	0.18	0.23	元器件	185	16.56	--  	17.08	147903	1640	         18.88	5.40	17.48	17.08	0.060㈢	   220.13	252510064	  0.97	         13.38亿	深圳	17.10	17.07	77184	70718	  1.09	17.07	257	 -2.19	
002309	中利集团	0.11	0.00	电气设备	33	8.80	--  	8.84	203577	2765	          2.90	1.93	8.97	8.83	0.067㈢	    98.93	180849248	  1.01	         61.98亿	江苏	8.93	8.88	105354	98223	  1.07	8.83	736	 -2.25	
002407	多氟多	0.07	-0.12	化工原料	959	14.61	--  	14.80	344628	3901	          6.34	3.99	15.20	14.80	0.260㈢	    45.05	516213056	  0.86	         80.44亿	河南	14.92	14.98	180896	163731	  1.10	14.79	935	 -2.30	
603876	鼎胜新材	0.05	0.00	铝	329	19.02	--  	19.12	76360	1145	         11.75	2.57	19.51	19.11	0.450㈢	    34.46	147011920	  1.03	         12.42亿	江苏	19.15	19.25	39553	36806	  1.07	19.11	35	 -1.07	
603799	华友钴业	0.05	0.18	小金属	3209	38.15	--  	38.53	572560	5568	          6.98	5.06	40.10	38.52	2.304㈢	    12.54	2231604992	  1.00	        315.82亿	浙江	38.92	38.98	289594	282966	  1.02	38.52	191	 -1.07	
300618	寒锐钴业	0.02	0.04	小金属	130	79.69	--  	80.36	84720	855	          7.43	3.90	82.82	80.35	3.653㈢	    16.50	685610944	  1.01	         91.59亿	江苏	80.34	80.93	43809	40910	  1.07	80.35	12	 -2.34	
600232	金鹰股份	0.00	0.18	纺织	724	5.68	--  	5.72	60629	225	          1.66	2.62	5.83	5.72	0.070㈢	    61.27	34859036	  0.95	         20.86亿	浙江	5.74	5.75	35817	24812	  1.44	5.71	846	 -1.12	
600067	冠城大通	0.00	0.00	全国地产	2975	4.37	--  	4.44	152358	466	          1.02	3.39	4.52	4.43	0.205㈢	    16.24	67963920	  0.96	         66.10亿	福建	4.49	4.46	83321	69036	  1.21	4.43	676	 -1.12	
300490	华自科技	0.00	0.15	电气设备	761	13.23	--  	13.31	79395	870	          3.89	2.78	13.60	13.31	0.200㈢	    58.79	106493720	  1.12	         27.16亿	湖南	13.36	13.41	42581	36814	  1.16	13.30	203	 -2.36	
002684	猛狮科技	0.00	0.15	电气设备	3853	6.74	--  	6.80	283060	3298	          7.01	4.12	7.02	6.79	-1.035㈢	--  	193894000	  1.01	         27.40亿	广东	6.84	6.85	142587	140472	  1.02	6.79	615	 -2.36	
002341	新纶科技	0.00	-0.16	化工原料	78	11.70	--  	11.82	535393	4057	          8.56	3.13	12.07	11.81	0.280㈢	    33.32	636278336	  0.74	         73.84亿	深圳	11.86	11.88	290806	244587	  1.19	11.81	1111	 -2.36	
002245	澳洋顺昌	0.00	0.00	仓储物流	3110	4.81	--  	4.83	301195	1573	          3.29	2.70	4.94	4.82	0.229㈣	    21.08	146634544	  0.81	         44.07亿	江苏	4.84	4.87	151044	150151	  1.01	4.82	1448	 -2.36	
002171	楚江新材	0.00	0.00	铜	354	5.68	--  	5.75	215318	1294	          2.04	3.83	5.90	5.74	0.290㈢	    16.56	124902152	  1.14	         60.44亿	安徽	5.85	5.80	124770	90547	  1.38	5.74	247	 -2.36	
002131	利欧股份	0.00	0.54	互联网	34094	1.83	--  	1.85	3553535	54719	          9.15	4.32	1.91	1.85	0.050㈢	    33.50	664744320	  0.85	         71.85亿	浙江	1.85	1.87	1768987	1784548	  0.99	1.84	5868	 -2.36	
002116	中国海诚	0.00	-0.09	建筑施工	342	9.42	--  	9.52	76408	1089	          1.84	5.78	9.97	9.52	0.356㈢	    20.07	73713088	  0.79	         39.53亿	上海	9.50	9.65	39197	37210	  1.05	9.51	869	 -2.36	
600872	中炬高新	-0.03	0.72	食品	20	32.99	--  	33.67	129864	449	          1.63	4.37	34.46	33.66	0.610㈢	    41.40	437213504	  1.42	        268.15亿	广东	33.71	33.67	73001	56862	  1.28	33.66	2	 -1.15	
600390	五矿资本	-0.10	0.19	多元金融	1461	10.20	--  	10.33	299236	1785	          5.83	5.90	10.81	10.33	0.452㈢	    17.13	312095264	  0.72	         53.05亿	湖南	10.38	10.43	160849	138387	  1.16	10.32	93	 -1.22	
000049	德赛电池	-0.12	0.12	电气设备	31	33.59	--  	33.88	42337	166	          2.06	3.45	34.76	33.87	1.338㈢	    18.99	144952320	  0.97	         69.52亿	深圳	33.98	34.24	18911	23426	  0.81	33.87	179	 -2.48	
002594	比亚迪	-0.22	0.37	汽车整车	506	52.73	--  	53.69	302258	1777	          2.65	3.83	54.79	53.68	0.490㈢	    71.93	1617182208	  1.44	        612.92亿	深圳	54.00	53.50	179001	123257	  1.45	53.68	49	 -2.59	
600135	乐凯胶片	-0.24	0.00	化工原料	64	8.21	--  	8.39	325669	2581	          8.73	4.99	8.63	8.39	0.071㈢	    89.24	274146432	  0.75	         31.29亿	河北	8.41	8.42	169473	156195	  1.09	8.38	38	 -1.36	
000408	藏格控股	-0.25	0.08	农药化肥	497	11.93	--  	11.96	127710	758	          2.86	1.42	12.10	11.96	0.378㈢	    23.74	153287808	  1.39	         53.42亿	青海	12.03	12.00	63735	63974	  1.00	11.95	19	 -2.61	
600847	万里股份	-0.31	0.31	电气设备	94	12.81	--  	12.97	11153	331	          0.73	3.31	13.24	12.96	-0.025㈢	--  	14505791	  0.80	         19.87亿	重庆	13.01	13.01	5971	5182	  1.15	12.96	1	 -1.43	
002085	万丰奥威	-0.37	0.00	汽车配件	2059	8.00	--  	8.01	304785	1829	          1.44	2.99	8.24	8.00	0.359㈢	    16.72	247280528	  1.37	        169.10亿	浙江	8.05	8.11	173364	131420	  1.32	8.00	320	 -2.74	
600478	科力远	-0.39	0.20	元器件	1274	5.03	--  	5.13	348466	1682	          2.37	4.09	5.24	5.12	0.002㈢	  1544.50	179039856	  0.99	         75.25亿	湖南	5.11	5.14	185140	163326	  1.13	5.12	2041	 -1.51	
002427	*ST尤夫	-0.41	0.21	化纤	1282	14.55	--  	14.66	49299	239	          1.28	3.68	15.09	14.63	0.038㈢	   290.42	72886416	  1.17	         56.28亿	浙江	15.00	14.78	26709	22590	  1.18	14.63	54	 -2.77	
002192	融捷股份	-0.47	0.17	专用机械	54	29.03	--  	29.36	86985	701	          3.67	4.95	30.49	29.35	-0.026㈢	--  	257926608	  1.16	         69.56亿	广东	29.66	29.65	48294	38690	  1.25	29.35	6	 -2.84	
002491	通鼎互联	-0.50	0.00	通信设备	787	9.95	--  	10.00	534375	5163	          4.54	3.98	10.35	9.99	0.372㈢	    20.13	541207424	  1.04	        117.46亿	江苏	10.25	10.13	297597	236778	  1.26	9.99	1558	 -2.86	
002263	*ST东南	-0.52	0.00	塑料	8494	1.90	--  	1.92	448524	2713	          2.39	2.60	1.95	1.91	0.003㈢	   531.76	86298000	  0.85	         35.88亿	浙江	1.93	1.92	289902	158621	  1.83	1.91	9759	 -2.89	
600580	卧龙电气	-0.53	0.13	电气设备	360	7.42	--  	7.48	177064	3243	          1.37	3.46	7.68	7.48	0.345㈢	    16.28	134131424	  1.54	         96.41亿	浙江	7.56	7.58	89375	87689	  1.02	7.47	441	 -1.65	
300073	当升科技	-0.68	0.00	矿物制品	30	31.57	--  	31.96	223138	1753	          6.31	4.07	32.88	31.95	0.500㈢	    50.97	715508032	  1.24	        113.05亿	北京	32.40	32.07	116806	106331	  1.10	31.95	545	 -3.05	
002709	天赐材料	-0.70	0.15	化工原料	471	33.48	--  	34.04	101835	618	          3.01	6.16	35.59	34.04	1.392㈢	    18.34	348727808	  1.00	        115.30亿	广东	34.20	34.24	53814	48020	  1.12	34.03	27	 -3.06	
300014	亿纬锂能	-0.72	-0.08	电气设备	481	21.61	--  	22.05	342866	1759	          4.19	4.86	22.69	22.04	0.443㈢	    37.34	758297600	  1.09	        180.56亿	广东	22.28	22.12	182681	160185	  1.14	22.04	284	 -3.09	
002206	海 利 得	-0.89	0.00	化纤	2580	4.42	--  	4.44	181786	902	          1.99	3.57	4.58	4.44	0.237㈢	    14.03	82105472	  1.58	         40.56亿	浙江	4.52	4.52	87997	93789	  0.94	4.43	941	 -3.26	
300510	金冠股份	-1.38	0.26	电气设备	1598	11.41	--  	11.48	139099	1614	          6.53	4.30	11.91	11.47	0.220㈢	    39.13	161672464	  0.84	         24.45亿	吉林	11.67	11.62	77902	61196	  1.27	11.47	234	 -3.74	
300116	坚瑞沃能	-1.47	0.00	电气设备	2644	1.98	--  	2.02	1962193	24161	         15.16	5.88	2.10	2.01	-1.197㈢	--  	399245760	  0.73	         26.01亿	陕西	1.98	2.03	1013159	949033	  1.07	2.01	16217	 -3.84	
002070	*ST众和	--  	--  	纺织	0	--  	--  	--  	0	0	          0.00	--  	--  	0.00	-0.271㈢	--  	0	  0.00	          0.00亿	福建	--  	0.00	0	0	--  	--  	0	--  	
数据来源:通达信
