代码	名称	涨幅%%	涨速%%	细分行业	买量	最低	未匹配量	卖价	总量	现量	换手%%	振幅%%	最高	现价	每股收益	市盈(动)	总金额	量比	流通市值	地区	今开	均价	内盘	外盘	内外比	买价	卖量	强弱度%%	
600682	南京新百	10.00	0.00	百货	34529	11.59	--  	--  	163467	77	          1.63	9.22	12.65	12.65	-1.070㈢	--  	201758608	  0.88	        126.77亿	江苏	11.59	12.34	97511	65956	  1.48	12.65	0	  8.88	
300017	网宿科技	9.96	0.00	电信运营	267248	11.60	--  	--  	2367446	1731	         12.31	1.96	11.81	11.81	0.252㈢	    35.13	2793327360	  1.97	        227.10亿	上海	11.81	11.80	1814149	553296	  3.28	11.81	0	  7.60	
300347	泰格医药	6.28	-0.53	医疗保健	30	57.37	--  	60.66	95915	318	          2.66	8.15	62.02	60.62	0.636㈢	    71.53	581233664	  1.78	        218.79亿	浙江	57.37	60.60	43947	51967	  0.85	60.61	2	  3.91	
002236	大华股份	5.23	0.12	电器仪表	1902	16.15	--  	16.49	1552241	10995	          8.46	6.89	17.23	16.49	0.540㈢	    23.71	2570447616	  1.75	        302.48亿	浙江	16.38	16.56	773961	778280	  0.99	16.48	239	  2.87	
002450	ST康得新	5.04	0.00	化工原料	296424	6.88	--  	--  	24844	481	          0.08	0.00	6.88	6.88	0.622㈢	     8.30	17092864	  0.02	        222.48亿	江苏	6.88	6.88	23202	1642	 14.13	6.88	0	  2.67	
002304	洋河股份	4.68	0.08	白酒	6	115.31	--  	120.80	105851	485	          0.85	7.88	124.40	120.80	4.671㈢	    19.40	1269634560	  1.21	       1502.81亿	江苏	117.51	119.95	57373	48477	  1.18	120.79	57	  2.31	
002415	海康威视	3.63	0.31	电器仪表	141	35.15	--  	35.95	887260	5175	          1.10	4.99	36.88	35.95	0.810㈢	    34.08	3200362752	  1.61	       2902.86亿	浙江	35.15	36.07	405891	481368	  0.84	35.94	217	  1.27	
600606	绿地控股	3.58	0.14	全国地产	1567	7.02	--  	7.24	1396237	10714	          1.15	5.72	7.42	7.24	0.731㈢	     7.43	1008191424	  1.68	        880.97亿	上海	7.05	7.22	623203	773034	  0.81	7.23	4548	  2.45	
600406	国电南瑞	3.29	0.00	软件服务	490	18.90	--  	19.17	531743	3514	          2.08	3.99	19.64	19.17	0.520㈢	    28.46	1026720576	  1.40	        489.45亿	江苏	18.90	19.31	299738	232004	  1.29	19.16	177	  2.17	
600196	复星医药	3.00	0.24	化学制药	448	29.01	--  	29.58	628985	5302	          3.29	3.97	30.15	29.57	0.830㈢	    27.14	1856410752	  1.08	        564.94亿	上海	29.01	29.51	298666	330319	  0.90	29.57	246	  1.87	
601155	新城控股	2.76	0.20	区域地产	454	33.76	--  	34.63	231238	1068	          1.03	5.37	35.57	34.62	1.400㈢	    18.77	801873408	  1.48	        777.56亿	江苏	33.88	34.68	120268	110969	  1.08	34.62	198	  1.64	
600637	东方明珠	2.75	0.08	影视音像	768	11.90	--  	11.96	412139	3522	          1.21	4.81	12.46	11.96	0.440㈢	    20.38	498765184	  1.74	        408.37亿	上海	12.21	12.10	215235	196904	  1.09	11.95	381	  1.63	
002024	苏宁易购	2.68	0.32	电器连锁	823	12.35	--  	12.65	1110297	7863	          1.90	4.06	12.85	12.65	0.658㈢	    14.42	1403165056	  1.13	        739.61亿	江苏	12.40	12.64	572395	537901	  1.06	12.64	845	  0.31	
600460	士兰微	2.41	0.44	半导体	2129	11.35	--  	11.48	849638	6296	          6.48	3.93	11.79	11.47	0.115㈢	    74.56	984232512	  1.37	        150.49亿	浙江	11.77	11.58	416767	432871	  0.96	11.47	1399	  1.29	
300027	华谊兄弟	2.39	0.18	影视音像	633	5.45	--  	5.57	823138	4946	          3.72	5.70	5.76	5.57	0.118㈢	    35.55	460324864	  1.37	        123.16亿	浙江	5.60	5.59	423586	399552	  1.06	5.56	2007	  0.03	
002044	美年健康	2.09	0.17	医疗保健	6	17.32	--  	17.55	280658	897	          1.20	2.73	17.79	17.55	0.133㈢	    99.28	493130208	  1.31	        411.47亿	江苏	17.35	17.57	124022	156635	  0.79	17.54	153	 -0.27	
600741	华域汽车	1.98	0.19	汽车配件	533	20.78	--  	21.13	251819	732	          0.80	4.49	21.71	21.13	2.019㈢	     7.85	536521376	  2.08	        666.17亿	上海	20.78	21.31	124180	127638	  0.97	21.12	32	  0.86	
603605	珀莱雅	1.93	-0.28	日用化工	20	50.51	--  	52.25	23763	109	          3.83	6.13	53.65	52.25	0.910㈢	    43.41	125191424	  0.96	         32.44亿	浙江	51.00	52.68	12532	11230	  1.12	52.20	44	  0.81	
300144	宋城演艺	1.89	-0.08	旅游景点	238	21.40	--  	22.14	213579	1302	          1.81	5.89	22.68	22.13	0.790㈢	    21.01	470665376	  1.27	        261.84亿	浙江	21.80	22.04	100352	113227	  0.89	22.13	387	 -0.48	
600816	安信信托	1.83	-0.25	多元金融	18760	7.13	--  	7.78	4599757	32908	          9.84	15.31	8.30	7.78	0.004㈢	  1324.87	3525433600	  1.72	        363.52亿	上海	7.27	7.66	2236031	2363725	  0.95	7.77	78	  0.71	
601360	三六零	1.78	0.08	互联网	380	26.09	--  	26.31	175747	1375	          4.42	4.57	27.27	26.30	0.380㈢	    53.03	468111584	  0.88	        104.46亿	江苏	26.50	26.64	87333	88413	  0.99	26.30	92	  0.66	
601877	正泰电器	1.70	0.11	电气设备	42	25.73	--  	26.30	179721	2032	          1.03	3.33	26.59	26.30	1.297㈢	    15.21	471170528	  0.91	        456.88亿	浙江	26.03	26.22	83737	95983	  0.87	26.29	2490	  0.58	
601328	交通银行	1.67	0.00	银行	3738	6.60	--  	6.70	2859150	21661	          0.73	3.79	6.85	6.70	0.740㈢	     6.51	1923060992	  1.49	       2629.81亿	上海	6.66	6.73	1320385	1538764	  0.86	6.69	8102	  0.55	
600901	江苏租赁	1.59	-0.12	多元金融	4102	7.52	--  	7.70	895120	6999	          4.92	7.53	8.09	7.69	0.340㈢	    18.02	696474880	  0.90	        139.99亿	江苏	7.60	7.78	453616	441503	  1.03	7.69	1822	  0.46	
600023	浙能电力	1.25	0.00	火力发电	1783	4.81	--  	4.87	391644	3172	          0.29	2.49	4.93	4.87	0.276㈢	    13.23	190540144	  1.28	        662.35亿	浙江	4.82	4.87	194105	197538	  0.98	4.86	1003	  0.13	
600019	宝钢股份	1.18	0.26	普钢	599	7.62	--  	7.70	922843	7944	          0.42	2.63	7.82	7.70	0.710㈢	     8.17	712063744	  0.94	       1701.78亿	上海	7.66	7.72	430795	492047	  0.88	7.69	929	  0.06	
603369	今世缘	1.14	1.05	白酒	165	21.21	--  	22.13	152644	448	          1.22	6.26	22.58	22.13	0.820㈢	    20.24	336672480	  0.91	        277.62亿	江苏	21.88	22.06	82299	70344	  1.17	22.12	447	  0.02	
600522	中天科技	1.10	0.10	通信设备	3118	10.02	--  	10.08	1095327	9757	          3.57	2.81	10.30	10.08	0.533㈢	    14.19	1115324032	  1.10	        309.06亿	江苏	10.09	10.18	551215	544112	  1.01	10.07	1374	 -0.02	
601828	美凯龙	1.04	0.16	其他商业	600	12.48	--  	12.64	162061	969	          4.09	3.04	12.86	12.64	1.090㈢	     8.09	205046832	  1.10	         50.03亿	上海	12.55	12.65	81620	80440	  1.01	12.63	332	 -0.08	
600398	海澜之家	1.01	0.20	服饰	190	9.87	--  	10.02	170486	1647	          0.38	3.83	10.25	10.02	0.585㈢	    12.85	171698816	  1.00	        450.17亿	江苏	10.00	10.07	99199	71287	  1.39	10.01	128	 -0.11	
600754	锦江股份	0.92	0.36	酒店餐饮	86	24.96	--  	25.23	55001	428	          0.85	3.28	25.78	25.22	0.910㈢	    20.78	140295040	  1.07	        163.56亿	上海	24.96	25.51	25892	29109	  0.89	25.22	5	 -0.20	
600115	东方航空	0.85	0.34	空运	2661	5.85	--  	5.90	608114	3442	          0.62	3.08	6.03	5.90	0.310㈢	    14.26	361130336	  0.71	        578.70亿	上海	5.87	5.94	281327	326786	  0.86	5.89	1690	 -0.27	
600487	亨通光电	0.83	0.14	通信设备	2808	21.87	--  	21.99	807769	4202	          4.34	3.58	22.65	21.98	1.107㈢	    14.89	1802769536	  1.15	        408.90亿	江苏	22.43	22.32	413474	394295	  1.05	21.98	561	 -0.30	
600667	太极实业	0.79	0.00	半导体	2965	6.36	--  	6.39	393575	1394	          3.30	3.94	6.61	6.39	0.175㈢	    27.43	254674336	  1.10	         76.12亿	江苏	6.39	6.47	198968	194606	  1.02	6.38	1697	 -0.33	
600704	物产中大	0.72	0.00	商贸代理	486	5.49	--  	5.57	352497	1815	          0.82	4.17	5.72	5.56	0.380㈢	     9.84	197186096	  1.16	        239.45亿	浙江	5.57	5.59	175954	176543	  1.00	5.56	1991	 -0.40	
000418	小天鹅Ａ	0.59	0.05	家用电器	1	55.84	--  	56.13	43333	49	          0.99	3.48	57.78	56.13	2.130㈢	    19.77	246735696	  1.16	        246.62亿	江苏	56.10	56.94	18250	25083	  0.73	56.12	3	 -1.77	
600018	上港集团	0.50	0.17	港口	637	6.04	--  	6.08	294111	2795	          0.13	2.65	6.20	6.07	0.220㈢	    20.65	179682128	  1.11	       1406.64亿	上海	6.09	6.11	158650	135460	  1.17	6.07	1544	 -0.62	
002221	东华能源	0.45	0.00	石油贸易	6889	8.77	--  	8.88	192265	817	          1.27	3.06	9.04	8.87	0.560㈢	    12.16	171857072	  1.12	        134.70亿	江苏	8.81	8.94	103613	88652	  1.17	8.87	237	 -1.91	
600276	恒瑞医药	0.37	0.10	化学制药	4	71.67	--  	72.27	270971	3196	          0.74	3.24	74.00	72.27	1.103㈣	    65.52	1969518592	  0.96	       2652.26亿	江苏	72.41	72.68	127002	143968	  0.88	72.26	90	 -0.75	
600642	申能股份	0.36	0.55	火力发电	92	5.48	--  	5.53	232702	815	          0.51	1.81	5.58	5.53	0.275㈢	    15.09	128807416	  1.45	        251.73亿	上海	5.51	5.54	124919	107782	  1.16	5.52	103	 -0.76	
600688	上海石化	0.36	0.00	石油加工	1966	5.46	--  	5.54	257458	2310	          0.35	2.90	5.62	5.54	0.431㈢	     9.65	142756816	  1.25	        406.02亿	上海	5.52	5.54	128991	128466	  1.00	5.53	929	 -0.76	
600827	百联股份	0.31	0.31	超市连锁	27	9.73	--  	9.84	124890	702	          0.81	3.48	10.07	9.80	0.393㈢	    18.72	123711384	  1.55	        151.19亿	上海	9.73	9.91	65081	59808	  1.09	9.80	329	 -0.81	
601211	国泰君安	0.25	0.10	证券	1060	19.69	--  	20.01	1133683	8082	          1.51	7.21	21.13	20.01	0.580㈢	    23.72	2291215360	  0.90	       1503.97亿	上海	20.11	20.21	587957	545726	  1.08	20.00	711	 -0.87	
601688	华泰证券	0.04	-0.03	证券	994	23.25	--  	23.77	1770118	9039	          3.25	8.21	25.20	23.76	0.610㈢	    32.82	4241059584	  1.19	       1293.43亿	江苏	23.95	23.96	870357	899760	  0.97	23.76	2047	 -1.08	
600000	浦发银行	0.00	0.00	银行	1233	11.95	--  	12.03	850248	11282	          0.30	3.58	12.38	12.02	1.440㈢	     6.12	1030561536	  1.21	       3378.07亿	上海	12.12	12.12	425646	424601	  1.00	12.02	3428	 -1.12	
600104	上汽集团	-0.49	0.07	汽车整车	2445	28.50	--  	28.55	490702	5097	          0.43	2.62	29.25	28.54	2.369㈢	     9.04	1414312832	  1.57	       3283.08亿	上海	28.62	28.82	260985	229716	  1.14	28.54	91	 -1.61	
601601	中国太保	-0.62	0.26	保险	1453	34.73	--  	35.09	572037	3208	          0.91	6.26	36.94	35.08	1.403㈢	    18.75	2037556224	  1.36	       2205.37亿	上海	35.61	35.62	290179	281858	  1.03	35.08	30	 -1.74	
601116	三江购物	-0.91	0.08	超市连锁	447	12.98	--  	13.09	115745	1458	          2.82	3.56	13.45	13.08	0.190㈢	    67.21	152385776	  1.08	         53.73亿	浙江	13.23	13.17	68744	47001	  1.46	13.08	46	 -2.03	
300578	会畅通讯	-0.98	0.26	通信设备	497	19.00	--  	19.20	116227	1291	         19.21	8.26	20.60	19.19	0.230㈢	    80.27	229867072	  0.91	         11.61亿	上海	20.40	19.78	63135	53092	  1.19	19.19	97	 -3.34	
600315	上海家化	-1.05	0.65	日用化工	20	30.66	--  	31.05	85713	1251	          1.28	4.62	32.11	31.05	0.676㈢	    34.45	269361632	  1.33	        208.42亿	上海	31.38	31.43	46029	39683	  1.16	31.03	279	 -2.17	
数据来源:通达信
