代码	名称	涨幅%%	涨速%%	细分行业	买量	最低	未匹配量	卖价	总量	现量	换手%%	振幅%%	最高	现价	每股收益	市盈(动)	总金额	量比	流通市值	地区	今开	均价	内盘	外盘	内外比	买价	卖量	强弱度%%	
000917	电广传媒	10.02	0.00	影视音像	53152	8.69	--  	--  	1586884	806	         12.26	6.32	9.22	9.22	-0.095㈢	--  	1442531328	  1.15	        119.37亿	湖南	8.99	9.09	924136	662748	  1.39	9.22	0	  7.66	
600975	新五丰	9.99	0.00	农业综合	26467	6.92	--  	--  	640840	503	          9.82	6.86	7.38	7.38	-0.067㈢	--  	463549280	  1.31	         48.17亿	湖南	6.92	7.23	292849	347990	  0.84	7.38	0	  8.86	
002567	唐人神	9.17	2.00	饲料	514	8.52	--  	9.18	389402	24466	          5.14	7.74	9.17	9.17	0.152㈢	    45.34	345921248	  1.11	         69.44亿	湖南	8.72	8.88	185993	203408	  0.91	9.17	1994	  6.80	
000722	湖南发展	8.64	-0.12	水力发电	234	7.32	--  	7.92	313570	1389	          6.76	9.60	8.02	7.92	0.169㈢	    35.14	245619120	  1.67	         36.76亿	湖南	7.34	7.83	142819	170750	  0.84	7.91	792	  6.28	
600031	三一重工	7.65	-0.08	工程机械	225	10.93	--  	11.55	2681238	19645	          3.45	8.02	11.79	11.54	0.630㈢	    13.83	3085041920	  2.42	        895.85亿	北京	11.00	11.51	1301433	1379805	  0.94	11.54	843	  6.53	
000908	景峰医药	6.40	0.19	化学制药	2392	5.09	--  	5.32	327695	1779	          4.63	8.20	5.50	5.32	0.133㈢	    30.08	174984128	  1.49	         37.61亿	湖南	5.13	5.34	169341	158354	  1.07	5.31	942	  4.04	
000989	九 芝 堂	6.30	0.57	中成药	398	11.65	--  	12.33	401019	10335	          5.05	6.30	12.38	12.32	0.385㈢	    24.02	481143840	  1.35	         97.84亿	湖南	11.66	12.00	178927	222091	  0.81	12.32	3201	  3.93	
000819	岳阳兴长	5.69	0.75	石油加工	81	10.14	--  	10.78	148675	853	          5.48	10.59	11.22	10.78	0.154㈢	    52.61	157101728	  2.18	         29.25亿	湖南	10.28	10.57	69833	78841	  0.89	10.77	1137	  3.32	
300267	尔康制药	4.28	0.00	化学制药	3458	3.97	--  	4.15	498714	1530	          3.64	6.30	4.22	4.14	0.144㈢	    21.51	204451472	  1.32	         56.67亿	湖南	4.00	4.10	258090	240624	  1.07	4.14	3539	  1.92	
002113	天润数娱	4.22	0.00	互联网	2702	3.81	--  	3.96	577744	4755	          7.00	6.60	4.06	3.95	0.031㈢	    94.78	227128080	  0.98	         32.58亿	湖南	3.81	3.93	237844	339899	  0.70	3.95	5320	  1.86	
600731	湖南海利	2.95	0.97	农药化肥	200	5.08	--  	5.23	63413	1380	          1.94	2.95	5.23	5.23	0.032㈢	   123.08	32808684	  1.23	         17.08亿	湖南	5.08	5.17	28462	34950	  0.81	5.20	295	  1.83	
300123	亚光科技	2.79	-0.20	船舶	292	13.31	--  	13.98	176549	1529	          5.75	6.84	14.24	13.98	0.157㈢	    66.85	243697488	  0.96	         42.94亿	湖南	13.60	13.80	93543	83005	  1.13	13.97	120	  0.43	
000430	张家界	2.78	0.17	旅游景点	244	5.76	--  	5.91	58991	528	          1.78	3.65	5.97	5.91	0.135㈢	    32.76	34714252	  1.72	         19.61亿	湖南	5.80	5.88	24657	34333	  0.72	5.90	157	  0.42	
000906	浙商中拓	2.49	0.17	批发业	223	5.64	--  	5.76	94905	412	          1.44	3.74	5.85	5.76	0.260㈢	    13.98	54788384	  1.38	         38.06亿	浙江	5.64	5.77	48351	46554	  1.04	5.75	56	  0.13	
000548	湖南投资	2.22	0.00	路桥	510	4.97	--  	5.08	175256	564	          3.51	5.04	5.22	5.07	0.052㈢	    72.52	89474192	  1.24	         25.31亿	湖南	5.00	5.11	83695	91560	  0.91	5.07	25	 -0.15	
300216	千山药机	2.18	-0.20	医疗保健	2853	4.44	--  	4.70	717584	4695	         25.48	10.46	4.92	4.69	-1.117㈢	--  	332579104	  1.33	         13.21亿	湖南	4.44	4.63	345434	372149	  0.93	4.69	2904	 -0.19	
600476	湘邮科技	2.05	-0.06	软件服务	142	14.61	--  	14.90	80915	1949	          5.02	3.90	15.18	14.90	-0.068㈢	--  	121100112	  0.82	         24.00亿	湖南	14.75	14.97	39130	41784	  0.94	14.89	857	  0.93	
002155	湖南黄金	2.04	0.24	黄金	2180	8.18	--  	8.52	381768	4984	          3.18	4.20	8.53	8.51	0.149㈢	    42.81	319952448	  1.24	        102.28亿	湖南	8.20	8.38	182853	198915	  0.92	8.51	1206	 -0.33	
002549	凯美特气	1.97	0.32	环境保护	539	6.10	--  	6.21	164963	2571	          2.66	3.45	6.31	6.20	0.114㈢	    40.91	102823880	  0.98	         38.45亿	湖南	6.12	6.23	83777	81186	  1.03	6.20	291	 -0.39	
000157	中联重科	1.89	-0.22	工程机械	5505	4.23	--  	4.32	809602	4652	          1.29	4.26	4.41	4.31	0.170㈢	    19.37	351305440	  1.69	        271.17亿	湖南	4.24	4.34	342897	466705	  0.73	4.31	1844	 -0.47	
000419	通程控股	1.84	0.40	百货	198	4.90	--  	4.99	79941	1180	          1.47	3.27	5.06	4.99	0.203㈢	    18.46	39851672	  0.90	         27.11亿	湖南	4.90	4.99	36216	43725	  0.83	4.98	112	 -0.53	
601098	中南传媒	1.80	0.74	出版业	10	13.29	--  	13.55	134524	1021	          0.75	3.01	13.69	13.55	0.484㈢	    20.99	181677312	  1.22	        243.36亿	湖南	13.44	13.51	80972	53552	  1.51	13.54	146	  0.68	
300187	永清环保	1.77	-0.15	环境保护	1009	6.25	--  	6.34	146295	1044	          2.30	3.54	6.47	6.33	0.031㈢	   154.06	93482184	  1.25	         40.21亿	湖南	6.27	6.39	73261	73033	  1.00	6.33	345	 -0.60	
600969	郴电国际	1.62	0.14	水力发电	252	6.81	--  	6.92	82429	170	          2.23	2.50	6.98	6.91	0.157㈢	    33.09	56837900	  1.21	         25.57亿	湖南	6.81	6.90	35157	47272	  0.74	6.91	242	  0.50	
600458	时代新材	1.61	0.34	塑料	27	8.65	--  	8.83	116748	1344	          1.45	3.46	8.95	8.82	0.107㈢	    61.97	102776064	  1.01	         70.81亿	湖南	8.73	8.80	56220	60528	  0.93	8.82	370	  0.49	
002650	加加食品	1.58	0.26	食品	3014	3.75	--  	3.86	459198	2372	          4.85	4.74	3.93	3.86	0.090㈢	    32.23	175480992	  1.34	         36.56亿	湖南	3.75	3.82	241106	218092	  1.11	3.85	3333	 -0.79	
002505	大康农业	1.51	0.00	农业综合	5152	1.99	--  	2.03	803038	8296	          1.46	3.52	2.06	2.02	0.008㈢	   196.35	163360736	  0.71	        110.80亿	湖南	2.00	2.03	413187	389851	  1.06	2.02	10797	 -0.86	
000738	航发控制	1.51	0.61	航空	372	14.55	--  	14.83	193228	1993	          1.69	3.22	15.02	14.83	0.204㈢	    54.60	286161600	  1.17	        169.90亿	江苏	14.75	14.81	101228	91999	  1.10	14.82	381	 -0.86	
300148	天舟文化	1.35	0.45	出版业	1502	4.44	--  	4.50	456370	4110	          5.70	3.39	4.59	4.49	0.216㈢	    15.61	206060016	  0.79	         35.96亿	湖南	4.49	4.52	229390	226980	  1.01	4.49	4064	 -1.01	
000932	华菱钢铁	1.27	0.13	普钢	1621	7.86	--  	7.98	1246308	6799	          4.13	4.06	8.18	7.98	1.816㈢	     3.30	993331968	  1.10	        240.62亿	湖南	8.01	7.97	652048	594260	  1.10	7.97	3218	 -1.10	
600127	金健米业	1.20	-0.29	农业综合	225	3.32	--  	3.37	92341	271	          1.44	3.31	3.43	3.36	-0.027㈢	--  	31222558	  0.97	         21.56亿	湖南	3.32	3.38	49814	42527	  1.17	3.36	1163	  0.08	
002096	南岭民爆	1.11	0.47	化工原料	6	6.32	--  	6.40	37089	146	          1.00	2.37	6.47	6.40	0.067㈢	    71.64	23738402	  0.89	         23.73亿	湖南	6.38	6.40	17590	19499	  0.90	6.39	94	 -1.26	
000428	华天酒店	1.01	0.00	酒店餐饮	2	2.98	--  	3.02	98803	673	          0.97	2.35	3.05	3.01	-0.202㈢	--  	29788108	  1.15	         30.67亿	湖南	3.00	3.01	46668	52135	  0.90	3.01	1267	 -1.36	
600257	大湖股份	0.97	0.19	渔业	1109	5.14	--  	5.19	183964	1803	          4.31	2.72	5.28	5.19	0.046㈢	    84.81	95804728	  1.23	         22.16亿	湖南	5.16	5.21	87051	96912	  0.90	5.18	809	 -0.15	
002297	博云新材	0.97	0.28	矿物制品	271	7.20	--  	7.29	226903	2027	          5.71	2.36	7.37	7.28	0.013㈢	   417.95	165120064	  1.10	         28.94亿	湖南	7.25	7.28	116497	110405	  1.06	7.28	765	 -1.39	
002452	长高集团	0.97	0.00	电气设备	747	4.12	--  	4.18	82887	227	          2.07	2.91	4.24	4.17	-0.063㈢	--  	34695124	  1.03	         16.72亿	湖南	4.13	4.19	38432	44455	  0.86	4.17	1704	 -1.40	
600963	岳阳林纸	0.88	0.22	造纸	1718	4.51	--  	4.57	307948	2315	          2.95	3.09	4.65	4.57	0.244㈢	    14.05	141132096	  1.10	         47.67亿	湖南	4.53	4.58	154625	153323	  1.01	4.56	111	 -0.24	
002125	湘潭电化	0.86	0.00	化工原料	334	8.12	--  	8.18	54834	565	          1.59	2.84	8.35	8.17	0.180㈢	    34.06	45106480	  0.89	         28.24亿	湖南	8.18	8.23	28436	26398	  1.08	8.17	428	 -1.50	
300345	红宇新材	0.84	0.21	钢加工	4356	4.63	--  	4.80	475309	5075	         12.89	6.74	4.95	4.79	-0.136㈢	--  	226360656	  1.13	         17.66亿	湖南	4.63	4.76	249789	225519	  1.11	4.79	1875	 -1.52	
000900	现代投资	0.82	0.20	路桥	1830	4.83	--  	4.91	318731	1282	          2.10	3.70	5.01	4.91	0.527㈢	     6.98	156505808	  0.87	         74.47亿	湖南	4.88	4.91	180472	138258	  1.31	4.90	701	 -1.54	
002277	友阿股份	0.76	0.00	百货	1434	3.92	--  	3.96	311726	4707	          2.20	3.31	4.05	3.96	0.153㈢	    19.45	124330856	  1.19	         56.10亿	湖南	3.95	3.99	170832	140893	  1.21	3.95	4338	 -1.60	
601901	方正证券	0.65	0.00	证券	1484	7.61	--  	7.74	1180742	7552	          1.43	7.81	8.21	7.73	0.055㈢	   104.99	925785920	  0.91	        636.34亿	湖南	7.75	7.84	588647	592095	  0.99	7.73	1510	 -0.47	
600744	华银电力	0.61	-0.29	火力发电	202	3.28	--  	3.32	182238	1124	          2.20	3.65	3.40	3.31	-0.001㈢	--  	60477788	  0.78	         27.39亿	湖南	3.28	3.32	101575	80662	  1.26	3.31	1335	 -0.51	
002097	山河智能	0.60	0.15	工程机械	138	6.64	--  	6.72	249634	1516	          2.97	3.00	6.84	6.71	0.380㈢	    13.75	168317840	  1.32	         56.49亿	湖南	6.68	6.74	129593	120040	  1.08	6.71	296	 -1.76	
000998	隆平高科	0.57	0.32	种植业	532	15.63	--  	15.80	200885	754	          2.08	3.18	16.13	15.79	0.060㈢	   201.94	320053568	  1.14	        152.41亿	湖南	15.72	15.93	91314	109571	  0.83	15.79	485	 -1.79	
600416	湘电股份	0.57	0.85	电气设备	214	6.91	--  	7.11	200722	3150	          2.28	4.81	7.25	7.11	-0.454㈢	--  	141667504	  0.97	         62.67亿	湖南	7.06	7.06	125872	74849	  1.68	7.10	490	 -0.56	
000702	正虹科技	0.48	0.00	饲料	1206	6.31	--  	6.34	81605	385	          3.06	2.38	6.46	6.33	0.185㈢	    25.70	52076404	  0.81	         16.88亿	湖南	6.35	6.38	41221	40384	  1.02	6.33	1728	 -1.89	
002412	汉森制药	0.46	0.00	中成药	335	15.38	--  	15.46	10689	128	          0.37	1.63	15.63	15.45	0.292㈢	    39.72	16546026	  0.84	         44.47亿	湖南	15.38	15.48	5965	4724	  1.26	15.45	30	 -1.91	
600479	千金药业	0.44	0.00	中成药	358	9.16	--  	9.20	88029	160	          2.10	2.30	9.37	9.19	0.331㈢	    20.83	81416280	  1.27	         38.46亿	湖南	9.17	9.25	46941	41087	  1.14	9.19	311	 -0.68	
002251	步 步 高	0.42	0.74	超市连锁	677	9.37	--  	9.53	226349	1321	          2.82	3.59	9.71	9.52	0.228㈢	    31.35	215682448	  1.57	         76.48亿	湖南	9.47	9.53	131820	94528	  1.39	9.52	273	 -1.94	
002397	梦洁股份	0.41	0.00	纺织	358	4.85	--  	4.89	72587	525	          1.45	1.85	4.94	4.89	0.123㈢	    29.85	35567520	  1.20	         24.54亿	湖南	4.87	4.90	29307	43279	  0.68	4.88	103	 -1.95	
300298	三诺生物	0.40	0.16	医疗保健	217	12.51	--  	12.70	44886	92	          1.11	3.88	13.00	12.69	0.490㈢	    22.61	57415024	  0.88	         51.53亿	湖南	12.68	12.79	18373	26513	  0.69	12.69	181	 -1.97	
002261	拓维信息	0.36	-0.35	互联网	2004	5.46	--  	5.52	676091	10127	          7.43	5.64	5.77	5.52	0.046㈢	    90.90	379094112	  0.98	         50.20亿	湖南	5.54	5.61	351571	324519	  1.08	5.51	2487	 -2.00	
601636	旗滨集团	0.22	0.45	玻璃	5101	4.45	--  	4.48	632979	2148	          2.43	2.46	4.56	4.48	0.360㈢	     9.42	284944096	  1.13	        116.88亿	湖南	4.52	4.50	318995	313983	  1.02	4.47	4675	 -0.90	
300035	中科电气	0.18	-0.17	电气设备	1522	5.58	--  	5.62	156579	751	          3.98	3.04	5.75	5.61	0.140㈢	    31.09	88679064	  0.99	         22.07亿	湖南	5.61	5.66	82967	73611	  1.13	5.61	759	 -2.19	
300338	开元股份	0.12	0.23	电器仪表	300	8.44	--  	8.54	94839	1039	          5.04	4.92	8.86	8.54	0.295㈢	    21.69	81624536	  1.20	         16.07亿	湖南	8.61	8.61	49640	45199	  1.10	8.53	281	 -2.25	
300015	爱尔眼科	0.03	-0.23	医疗保健	69	32.60	--  	33.16	254638	1433	          1.34	3.92	33.90	33.15	0.375㈢	    66.22	847330560	  1.45	        631.75亿	湖南	33.40	33.28	142189	112448	  1.26	33.15	106	 -2.33	
002533	金杯电工	--  	--  	电气设备	0	--  	--  	--  	0	0	          0.00	0.00	--  	5.25	0.200㈢	    19.70	0	  0.00	         27.19亿	湖南	--  	5.25	0	0	--  	--  	0	 -2.36	
000590	启迪古汉	--  	--  	中成药	0	--  	--  	--  	0	0	          0.00	0.00	--  	7.63	-0.047㈢	--  	0	  0.00	         17.03亿	湖南	--  	7.63	0	0	--  	--  	0	 -2.36	
600390	五矿资本	-0.10	0.19	多元金融	1461	10.20	--  	10.33	299236	1785	          5.83	5.90	10.81	10.33	0.452㈢	    17.13	312095264	  0.72	         53.05亿	湖南	10.38	10.43	160849	138387	  1.16	10.32	93	 -1.22	
000918	嘉凯城	-0.13	0.00	全国地产	1945	7.40	--  	7.42	126563	1072	          0.70	1.75	7.53	7.41	-0.299㈢	--  	94329400	  0.96	        133.69亿	浙江	7.42	7.45	71331	55232	  1.29	7.41	318	 -2.50	
000799	酒鬼酒	-0.25	0.05	白酒	679	19.85	--  	20.13	215527	1261	          6.63	4.46	20.75	20.12	0.496㈢	    30.45	437192800	  1.07	         65.38亿	湖南	20.20	20.28	113818	101709	  1.12	20.12	37	 -2.61	
600478	科力远	-0.39	0.20	元器件	1274	5.03	--  	5.13	348466	1682	          2.37	4.09	5.24	5.12	0.002㈢	  1544.50	179039856	  0.99	         75.25亿	湖南	5.11	5.14	185140	163326	  1.13	5.12	2041	 -1.51	
600961	株冶集团	-0.44	0.45	铅锌	17	8.94	--  	9.00	52591	444	          1.00	1.66	9.09	9.00	-2.979㈢	--  	47376720	  0.76	         47.47亿	湖南	9.02	9.01	30027	22564	  1.33	8.99	254	 -1.56	
300268	佳沃股份	-0.48	-0.06	农业综合	152	14.40	--  	14.53	46995	552	          4.78	5.07	15.14	14.53	0.006㈢	  1777.56	69450632	  0.93	         14.30亿	湖南	14.60	14.78	24862	22133	  1.12	14.52	11	 -2.84	
002523	天桥起重	-0.54	0.27	工程机械	216	3.66	--  	3.69	224106	1547	          1.66	3.51	3.79	3.68	0.056㈢	    49.65	83194696	  0.88	         49.69亿	湖南	3.67	3.71	141667	82438	  1.72	3.68	1468	 -2.91	
600156	华升股份	-0.56	-0.18	纺织	337	5.22	--  	5.30	182753	3145	          4.54	4.14	5.44	5.29	-0.053㈢	--  	97286352	  0.79	         21.27亿	湖南	5.28	5.32	101483	81270	  1.25	5.29	529	 -1.69	
600599	熊猫金控	-0.75	0.14	多元金融	520	13.80	--  	14.50	130849	1154	          7.88	11.37	15.46	14.49	-0.159㈢	--  	191493920	  1.28	         24.05亿	湖南	14.10	14.63	67128	63721	  1.05	14.49	240	 -1.88	
002661	克明面业	-1.90	-0.06	食品	261	13.81	--  	13.93	87137	1182	          2.66	4.23	14.41	13.93	0.493㈢	    21.19	123040408	  0.99	         45.60亿	湖南	14.21	14.12	50112	37024	  1.35	13.92	265	 -4.27	
数据来源:通达信
