代码	名称	涨幅%%	涨速%%	细分行业	买量	最低	未匹配量	卖价	总量	现量	换手%%	振幅%%	最高	现价	每股收益	市盈(动)	总金额	量比	流通市值	地区	今开	均价	内盘	外盘	内外比	买价	卖量	强弱度%%	
000665	湖北广电	10.06	0.00	影视音像	65741	8.94	--  	--  	68222	50	          1.07	2.99	9.19	9.19	0.324㈢	    21.29	62549400	  0.90	         58.46亿	湖北	8.95	9.17	50761	17460	  2.91	9.19	0	  7.70	
600037	歌华有线	10.05	0.00	影视音像	64882	10.90	--  	--  	306784	346	          2.20	7.70	11.72	11.72	0.393㈢	    22.37	351976064	  2.26	        163.12亿	北京	11.40	11.47	166803	139981	  1.19	11.72	0	  8.93	
300556	丝路视觉	10.00	0.00	软件服务	1111	19.85	--  	--  	119758	390	         19.12	7.68	21.34	21.34	0.360㈢	    44.39	251636400	  2.16	         13.36亿	深圳	20.60	21.01	60169	59588	  1.01	21.34	0	  7.64	
600604	市北高新	9.98	0.00	园区开发	50851	11.88	--  	--  	2454147	472	         18.39	9.48	13.00	13.00	0.031㈢	   318.89	3099451392	  1.42	        173.44亿	上海	12.34	12.63	1308396	1145751	  1.14	13.00	0	  8.86	
002488	金固股份	9.96	0.00	汽车配件	104402	8.50	--  	--  	309618	63	          4.03	1.40	8.61	8.61	0.125㈢	    51.62	266358416	  1.13	         66.19亿	浙江	8.61	8.60	171676	137941	  1.24	8.61	0	  7.60	
601929	吉视传媒	9.84	0.00	影视音像	42908	2.64	--  	--  	1617891	1146	          5.20	5.91	2.79	2.79	0.060㈢	    36.39	445395392	  2.86	         86.79亿	吉林	2.71	2.75	892326	725564	  1.23	2.79	0	  8.72	
300339	润和软件	9.30	0.07	软件服务	322	12.49	--  	13.52	436013	2620	          6.11	8.98	13.60	13.51	0.230㈢	    45.09	575138048	  1.59	         96.41亿	江苏	12.66	13.19	214311	221702	  0.97	13.51	20	  6.94	
300638	广和通	7.91	-1.01	通信设备	23	44.00	--  	46.50	68312	567	         17.12	7.89	47.40	46.50	0.480㈢	    73.16	313722912	  1.20	         18.55亿	深圳	44.18	45.93	31887	36424	  0.88	46.45	213	  5.55	
000503	国新健康	6.97	-0.04	医疗保健	333	20.09	--  	21.32	415544	3091	          4.62	9.08	21.90	21.32	-0.126㈢	--  	878107008	  1.48	        191.63亿	海南	20.39	21.13	197691	217852	  0.91	21.31	465	  4.61	
300020	银江股份	6.58	0.72	软件服务	263	7.96	--  	8.42	353750	4387	          5.63	6.71	8.49	8.42	0.019㈢	   335.03	291571008	  1.46	         52.88亿	浙江	8.10	8.24	164225	189524	  0.87	8.41	1292	  4.22	
000156	华数传媒	5.96	0.09	影视音像	391	10.55	--  	10.68	250282	2182	          1.95	4.47	11.00	10.67	0.337㈢	    23.76	268807840	  1.92	        136.61亿	浙江	10.70	10.74	134064	116218	  1.15	10.67	479	  3.59	
600233	圆通速递	4.10	-0.06	仓储物流	71	12.89	--  	13.46	120154	355	          1.53	7.42	13.85	13.46	0.443㈢	    22.77	160463888	  2.08	        105.44亿	辽宁	12.99	13.35	59332	60821	  0.98	13.45	24	  2.98	
300253	卫宁健康	3.58	-0.21	软件服务	3166	12.84	--  	13.33	693962	4252	          5.28	7.62	13.82	13.32	0.119㈢	    84.16	920619456	  1.21	        175.18亿	上海	13.09	13.27	316986	376976	  0.84	13.32	935	  1.21	
600410	华胜天成	3.57	0.83	软件服务	1597	7.07	--  	7.26	584483	3750	          5.32	5.86	7.48	7.25	0.046㈢	   117.09	424425440	  1.48	         79.66亿	北京	7.16	7.26	274834	309649	  0.89	7.25	486	  2.45	
300228	富瑞特装	3.43	0.32	化工机械	1605	6.15	--  	6.33	385190	5211	          9.49	6.54	6.55	6.33	-0.084㈢	--  	243682208	  1.17	         25.71亿	江苏	6.18	6.33	178022	207168	  0.86	6.32	668	  1.07	
002401	中远海科	3.32	0.18	软件服务	68	10.59	--  	10.88	138332	2158	          4.60	5.51	11.17	10.88	0.232㈢	    35.16	150751392	  1.69	         32.69亿	上海	10.63	10.90	66443	71888	  0.92	10.87	20	  0.96	
603888	新华网	3.31	0.54	互联网	1105	21.20	--  	22.47	268137	2787	         15.19	10.31	23.44	22.45	0.336㈢	    50.10	602565504	  0.98	         39.62亿	北京	21.50	22.47	129971	138165	  0.94	22.45	106	  2.19	
002045	国光电器	3.30	0.85	元器件	2294	5.73	--  	5.95	302825	7065	          7.28	4.35	5.98	5.94	-0.150㈢	--  	177221968	  1.23	         24.69亿	广东	5.89	5.85	153106	149718	  1.02	5.94	1637	  0.94	
600446	金证股份	3.21	-0.73	软件服务	2396	20.30	--  	21.58	1349778	10952	         15.82	12.87	22.99	21.57	0.116㈢	   139.89	2948931072	  1.43	        184.04亿	深圳	21.00	21.85	654480	695297	  0.94	21.57	235	  2.08	
002024	苏宁易购	2.68	0.32	电器连锁	823	12.35	--  	12.65	1110297	7863	          1.90	4.06	12.85	12.65	0.658㈢	    14.42	1403165056	  1.13	        739.61亿	江苏	12.40	12.64	572395	537901	  1.06	12.64	845	  0.31	
000906	浙商中拓	2.49	0.17	批发业	223	5.64	--  	5.76	94905	412	          1.44	3.74	5.85	5.76	0.260㈢	    13.98	54788384	  1.38	         38.06亿	浙江	5.64	5.77	48351	46554	  1.04	5.75	56	  0.13	
300027	华谊兄弟	2.39	0.18	影视音像	633	5.45	--  	5.57	823138	4946	          3.72	5.70	5.76	5.57	0.118㈢	    35.55	460324864	  1.37	        123.16亿	浙江	5.60	5.59	423586	399552	  1.06	5.56	2007	  0.03	
300274	阳光电源	2.27	0.26	电气设备	742	11.39	--  	11.71	544826	8550	          5.11	5.41	12.01	11.71	0.420㈢	    21.10	638033984	  0.97	        124.82亿	安徽	11.51	11.71	283710	261115	  1.09	11.70	1632	 -0.09	
002169	智光电气	2.24	-0.21	电气设备	222	4.47	--  	4.57	304357	1085	          4.05	5.83	4.73	4.56	0.106㈢	    32.22	139572256	  1.31	         34.24亿	广东	4.52	4.59	155072	149285	  1.04	4.56	1425	 -0.12	
002170	芭田股份	2.17	0.71	农药化肥	1758	4.15	--  	4.23	405640	8742	          6.20	3.14	4.28	4.23	0.007㈢	   478.38	171374432	  0.80	         27.69亿	深圳	4.16	4.22	193990	211649	  0.92	4.22	29	 -0.19	
600476	湘邮科技	2.05	-0.06	软件服务	142	14.61	--  	14.90	80915	1949	          5.02	3.90	15.18	14.90	-0.068㈢	--  	121100112	  0.82	         24.00亿	湖南	14.75	14.97	39130	41784	  0.94	14.89	857	  0.93	
600797	浙大网新	1.99	0.33	软件服务	1307	9.13	--  	9.24	552178	3066	          5.44	4.75	9.56	9.23	0.150㈢	    46.11	514946496	  1.04	         93.71亿	浙江	9.16	9.33	264346	287832	  0.92	9.23	753	  0.87	
600058	五矿发展	1.88	0.62	商贸代理	50	7.96	--  	8.11	94779	687	          0.88	5.40	8.39	8.11	-0.369㈢	--  	77079800	  1.03	         86.93亿	北京	7.96	8.13	41844	52934	  0.79	8.10	449	  0.76	
002094	青岛金王	1.86	0.55	日用化工	233	5.40	--  	5.47	238800	2401	          3.96	2.98	5.56	5.47	0.310㈢	    17.49	130531176	  1.04	         32.98亿	山东	5.43	5.47	123346	115453	  1.07	5.46	455	 -0.50	
000882	华联股份	1.75	0.35	百货	4259	2.85	--  	2.90	823184	6311	          3.32	3.51	2.95	2.90	0.114㈢	    19.16	238320624	  1.08	         71.98亿	北京	2.95	2.90	449809	373374	  1.20	2.89	5001	 -0.61	
601216	君正集团	1.74	0.00	化工原料	11652	3.85	--  	4.09	3992635	30657	          4.73	12.94	4.37	4.09	0.221㈢	    13.85	1626205056	  1.42	        345.11亿	内蒙	3.93	4.07	1857883	2134752	  0.87	4.08	2426	  0.62	
300682	朗新科技	1.70	0.73	软件服务	439	19.03	--  	19.20	61822	988	          3.76	4.72	19.92	19.19	-0.250㈢	--  	120350816	  1.01	         31.51亿	江苏	19.35	19.47	31982	29840	  1.07	19.19	78	 -0.67	
002649	博彦科技	1.59	0.22	软件服务	292	8.82	--  	8.97	262112	4549	          6.28	4.08	9.18	8.97	0.330㈢	    21.11	236153152	  1.15	         37.41亿	北京	8.89	9.01	137374	124738	  1.10	8.96	103	 -0.78	
002543	万和电气	1.57	0.14	家用电器	7	14.10	--  	14.26	30570	358	          0.63	2.85	14.50	14.25	0.644㈢	    16.59	43835160	  1.08	         69.15亿	广东	14.23	14.34	17316	13253	  1.31	14.25	8	 -0.80	
002029	七 匹 狼	1.56	0.14	服饰	591	7.07	--  	7.15	164043	989	          2.17	3.55	7.32	7.15	0.284㈢	    18.88	118136272	  1.16	         54.02亿	福建	7.08	7.20	85930	78113	  1.10	7.14	510	 -0.80	
002530	金财互联	1.53	0.23	专用机械	1735	8.46	--  	8.64	257807	2695	          6.90	5.76	8.95	8.63	0.224㈢	    28.90	223796224	  1.20	         32.25亿	江苏	8.55	8.68	127530	130276	  0.98	8.63	351	 -0.84	
600690	青岛海尔	1.51	-0.16	家用电器	217	17.25	--  	17.44	591212	5275	          0.97	3.49	17.85	17.43	1.000㈢	    13.59	1041280000	  1.11	       1062.78亿	山东	17.25	17.61	305275	285936	  1.07	17.43	112	  0.39	
002749	国光股份	1.43	0.05	农药化肥	76	20.66	--  	21.27	33995	283	          2.43	6.63	22.05	21.27	0.804㈢	    19.83	73189704	  1.49	         29.73亿	四川	21.01	21.53	17183	16812	  1.02	21.26	33	 -0.93	
002153	石基信息	1.32	0.09	软件服务	7	31.97	--  	32.34	152667	938	          3.15	4.95	33.55	32.32	0.296㈢	    81.84	500595872	  1.66	        156.58亿	北京	32.40	32.79	73865	78802	  0.94	32.32	811	 -1.05	
300047	天源迪科	1.30	-0.19	软件服务	54	14.66	--  	14.81	178547	1119	          5.88	4.24	15.28	14.80	0.196㈢	    56.63	266527136	  1.07	         44.93亿	深圳	14.85	14.93	90393	88153	  1.03	14.80	20	 -1.06	
000902	新洋丰	1.26	0.63	农药化肥	175	9.41	--  	9.62	222244	2494	          1.89	4.00	9.79	9.62	0.564㈢	    12.79	212879712	  1.31	        112.83亿	湖北	9.59	9.58	109809	112434	  0.98	9.61	114	 -1.10	
002223	鱼跃医疗	1.19	0.00	医疗保健	450	23.52	--  	23.79	121639	471	          1.42	4.21	24.51	23.78	0.627㈢	    28.47	293024384	  0.85	        203.34亿	江苏	23.52	24.09	53321	68318	  0.78	23.78	40	 -1.17	
601777	力帆股份	1.10	0.44	摩托车	6	4.54	--  	4.60	251894	900	          1.99	3.30	4.69	4.60	0.100㈢	    33.81	116348392	  0.94	         58.15亿	重庆	4.56	4.62	134676	117217	  1.15	4.59	1906	 -0.02	
000516	国际医学	1.04	-0.16	百货	1307	5.76	--  	5.82	573583	2486	          2.97	2.78	5.92	5.81	1.132㈢	     3.85	335000832	  1.08	        112.29亿	陕西	5.79	5.84	301664	271918	  1.11	5.81	2438	 -1.32	
603535	嘉诚国际	0.78	0.14	仓储物流	377	20.69	--  	20.79	53484	427	          8.09	1.50	21.00	20.78	0.679㈢	    22.95	111530928	  1.27	         13.73亿	广东	20.70	20.85	25416	28068	  0.91	20.78	111	 -0.35	
000785	武汉中商	0.78	0.09	百货	209	11.50	--  	11.70	370442	3838	         14.75	9.14	12.56	11.69	0.376㈢	    23.29	443890464	  1.15	         29.35亿	湖北	11.59	11.98	181249	189193	  0.96	11.69	519	 -1.59	
000698	沈阳化工	0.72	0.00	化工原料	136	4.18	--  	4.23	134347	2124	          1.71	2.39	4.28	4.22	0.124㈢	    25.46	56860340	  1.41	         33.16亿	辽宁	4.19	4.23	64177	70169	  0.91	4.22	1339	 -1.65	
002264	新 华 都	0.63	0.47	超市连锁	1716	6.33	--  	6.41	240030	980	          3.99	3.45	6.55	6.41	0.022㈢	   214.75	154298624	  1.06	         38.57亿	福建	6.37	6.43	124478	115552	  1.08	6.40	2047	 -1.74	
002396	星网锐捷	0.61	0.19	通信设备	10	21.22	--  	21.45	325546	3718	          6.04	3.19	21.90	21.45	0.690㈢	    23.32	699588928	  1.71	        115.64亿	福建	21.41	21.49	165172	160374	  1.03	21.44	63	 -1.75	
300071	华谊嘉信	0.52	0.52	广告包装	3332	3.87	--  	3.91	304466	3237	          7.30	3.87	4.02	3.90	0.064㈢	    45.88	120249224	  1.01	         16.26亿	北京	3.95	3.95	149728	154737	  0.97	3.90	2879	 -1.85	
300251	光线传媒	0.34	0.00	影视音像	3839	8.87	--  	8.94	680627	5199	          2.47	3.15	9.15	8.93	0.779㈢	     8.60	613313408	  1.00	        245.76亿	北京	9.00	9.01	340271	340355	  1.00	8.93	1963	 -2.03	
600827	百联股份	0.31	0.31	超市连锁	27	9.73	--  	9.84	124890	702	          0.81	3.48	10.07	9.80	0.393㈢	    18.72	123711384	  1.55	        151.19亿	上海	9.73	9.91	65081	59808	  1.09	9.80	329	 -0.81	
002027	分众传媒	0.29	0.00	影视音像	18789	6.84	--  	6.90	3253209	22605	          2.22	4.65	7.16	6.90	0.328㈢	    15.79	2272379392	  1.41	       1012.77亿	广东	6.97	6.99	1694200	1559009	  1.09	6.89	3637	 -2.07	
000058	深 赛 格	0.25	0.00	元器件	3212	7.90	--  	8.01	321888	4159	          5.98	5.39	8.33	8.00	0.112㈢	    53.70	259519600	  0.78	         43.04亿	深圳	8.10	8.06	151509	170379	  0.89	8.00	2097	 -2.11	
300077	国民技术	0.23	-0.11	半导体	643	8.49	--  	8.55	577265	7835	         10.67	4.34	8.86	8.54	0.394㈢	    16.27	500209920	  0.99	         46.20亿	深圳	8.61	8.67	310972	266293	  1.17	8.54	49	 -2.13	
300068	南都电源	0.19	0.32	电气设备	5067	15.39	--  	15.57	194629	7942	          3.13	1.55	15.63	15.56	0.500㈢	    23.61	301660960	  1.20	         96.64亿	浙江	15.53	15.50	92356	102272	  0.90	15.56	1299	 -2.17	
002739	万达电影	0.17	0.13	影视音像	427	22.63	--  	23.02	352138	3329	          2.00	4.14	23.58	23.01	0.720㈢	    23.97	814917952	  1.09	        405.31亿	北京	23.00	23.14	183068	169070	  1.08	23.01	331	 -2.19	
603587	地素时尚	0.17	0.12	服饰	185	24.13	--  	24.24	71571	1420	         11.73	3.22	24.91	24.23	1.250㈢	    16.20	175367600	  1.13	         14.78亿	上海	24.33	24.50	38473	33098	  1.16	24.23	44	 -0.96	
600757	长江传媒	0.14	0.00	出版业	2267	7.11	--  	7.15	226798	826	          1.87	2.38	7.28	7.14	0.523㈢	    10.25	163207616	  1.21	         86.64亿	湖北	7.14	7.20	116557	110241	  1.06	7.14	457	 -0.98	
600570	恒生电子	0.05	0.24	软件服务	159	86.72	--  	88.32	394514	2250	          6.39	7.91	93.70	88.31	0.584㈢	   113.46	3525929216	  1.21	        545.58亿	浙江	89.90	89.37	204368	190146	  1.07	88.31	1	 -1.08	
601688	华泰证券	0.04	-0.03	证券	994	23.25	--  	23.77	1770118	9039	          3.25	8.21	25.20	23.76	0.610㈢	    32.82	4241059584	  1.19	       1293.43亿	江苏	23.95	23.96	870357	899760	  0.97	23.76	2047	 -1.08	
000925	众合科技	0.00	0.00	专用机械	1177	7.23	--  	7.30	197507	2425	          4.32	3.16	7.46	7.29	0.074㈢	    73.51	145416112	  1.09	         33.35亿	浙江	7.35	7.36	114103	83403	  1.37	7.29	691	 -2.36	
600633	浙数文化	-0.36	0.37	互联网	93	10.80	--  	10.96	469420	3127	          3.64	4.45	11.29	10.96	0.307㈢	    26.78	516272960	  1.18	        141.41亿	浙江	11.09	11.00	263268	206152	  1.28	10.95	661	 -1.49	
300188	美亚柏科	-0.47	0.24	软件服务	898	16.50	--  	16.84	167370	1185	          3.17	6.51	17.60	16.83	0.060㈢	   211.78	288326176	  1.29	         88.86亿	福建	17.06	17.23	87007	80362	  1.08	16.83	109	 -2.84	
603776	永安行	-0.54	0.00	公共交通	92	25.91	--  	26.00	45506	187	          5.28	3.30	26.77	25.96	0.671㈢	    29.02	120291432	  1.32	         22.36亿	江苏	26.52	26.43	23100	22405	  1.03	25.96	28	 -1.66	
600258	首旅酒店	-0.76	0.31	酒店餐饮	1763	19.40	--  	19.55	87956	137	          1.41	2.49	19.89	19.50	0.819㈢	    17.86	172465696	  0.81	        121.80亿	北京	19.66	19.61	44103	43852	  1.01	19.50	10	 -1.88	
601116	三江购物	-0.91	0.08	超市连锁	447	12.98	--  	13.09	115745	1458	          2.82	3.56	13.45	13.08	0.190㈢	    67.21	152385776	  1.08	         53.73亿	浙江	13.23	13.17	68744	47001	  1.46	13.08	46	 -2.03	
603881	数据港	-1.04	0.53	电信运营	183	31.90	--  	32.33	67754	529	          5.30	7.04	34.20	32.32	0.455㈢	    53.27	224718688	  1.76	         41.32亿	上海	32.98	33.17	37202	30552	  1.22	32.32	100	 -2.16	
600315	上海家化	-1.05	0.65	日用化工	20	30.66	--  	31.05	85713	1251	          1.28	4.62	32.11	31.05	0.676㈢	    34.45	269361632	  1.33	        208.42亿	上海	31.38	31.43	46029	39683	  1.16	31.03	279	 -2.17	
数据来源:通达信
