代码	名称	涨幅%%	涨速%%	细分行业	买量	最低	未匹配量	卖价	总量	现量	换手%%	振幅%%	最高	现价	每股收益	市盈(动)	总金额	量比	流通市值	地区	今开	均价	内盘	外盘	内外比	买价	卖量	强弱度%%	
300353	东土科技	10.04	0.00	通信设备	11286	11.03	--  	--  	535813	609	         15.26	9.40	12.06	12.06	0.088㈢	   102.92	631186752	  1.97	         42.34亿	北京	11.26	11.78	277638	258175	  1.08	12.06	0	  7.67	
300491	通合科技	10.02	0.00	电气设备	18745	16.56	--  	--  	69985	67	         12.23	10.02	18.22	18.22	0.022㈢	   611.71	123142280	  1.53	         10.43亿	河北	16.56	17.60	31341	38644	  0.81	18.22	0	  7.66	
600776	东方通信	10.02	0.00	通信设备	68051	27.30	--  	--  	1151946	970	         12.05	11.28	30.42	30.42	0.061㈢	   373.60	3360540928	  0.89	        290.82亿	浙江	27.82	29.17	552184	599762	  0.92	30.42	0	  8.90	
600756	浪潮软件	10.01	0.00	软件服务	54650	20.17	--  	--  	411468	412	         12.70	4.85	21.10	21.10	0.309㈢	    51.17	857275456	  1.80	         68.38亿	山东	21.10	20.83	218839	192628	  1.14	21.10	0	  8.89	
300556	丝路视觉	10.00	0.00	软件服务	1111	19.85	--  	--  	119758	390	         19.12	7.68	21.34	21.34	0.360㈢	    44.39	251636400	  2.16	         13.36亿	深圳	20.60	21.01	60169	59588	  1.01	21.34	0	  7.64	
000711	京蓝科技	9.98	0.00	软件服务	74008	6.05	--  	--  	237667	845	          5.85	9.32	6.61	6.61	0.170㈢	    33.25	154655232	  1.04	         26.86亿	黑龙江	6.05	6.51	170765	66901	  2.55	6.61	0	  7.62	
300070	碧水源	9.97	0.10	环境保护	1543	9.61	--  	10.48	1258299	8844	          6.24	9.13	10.48	10.48	0.182㈢	    43.19	1291084160	  1.90	        211.22亿	北京	9.62	10.26	614239	644060	  0.95	10.47	12904	  7.60	
600629	华建集团	7.10	-0.13	建筑施工	210	13.30	--  	14.49	71407	1314	          1.92	11.09	14.80	14.48	0.481㈢	    22.57	100707400	  1.62	         53.99亿	上海	13.39	14.10	32074	39333	  0.82	14.48	50	  5.98	
002573	清新环境	6.87	0.00	环境保护	3379	8.71	--  	9.33	483336	4388	          4.48	9.85	9.57	9.33	0.458㈢	    15.28	444100640	  1.65	        100.64亿	北京	8.80	9.19	232727	250608	  0.93	9.32	120	  4.51	
002308	威创股份	6.80	-0.67	电脑设备	389	5.58	--  	5.82	776704	7054	          8.61	7.35	5.98	5.81	0.162㈢	    26.97	448492032	  1.79	         52.39亿	广东	5.80	5.77	403509	373194	  1.08	5.81	2765	  4.44	
300365	恒华科技	6.53	-0.32	软件服务	190	23.20	--  	24.48	95960	923	          4.39	7.84	25.00	24.47	0.274㈢	    67.08	231273792	  1.43	         53.49亿	北京	23.20	24.10	44065	51894	  0.85	24.47	103	  4.17	
300495	美尚生态	6.28	1.52	环境保护	409	13.35	--  	14.05	365741	5239	         11.24	8.55	14.48	14.05	0.347㈢	    30.40	505599136	  2.46	         45.70亿	江苏	13.41	13.82	168253	197487	  0.85	14.04	3092	  3.91	
300212	易华录	6.05	0.15	软件服务	743	25.51	--  	26.63	182115	1009	          4.30	7.93	27.50	26.63	0.250㈢	    81.65	485816448	  1.23	        112.87亿	北京	25.59	26.68	86938	95176	  0.91	26.62	123	  3.69	
002146	荣盛发展	5.83	0.29	全国地产	601	9.85	--  	10.35	980565	6693	          2.52	6.55	10.49	10.34	0.860㈢	     9.02	1003048064	  1.84	        402.59亿	河北	9.86	10.23	443615	536949	  0.83	10.34	1867	  3.47	
002373	千方科技	5.40	0.57	软件服务	324	15.30	--  	15.82	325384	3210	          3.88	5.66	16.15	15.82	0.360㈢	    35.96	513412480	  1.55	        132.78亿	北京	15.35	15.78	167858	157526	  1.07	15.81	265	  3.03	
002421	达实智能	5.29	0.46	软件服务	3000	4.14	--  	4.38	806016	11095	          4.75	8.41	4.49	4.38	0.082㈢	    40.10	348085504	  1.87	         74.28亿	深圳	4.18	4.32	354979	451036	  0.79	4.37	1965	  2.92	
300137	先河环保	5.24	-0.08	环境保护	1899	10.43	--  	10.85	363448	2769	          7.67	6.60	11.11	10.84	0.267㈢	    30.43	394700128	  1.17	         51.37亿	河北	10.43	10.86	174178	189269	  0.92	10.84	708	  2.88	
002279	久其软件	5.09	0.63	软件服务	4453	7.68	--  	8.06	279759	3355	          4.67	8.09	8.30	8.05	0.240㈢	    25.67	225553184	  1.31	         48.17亿	北京	7.69	8.06	130012	149747	  0.87	8.05	1780	  2.73	
000786	北新建材	4.46	0.40	其他建材	194	19.10	--  	19.90	362419	2624	          2.56	7.09	20.45	19.89	1.160㈢	    12.34	719646656	  1.16	        281.24亿	北京	19.10	19.86	193504	168914	  1.15	19.89	133	  2.10	
002658	雪迪龙	4.02	0.24	环境保护	125	8.00	--  	8.30	87913	522	          2.89	4.89	8.39	8.29	0.230㈢	    26.95	72502032	  1.70	         25.26亿	北京	8.06	8.25	41694	46219	  0.90	8.29	1289	  1.65	
002442	龙星化工	3.98	0.00	化工原料	1036	7.54	--  	7.84	149343	2781	          3.11	4.38	7.87	7.83	0.277㈣	    28.32	115165544	  1.65	         37.55亿	河北	7.58	7.71	69039	80304	  0.86	7.83	471	  1.62	
000062	深圳华强	3.92	0.00	批发业	151	20.15	--  	20.96	98178	1717	          1.39	7.44	21.65	20.95	0.719㈢	    21.84	202649504	  1.59	        147.87亿	深圳	20.20	20.64	48903	49274	  0.99	20.95	49	  1.55	
600606	绿地控股	3.58	0.14	全国地产	1567	7.02	--  	7.24	1396237	10714	          1.15	5.72	7.42	7.24	0.731㈢	     7.43	1008191424	  1.68	        880.97亿	上海	7.05	7.22	623203	773034	  0.81	7.23	4548	  2.45	
000826	启迪桑德	3.40	0.16	环境保护	41	11.76	--  	12.15	364504	4428	          3.07	6.21	12.49	12.15	0.540㈢	    15.37	443699264	  1.65	        144.30亿	湖北	11.90	12.17	184912	179592	  1.03	12.14	273	  1.04	
300055	万邦达	3.20	0.00	环境保护	479	8.44	--  	8.72	255689	2347	          2.96	6.04	8.95	8.71	0.277㈢	    23.59	223951744	  1.64	         75.27亿	北京	8.44	8.76	128727	126962	  1.01	8.71	507	  0.83	
002410	广联达	3.11	0.44	软件服务	105	26.51	--  	27.20	190528	690	          2.15	6.71	28.28	27.20	0.260㈢	    78.51	521888384	  1.49	        241.10亿	北京	26.51	27.39	90030	100497	  0.90	27.19	82	  0.74	
002717	岭南股份	3.08	0.23	环境保护	816	8.45	--  	8.70	301150	2893	          4.41	5.09	8.88	8.70	0.570㈢	    11.68	261901344	  1.61	         59.39亿	广东	8.47	8.70	137784	163365	  0.84	8.69	670	  0.72	
300255	常山药业	3.05	0.00	生物制药	570	4.94	--  	5.06	221606	798	          3.43	4.07	5.14	5.06	0.172㈢	    22.04	112683816	  1.66	         32.70亿	河北	4.94	5.08	106249	115356	  0.92	5.05	1134	  0.69	
300287	飞利信	3.00	-0.21	软件服务	3344	4.40	--  	4.48	850685	6665	          7.60	5.53	4.64	4.47	0.170㈢	    19.77	382388992	  1.39	         50.01亿	北京	4.41	4.50	401548	449137	  0.89	4.47	636	  0.63	
300213	佳讯飞鸿	2.95	0.00	通信设备	1576	7.53	--  	7.67	353994	2966	          9.18	5.10	7.91	7.67	0.113㈢	    50.77	272161280	  1.14	         29.59亿	北京	7.58	7.69	163487	190506	  0.86	7.66	510	  0.59	
002887	绿茵生态	2.82	0.29	环境保护	140	20.18	--  	20.79	43384	334	          8.45	4.55	21.10	20.78	0.708㈢	    22.01	89803088	  1.18	         10.67亿	天津	20.28	20.70	20978	22406	  0.94	20.78	15	  0.46	
300001	特锐德	2.80	-0.23	电气设备	268	24.18	--  	24.57	242963	1899	          2.63	6.49	25.73	24.57	0.144㈢	   127.96	605742912	  1.49	        227.20亿	山东	24.20	24.93	118675	124288	  0.95	24.56	80	  0.44	
000652	泰达股份	2.80	1.25	批发业	477	3.94	--  	4.04	543363	6206	          3.69	5.34	4.15	4.04	0.049㈢	    61.79	218534192	  0.93	         59.55亿	天津	4.03	4.02	288097	255266	  1.13	4.03	299	  0.43	
603019	中科曙光	2.66	0.00	电脑设备	556	47.40	--  	47.92	323690	1699	          5.03	4.50	49.50	47.91	0.270㈢	   132.91	1570715008	  1.28	        308.07亿	天津	48.51	48.53	165686	158003	  1.05	47.91	125	  1.54	
000401	冀东水泥	2.56	0.06	水泥	2770	16.01	--  	16.40	847632	12462	          6.29	4.00	16.65	16.40	1.050㈢	    11.72	1380406016	  1.08	        220.94亿	河北	16.53	16.29	432534	415097	  1.04	16.39	2045	  0.20	
002477	雏鹰农牧	2.46	0.00	农业综合	7851	2.41	--  	2.51	2359465	36194	         11.97	6.56	2.57	2.50	-0.277㈢	--  	590545024	  0.88	         49.27亿	河南	2.44	2.50	1051147	1308318	  0.80	2.50	13946	  0.09	
600722	金牛化工	2.44	0.00	化工原料	585	5.31	--  	5.45	273980	2694	          4.03	5.26	5.59	5.45	0.086㈣	    63.54	148390576	  1.03	         37.08亿	河北	5.38	5.42	135922	138057	  0.98	5.44	2028	  1.32	
000856	冀东装备	2.44	0.13	机械基件	684	15.38	--  	15.99	274917	3895	         12.11	5.64	16.26	15.98	0.070㈢	   170.66	436158432	  0.95	         36.27亿	河北	15.78	15.87	134410	140506	  0.96	15.98	1313	  0.07	
300675	建科院	2.38	0.53	建筑施工	19	27.51	--  	28.45	38233	936	          4.74	3.56	28.50	28.44	0.025㈢	   852.03	107230600	  0.92	         22.94亿	深圳	28.10	28.05	18122	20110	  0.90	28.44	268	  0.01	
600266	北京城建	2.37	0.00	区域地产	135	9.42	--  	9.52	324967	2160	          2.07	4.09	9.80	9.52	0.370㈢	    16.68	311364576	  1.26	        149.18亿	北京	9.42	9.58	173077	151890	  1.14	9.51	732	  1.24	
300332	天壕环境	2.36	-0.45	环境保护	1429	4.19	--  	4.34	328933	3480	          4.63	5.91	4.44	4.33	0.035㈢	    91.97	142546400	  1.20	         30.74亿	北京	4.24	4.33	162508	166425	  0.98	4.33	561	 -0.00	
002734	利民股份	2.33	0.61	农药化肥	2	12.79	--  	13.20	50174	595	          2.45	4.57	13.38	13.20	0.540㈢	    18.69	65601276	  1.30	         27.03亿	江苏	13.11	13.07	23256	26917	  0.86	13.18	176	 -0.04	
000680	山推股份	2.30	0.25	工程机械	1828	3.90	--  	4.01	491691	2846	          4.65	5.61	4.12	4.01	0.069㈢	    43.87	198317968	  1.56	         42.38亿	山东	3.93	4.03	241450	250241	  0.96	4.00	3785	 -0.07	
600803	新奥股份	2.29	-0.08	农药化肥	298	11.40	--  	11.61	362397	2063	          2.95	4.14	11.87	11.60	0.880㈢	    10.34	421499616	  1.40	        142.61亿	河北	11.44	11.63	188581	173816	  1.08	11.60	350	  1.17	
300157	恒泰艾普	2.29	-0.19	石油开采	1950	4.80	--  	4.93	305646	1353	          4.98	4.37	5.01	4.92	0.045㈢	    82.02	150006256	  1.16	         30.19亿	北京	4.83	4.91	151974	153672	  0.99	4.92	1249	 -0.08	
002665	首航节能	2.28	0.00	电气设备	5897	3.08	--  	3.14	1135581	9250	          5.03	4.56	3.22	3.14	-0.006㈢	--  	357431456	  1.26	         70.85亿	北京	3.12	3.15	514605	620975	  0.83	3.13	3155	 -0.08	
600405	动力源	2.28	0.75	电气设备	49	5.29	--  	5.39	205531	3483	          3.71	3.23	5.46	5.39	-0.090㈢	--  	110347776	  1.00	         29.82亿	北京	5.31	5.37	106382	99148	  1.07	5.38	263	  1.16	
000600	建投能源	2.27	0.30	火力发电	486	6.61	--  	6.75	142609	1408	          1.31	3.33	6.83	6.75	0.158㈢	    32.04	96267336	  1.04	         73.58亿	河北	6.61	6.75	62823	79785	  0.79	6.74	103	 -0.09	
600170	上海建工	2.25	0.55	建筑施工	7568	3.56	--  	3.63	764342	7707	          0.90	3.10	3.67	3.63	0.190㈢	    13.39	277400992	  1.28	        308.07亿	上海	3.57	3.63	342155	422187	  0.81	3.62	890	  1.13	
002065	东华软件	2.10	0.12	软件服务	1272	8.14	--  	8.29	776443	2755	          2.77	5.30	8.57	8.28	0.210㈢	    29.57	648559424	  1.52	        232.48亿	北京	8.21	8.35	330340	446102	  0.74	8.28	2721	 -0.27	
600476	湘邮科技	2.05	-0.06	软件服务	142	14.61	--  	14.90	80915	1949	          5.02	3.90	15.18	14.90	-0.068㈢	--  	121100112	  0.82	         24.00亿	湖南	14.75	14.97	39130	41784	  0.94	14.89	857	  0.93	
300140	中环装备	2.04	0.20	电气设备	414	9.76	--  	9.98	172901	1770	          7.00	5.11	10.26	9.98	-0.080㈢	--  	172951168	  1.06	         24.64亿	陕西	9.87	10.00	88622	84279	  1.05	9.97	704	 -0.32	
300011	鼎汉技术	2.03	0.14	运输设备	303	6.98	--  	7.04	194173	930	          4.33	3.19	7.20	7.04	0.056㈢	    94.41	137725552	  1.29	         31.55亿	北京	7.00	7.09	102925	91248	  1.13	7.03	339	 -0.34	
600008	首创股份	1.99	0.24	环境保护	855	4.00	--  	4.10	807493	7852	          1.68	4.23	4.17	4.10	0.090㈢	    40.73	331088384	  1.34	        197.65亿	北京	4.01	4.10	362944	444549	  0.82	4.09	1571	  0.87	
002431	棕榈股份	1.99	0.22	建筑施工	4004	4.53	--  	4.62	566362	4512	          4.27	3.97	4.71	4.62	0.010㈢	   345.23	262838768	  1.19	         61.22亿	广东	4.54	4.64	279288	287073	  0.97	4.61	339	 -0.38	
600340	华夏幸福	1.97	0.00	区域地产	477	30.98	--  	31.65	418821	2420	          1.42	6.12	32.88	31.65	2.540㈢	     9.05	1341710848	  2.02	        935.24亿	河北	31.00	32.04	203832	214988	  0.95	31.64	13	  0.84	
600787	中储股份	1.95	0.48	仓储物流	309	6.14	--  	6.27	161824	1154	          0.74	4.07	6.39	6.26	0.033㈢	   140.24	101498144	  1.35	        137.71亿	天津	6.18	6.27	76915	84908	  0.91	6.26	983	  0.83	
300273	和佳股份	1.94	0.17	医疗保健	154	5.69	--  	5.77	352436	4108	          6.27	3.89	5.91	5.77	0.110㈢	    39.56	204220368	  1.07	         32.44亿	广东	5.74	5.79	166936	185500	  0.90	5.76	3370	 -0.42	
600874	创业环保	1.92	0.00	环境保护	1475	9.37	--  	9.56	376960	1774	          3.47	4.38	9.78	9.55	0.292㈢	    24.51	362063424	  1.19	        103.83亿	天津	9.47	9.60	180344	196615	  0.92	9.55	687	  0.80	
300371	汇中股份	1.91	0.00	电器仪表	46	14.54	--  	14.93	10695	88	          1.25	3.89	15.11	14.93	0.420㈢	    27.10	15897339	  1.04	         12.75亿	河北	14.65	14.86	5216	5479	  0.95	14.92	66	 -0.45	
300152	科融环境	1.81	1.44	环境保护	6280	2.66	--  	2.82	1080780	11363	         15.16	7.94	2.88	2.82	-0.367㈢	--  	303016800	  1.10	         20.10亿	江苏	2.66	2.80	545920	534859	  1.02	2.81	3049	 -0.56	
300075	数字政通	1.79	0.34	软件服务	745	11.76	--  	11.92	164011	1672	          5.45	4.27	12.26	11.91	0.210㈢	    42.40	196431792	  1.21	         35.85亿	北京	11.82	11.98	80216	83794	  0.96	11.91	97	 -0.57	
300187	永清环保	1.77	-0.15	环境保护	1009	6.25	--  	6.34	146295	1044	          2.30	3.54	6.47	6.33	0.031㈢	   154.06	93482184	  1.25	         40.21亿	湖南	6.27	6.39	73261	73033	  1.00	6.33	345	 -0.60	
300021	大禹节水	1.71	1.36	农业综合	100	5.80	--  	5.96	250278	9929	          3.86	2.73	5.96	5.96	0.072㈢	    62.26	147242288	  1.37	         38.64亿	甘肃	5.88	5.88	117776	132501	  0.89	5.93	775	 -0.66	
002494	华斯股份	1.69	0.17	服饰	640	5.90	--  	6.01	108639	753	          3.68	2.88	6.07	6.00	0.044㈣	   137.17	65139332	  1.03	         17.70亿	河北	5.95	6.00	59869	48770	  1.23	6.00	743	 -0.67	
000605	渤海股份	1.64	0.10	水务	267	10.38	--  	10.52	90605	1744	          3.32	3.09	10.70	10.52	0.104㈢	    75.55	95546240	  0.97	         28.72亿	北京	10.54	10.55	43881	46724	  0.94	10.51	374	 -0.72	
000687	华讯方舟	1.56	0.13	通信设备	23	7.68	--  	7.82	165542	685	          2.20	4.94	8.06	7.81	0.065㈢	    89.44	129917504	  1.42	         58.80亿	河北	7.75	7.85	81783	83758	  0.98	7.81	588	 -0.80	
600095	哈高科	1.56	0.00	区域地产	20	4.49	--  	4.58	135316	1202	          3.75	2.89	4.62	4.57	-0.007㈢	--  	61852316	  0.92	         16.51亿	黑龙江	4.52	4.57	72988	62328	  1.17	4.57	3090	  0.43	
002459	天业通联	1.55	0.48	工程机械	1000	12.20	--  	12.44	105225	1385	          2.72	3.10	12.58	12.44	0.035㈢	   269.80	130542944	  0.79	         48.14亿	河北	12.22	12.41	53051	52174	  1.02	12.43	531	 -0.81	
600812	华北制药	1.54	0.22	化学制药	1167	4.55	--  	4.62	153302	544	          0.94	2.42	4.66	4.62	0.047㈢	    73.45	70513408	  1.13	         75.34亿	河北	4.57	4.60	78551	74751	  1.05	4.61	1514	  0.42	
002580	圣阳股份	1.53	0.50	电气设备	564	5.85	--  	5.99	141108	1449	          4.73	3.90	6.08	5.99	0.040㈢	   112.41	84487152	  1.11	         17.87亿	山东	5.96	5.99	70883	70224	  1.01	5.98	285	 -0.84	
600795	国电电力	1.51	0.37	火力发电	8083	2.64	--  	2.69	1634978	7978	          0.83	3.02	2.72	2.69	0.130㈢	    15.06	439192000	  1.19	        528.60亿	辽宁	2.65	2.69	755377	879600	  0.86	2.68	19079	  0.39	
600376	首开股份	1.49	0.49	区域地产	178	8.08	--  	8.20	146637	530	          0.58	3.35	8.35	8.19	0.550㈢	     9.15	120888216	  1.09	        208.50亿	北京	8.15	8.24	80707	65930	  1.22	8.19	378	  0.37	
300334	津膜科技	1.48	0.12	专用机械	410	8.11	--  	8.22	118126	861	          4.11	4.44	8.47	8.22	0.017㈢	   363.25	98010472	  1.46	         23.62亿	天津	8.14	8.30	61257	56869	  1.08	8.21	24	 -0.88	
000897	津滨发展	1.48	0.00	区域地产	2960	2.69	--  	2.75	459227	3524	          2.84	5.17	2.83	2.75	-0.023㈢	--  	126955040	  1.09	         44.47亿	天津	2.70	2.76	203574	255652	  0.80	2.74	2146	 -0.89	
000558	莱茵体育	1.47	0.29	文教休闲	1876	3.39	--  	3.46	308304	1636	          2.39	3.81	3.52	3.46	0.015㈢	   170.24	106704760	  1.00	         44.58亿	浙江	3.43	3.46	149865	158439	  0.95	3.45	5973	 -0.90	
600846	同济科技	1.44	0.24	综合类	899	8.38	--  	8.47	310271	2734	          4.97	3.36	8.66	8.46	0.235㈢	    26.98	263508752	  0.88	         52.85亿	上海	8.40	8.49	152402	157868	  0.97	8.46	557	  0.32	
300374	恒通科技	1.39	0.18	其他建材	374	10.65	--  	10.93	86640	718	          5.26	6.12	11.31	10.93	0.216㈢	    37.97	94808464	  1.24	         17.99亿	北京	10.70	10.94	45953	40687	  1.13	10.92	283	 -0.97	
002392	北京利尔	1.31	0.26	其他建材	3282	3.79	--  	3.86	227229	921	          3.08	3.15	3.91	3.86	0.201㈢	    14.44	87673112	  0.96	         28.45亿	北京	3.82	3.86	118195	109033	  1.08	3.85	2198	 -1.05	
002350	北京科锐	1.28	-0.27	电气设备	516	7.02	--  	7.12	137205	426	          2.81	3.99	7.30	7.11	0.150㈢	    39.30	98386432	  1.19	         34.73亿	北京	7.06	7.17	67049	70155	  0.96	7.11	468	 -1.08	
002305	南国置业	1.23	0.00	区域地产	2528	3.27	--  	3.31	375616	3585	          2.31	3.99	3.40	3.30	0.017㈢	   144.46	124866944	  0.83	         53.57亿	湖北	3.30	3.32	191122	184493	  1.04	3.30	2758	 -1.14	
600155	华创阳安	1.21	0.10	证券	81	9.66	--  	10.08	394060	2482	          3.49	10.25	10.68	10.07	0.143㈢	    52.97	399046368	  1.16	        113.61亿	北京	9.98	10.13	207652	186407	  1.11	10.07	384	  0.08	
600717	天津港	1.20	0.48	港口	203	8.32	--  	8.44	188428	917	          1.13	2.88	8.56	8.44	0.387㈢	    16.37	159094288	  1.10	        141.35亿	天津	8.40	8.44	94874	93553	  1.01	8.43	1429	  0.08	
000709	河钢股份	1.17	0.00	普钢	6257	3.42	--  	3.45	1263892	4803	          1.19	2.05	3.49	3.45	0.317㈢	     8.15	436637632	  1.09	        366.28亿	河北	3.44	3.45	636585	627306	  1.01	3.44	15672	 -1.19	
600339	中油工程	1.16	0.00	石油加工	1937	4.27	--  	4.38	507371	2053	          3.27	4.17	4.45	4.37	0.093㈢	    35.28	220740672	  1.63	         67.83亿	新疆	4.32	4.35	244941	262429	  0.93	4.37	276	  0.04	
300296	利亚德	1.15	-0.22	半导体	3045	8.69	--  	8.79	708503	4839	          3.91	4.61	9.09	8.78	0.372㈢	    17.71	632113664	  1.08	        158.93亿	北京	8.83	8.92	358887	349616	  1.03	8.78	706	 -1.21	
300259	新天科技	1.15	0.00	电器仪表	4213	3.46	--  	3.52	326082	1256	          4.50	4.02	3.60	3.52	0.092㈢	    28.60	115505168	  0.96	         25.50亿	河南	3.51	3.54	152164	173918	  0.87	3.51	2394	 -1.22	
603903	中持股份	1.13	0.13	环境保护	127	23.02	--  	23.24	37370	457	          5.04	3.79	23.89	23.23	0.630㈢	    28.04	87748960	  1.29	         17.22亿	北京	23.02	23.48	17568	19801	  0.89	23.23	44	  0.01	
603126	中材节能	1.13	0.32	环境保护	528	6.19	--  	6.27	119621	1472	          1.96	3.87	6.43	6.27	0.150㈢	    31.25	75554576	  1.19	         38.28亿	天津	6.23	6.32	63570	56051	  1.13	6.26	196	  0.01	
300500	启迪设计	1.12	0.13	建筑施工	96	23.20	--  	23.47	24137	202	          2.04	3.28	23.96	23.46	0.470㈢	    38.70	56818904	  1.23	         27.74亿	江苏	23.32	23.54	12662	11475	  1.10	23.46	3	 -1.24	
002809	红墙股份	1.12	0.06	化工原料	33	16.99	--  	17.18	28841	178	          4.74	2.71	17.45	17.17	0.630㈢	    20.56	49915576	  1.11	         10.44亿	广东	16.99	17.31	14727	14113	  1.04	17.17	160	 -1.25	
300349	金卡智能	1.11	0.19	软件服务	55	20.80	--  	21.00	108115	383	          3.07	4.09	21.65	21.00	0.810㈢	    19.53	228504176	  1.28	         73.95亿	浙江	21.10	21.14	52476	55639	  0.94	20.98	416	 -1.26	
002743	富煌钢构	1.07	0.30	钢加工	481	6.53	--  	6.59	85848	778	          2.57	2.76	6.71	6.59	0.187㈢	    26.47	56803412	  1.04	         22.05亿	安徽	6.54	6.62	43143	42705	  1.01	6.58	15	 -1.29	
300048	合康新能	1.06	0.00	电气设备	199	2.83	--  	2.87	280173	2338	          2.78	3.18	2.92	2.86	0.019㈢	   113.90	80522632	  1.04	         28.80亿	北京	2.85	2.87	135781	144391	  0.94	2.86	1506	 -1.30	
002775	文科园林	1.02	0.14	建筑施工	180	6.84	--  	6.91	96232	723	          2.22	3.80	7.10	6.91	0.400㈢	    13.79	67208448	  0.90	         29.95亿	深圳	6.88	6.98	54665	41567	  1.32	6.90	227	 -1.34	
002108	沧州明珠	0.98	0.19	塑料	1947	5.05	--  	5.18	639196	4593	          4.51	4.88	5.30	5.17	0.219㈢	    17.73	330228384	  1.28	         73.31亿	河北	5.14	5.17	326497	312699	  1.04	5.17	4735	 -1.39	
300041	回天新材	0.97	0.28	化工原料	738	7.16	--  	7.27	109895	797	          3.37	3.06	7.38	7.27	0.259㈢	    21.04	79913896	  1.42	         23.70亿	湖北	7.21	7.27	56809	53086	  1.07	7.26	910	 -1.39	
300621	维业股份	0.97	0.58	装修装饰	25	10.30	--  	10.40	27956	179	          4.28	2.43	10.55	10.40	0.370㈢	    21.69	29134644	  1.25	          6.79亿	深圳	10.43	10.42	13165	14790	  0.89	10.39	24	 -1.39	
000852	石化机械	0.96	-0.11	化工机械	557	8.30	--  	8.44	224367	2487	          3.75	5.03	8.72	8.43	-0.061㈢	--  	189890496	  1.34	         50.42亿	湖北	8.38	8.46	121856	102510	  1.19	8.43	580	 -1.41	
603357	设计总院	0.95	0.10	建筑施工	345	20.10	--  	20.26	93931	769	          5.92	2.19	20.54	20.26	1.073㈢	    14.17	190545792	  1.07	         32.15亿	安徽	20.10	20.29	50752	43179	  1.18	20.25	281	 -0.17	
300428	四通新材	0.94	0.17	铝	367	11.62	--  	11.83	52749	381	          3.82	3.58	12.04	11.83	0.200㈢	    80.96	62628724	  1.18	         16.33亿	河北	11.72	11.87	24922	27827	  0.90	11.82	43	 -1.43	
002713	东易日盛	0.92	-0.33	装修装饰	239	17.30	--  	17.62	29425	72	          1.18	4.58	18.10	17.61	0.322㈢	    41.07	52158040	  1.41	         44.06亿	北京	17.60	17.73	15418	14007	  1.10	17.61	8	 -1.45	
300107	建新股份	0.92	1.00	化工原料	999	11.91	--  	12.13	354556	4232	         10.69	6.57	12.70	12.13	0.900㈢	    10.09	432298080	  1.07	         40.23亿	河北	12.67	12.19	192896	161660	  1.19	12.12	290	 -1.45	
002457	青龙管业	0.90	0.11	塑料	2674	8.83	--  	9.00	216475	2116	          6.47	3.59	9.15	9.00	0.112㈢	    60.17	194694288	  0.93	         30.10亿	宁夏	8.92	8.99	111662	104813	  1.07	8.99	477	 -1.47	
600963	岳阳林纸	0.88	0.22	造纸	1718	4.51	--  	4.57	307948	2315	          2.95	3.09	4.65	4.57	0.244㈢	    14.05	141132096	  1.10	         47.67亿	湖南	4.53	4.58	154625	153323	  1.01	4.56	111	 -0.24	
600480	凌云股份	0.87	0.65	汽车配件	135	9.23	--  	9.33	91967	1219	          2.04	2.81	9.49	9.32	0.490㈢	    14.45	86038784	  1.08	         42.03亿	河北	9.28	9.36	49953	42013	  1.19	9.32	119	 -0.26	
600533	栖霞建设	0.84	0.00	区域地产	2010	3.56	--  	3.61	366741	6930	          3.49	3.35	3.68	3.61	0.107㈢	    25.35	132887312	  0.82	         37.90亿	江苏	3.61	3.62	193826	172915	  1.12	3.60	1152	 -0.28	
600482	中国动力	0.83	0.39	电气设备	20	25.01	--  	25.57	66136	932	          0.74	3.43	25.88	25.55	0.580㈢	    33.06	168829472	  1.02	        227.68亿	河北	25.49	25.53	32753	33382	  0.98	25.55	60	 -0.29	
002271	东方雨虹	0.81	0.15	其他建材	33	19.37	--  	20.01	366716	1321	          3.69	6.70	20.70	20.00	0.740㈢	    20.09	736034816	  1.68	        198.70亿	北京	20.08	20.07	205331	161385	  1.27	20.00	568	 -1.56	
000012	南 玻Ａ	0.80	0.20	玻璃	1993	4.98	--  	5.01	364513	1884	          2.05	2.62	5.11	5.01	0.170㈢	    22.93	183887376	  1.04	         88.93亿	深圳	5.00	5.04	177019	187493	  0.94	5.00	285	 -1.56	
000923	河北宣工	0.80	-0.06	铜	885	14.97	--  	15.10	69057	758	          3.49	2.87	15.40	15.09	0.110㈢	   102.70	104750808	  0.88	         29.88亿	河北	14.97	15.17	34995	34062	  1.03	15.09	502	 -1.56	
603969	银龙股份	0.78	0.39	其他建材	855	5.10	--  	5.20	253488	2942	          3.01	3.29	5.27	5.20	0.110㈢	    35.56	131338976	  1.15	         43.73亿	天津	5.12	5.18	123571	129916	  0.95	5.19	1476	 -0.35	
000018	神州长城	0.74	0.00	装修装饰	1831	2.67	--  	2.74	636963	6821	          6.40	5.17	2.81	2.73	0.015㈢	   136.45	174520528	  0.76	         27.18亿	深圳	2.70	2.74	335489	301473	  1.11	2.73	4195	 -1.63	
603098	森特股份	0.73	0.20	装修装饰	283	14.86	--  	15.10	73051	1534	          9.74	2.80	15.28	15.10	0.328㈢	    34.51	110129200	  0.91	         11.33亿	北京	15.00	15.08	35386	37665	  0.94	15.09	5	 -0.39	
601992	金隅集团	0.73	0.73	水泥	1068	4.09	--  	4.15	1567435	14686	          1.88	2.92	4.21	4.14	0.291㈢	    10.68	649814656	  1.09	        345.03亿	北京	4.16	4.15	874149	693286	  1.26	4.14	10380	 -0.39	
002011	盾安环境	0.72	0.00	工程机械	1288	5.54	--  	5.60	419197	3251	          4.98	4.86	5.81	5.59	0.045㈢	    92.94	237375024	  0.79	         47.02亿	浙江	5.60	5.66	213516	205680	  1.04	5.59	3358	 -1.64	
000965	天保基建	0.72	0.00	区域地产	1548	4.18	--  	4.23	204643	1355	          1.84	2.15	4.27	4.22	0.342㈢	     9.26	86590416	  1.09	         46.83亿	天津	4.23	4.23	97709	106933	  0.91	4.22	1709	 -1.65	
000615	京汉股份	0.70	0.35	全国地产	115	5.71	--  	5.77	252772	3636	          3.93	2.62	5.86	5.76	0.007㈢	   579.37	146193504	  0.81	         37.08亿	湖北	5.74	5.78	133784	118988	  1.12	5.76	1345	 -1.67	
000959	首钢股份	0.69	0.23	普钢	214	4.30	--  	4.36	257677	1897	          0.87	3.01	4.43	4.35	0.405㈢	     8.06	112158752	  1.13	        129.04亿	北京	4.34	4.35	144272	113404	  1.27	4.35	1196	 -1.67	
601000	唐山港	0.69	-0.33	港口	13805	2.91	--  	2.93	891109	4256	          1.60	3.10	3.00	2.92	0.187㈢	    11.71	262384256	  0.78	        162.76亿	河北	2.96	2.94	462042	429066	  1.08	2.92	1776	 -0.43	
600550	保变电气	0.68	0.23	电气设备	717	4.37	--  	4.42	212199	2671	          1.38	2.51	4.48	4.41	-0.120㈢	--  	94061128	  1.08	         67.68亿	河北	4.39	4.43	107848	104351	  1.03	4.41	1704	 -0.44	
002691	冀凯股份	0.64	0.13	专用机械	628	7.79	--  	7.86	100425	1196	          2.96	2.82	8.01	7.85	0.035㈢	   170.64	79227064	  0.98	         26.62亿	河北	7.86	7.89	50293	50132	  1.00	7.85	240	 -1.72	
600496	精工钢构	0.63	0.31	钢加工	3620	3.17	--  	3.19	366656	850	          2.43	2.21	3.24	3.19	0.081㈢	    29.49	117438224	  0.91	         48.18亿	安徽	3.19	3.20	194083	172572	  1.12	3.18	4935	 -0.49	
300275	梅安森	0.57	0.00	软件服务	191	8.75	--  	8.85	53946	271	          4.59	3.98	9.10	8.84	0.092㈢	    72.30	48069936	  1.09	         10.40亿	重庆	8.75	8.91	28967	24979	  1.16	8.84	87	 -1.80	
600617	国新能源	0.56	-0.18	供气供热	29	5.31	--  	5.38	91540	1218	          0.94	2.62	5.45	5.37	0.012㈢	   349.00	49312924	  0.99	         52.35亿	山西	5.35	5.39	46805	44735	  1.05	5.37	568	 -0.56	
300344	太空智造	0.56	0.14	其他建材	493	7.10	--  	7.19	159159	1347	          7.78	3.22	7.33	7.18	0.140㈢	    39.05	114790416	  1.03	         14.70亿	北京	7.15	7.21	83222	75937	  1.10	7.18	669	 -1.80	
000881	中广核技	0.48	-0.11	综合类	86	8.34	--  	8.38	91732	1007	          2.98	2.76	8.57	8.37	0.184㈢	    34.12	77465352	  1.05	         25.78亿	辽宁	8.34	8.44	46924	44808	  1.05	8.37	11	 -1.88	
300446	乐凯新材	0.42	0.16	化工原料	65	18.85	--  	19.04	33913	205	          2.86	3.69	19.55	19.03	0.571㈢	    25.00	65188324	  0.78	         22.53亿	河北	19.22	19.22	13343	20569	  0.65	19.03	25	 -1.94	
002282	博深工具	0.41	0.10	轻工机械	27	9.70	--  	9.76	78084	676	          3.46	2.47	9.94	9.75	0.180㈢	    41.80	76506552	  1.15	         21.99亿	河北	9.73	9.80	42396	35688	  1.19	9.75	187	 -1.95	
002158	汉钟精机	0.40	0.30	工程机械	219	9.77	--  	9.93	268469	3417	          5.07	3.24	10.09	9.92	0.300㈢	    24.97	266326688	  0.91	         52.49亿	上海	9.87	9.92	143518	124951	  1.15	9.92	183	 -1.96	
002781	奇信股份	0.40	-0.22	装修装饰	69	17.27	--  	17.47	37051	295	          1.78	4.49	18.05	17.45	0.661㈢	    19.81	65039044	  1.37	         36.34亿	深圳	17.39	17.55	17720	19331	  0.92	17.45	18	 -1.96	
002586	围海股份	0.39	0.19	建筑施工	62	5.12	--  	5.19	179182	826	          2.58	3.10	5.28	5.18	0.180㈢	    23.94	93186448	  1.21	         35.93亿	浙江	5.15	5.20	85338	93844	  0.91	5.18	1292	 -1.98	
002398	建研集团	0.38	0.00	其他建材	2607	5.20	--  	5.26	102405	448	          1.95	2.68	5.34	5.25	0.300㈢	    13.46	54054180	  1.12	         27.59亿	福建	5.23	5.28	52791	49614	  1.06	5.25	89	 -1.98	
002135	东南网架	0.36	0.00	建筑施工	137	5.58	--  	5.61	81279	749	          0.85	2.15	5.70	5.60	0.145㈢	    29.02	45752052	  0.96	         53.68亿	浙江	5.63	5.63	42652	38627	  1.10	5.60	382	 -2.01	
600029	南方航空	0.36	0.00	空运	3748	8.30	--  	8.43	991383	5235	          1.41	3.93	8.63	8.42	0.400㈢	    18.56	838009152	  0.80	        591.31亿	广东	8.44	8.45	461255	530127	  0.87	8.42	2993	 -0.76	
603616	韩建河山	0.33	0.25	其他建材	237	11.85	--  	12.00	121056	694	          4.13	3.60	12.28	11.99	0.025㈢	   362.69	145906032	  0.99	         35.17亿	北京	11.85	12.05	63698	57357	  1.11	11.99	1161	 -0.79	
002342	巨力索具	0.25	-0.24	机械基件	3966	3.91	--  	3.95	333321	2088	          3.78	2.80	4.02	3.94	0.016㈢	   182.11	132116176	  1.04	         34.72亿	河北	3.97	3.96	167677	165643	  1.01	3.94	3194	 -2.11	
600089	特变电工	0.25	0.13	电气设备	3640	7.94	--  	7.97	759875	4508	          2.05	2.39	8.13	7.96	0.522㈢	    11.44	610764800	  1.28	        295.66亿	新疆	8.00	8.04	403753	356122	  1.13	7.96	1892	 -0.87	
600764	中国海防	0.11	0.61	通信设备	78	27.60	--  	27.94	24005	202	          0.73	3.05	28.45	27.91	0.064㈢	   328.53	67140056	  0.85	         91.76亿	北京	27.88	27.97	12941	11063	  1.17	27.91	13	 -1.01	
300649	杭州园林	0.04	0.00	建筑施工	209	26.19	--  	26.44	34673	343	         10.84	3.10	27.01	26.43	0.246㈢	    80.47	92543640	  1.23	          8.46亿	浙江	26.20	26.69	18200	16473	  1.10	26.43	50	 -2.33	
300732	设研院	0.03	-0.04	建筑施工	26	37.00	--  	37.17	40329	348	          4.78	2.48	37.92	37.17	1.350㈢	    21.81	150975872	  1.08	         31.34亿	河南	37.20	37.44	20476	19852	  1.03	37.16	66	 -2.34	
600463	空港股份	0.00	0.00	园区开发	188	7.95	--  	7.99	76978	282	          2.57	2.51	8.15	7.98	-0.015㈢	--  	61819784	  1.13	         23.94亿	北京	8.05	8.03	34927	42050	  0.83	7.98	84	 -1.12	
600246	万通地产	0.00	0.25	区域地产	306	3.95	--  	4.04	116784	841	          0.96	4.70	4.14	4.04	0.165㈢	    18.34	47071504	  1.76	         49.16亿	北京	4.01	4.03	59815	56968	  1.05	4.03	60	 -1.12	
300335	迪森股份	0.00	0.55	供气供热	285	7.28	--  	7.33	296605	1519	         11.22	4.37	7.60	7.33	0.410㈢	    13.39	220177504	  1.91	         19.37亿	广东	7.33	7.42	169414	127191	  1.33	7.32	114	 -2.36	
002542	中化岩土	0.00	-0.41	建筑施工	2191	4.76	--  	4.80	257145	1565	          2.65	3.34	4.92	4.79	0.090㈢	    39.99	124290512	  0.94	         46.40亿	北京	4.82	4.83	129521	127623	  1.01	4.79	894	 -2.36	
000939	*ST凯迪	0.00	0.00	新型电力	40992	1.14	--  	1.16	633382	3303	          2.08	3.45	1.18	1.16	-0.441㈢	--  	73380176	  0.90	         35.24亿	湖北	1.15	1.16	322839	310543	  1.04	1.15	11353	 -2.36	
000638	万方发展	0.00	0.16	批发业	886	6.10	--  	6.21	197562	2471	          6.39	3.71	6.33	6.20	-0.063㈢	--  	122763080	  0.90	         19.18亿	辽宁	6.16	6.21	99660	97902	  1.02	6.20	223	 -2.36	
002587	奥拓电子	-0.15	0.00	元器件	1414	6.51	--  	6.57	257727	1488	          6.46	4.71	6.82	6.57	0.200㈢	    25.47	170769616	  0.93	         26.23亿	深圳	6.60	6.63	148331	109396	  1.36	6.56	12	 -2.52	
600149	ST坊展	-0.16	-0.15	综合类	306	6.07	--  	6.10	60833	952	          1.60	2.79	6.24	6.09	-0.030㈢	--  	37383384	  0.74	         23.15亿	河北	6.13	6.15	36003	24830	  1.45	6.08	330	 -1.29	
000158	常山北明	-0.17	0.52	纺织	940	5.77	--  	5.82	277276	862	          1.71	3.95	6.00	5.82	0.024㈢	   181.64	163466800	  1.10	         94.53亿	河北	5.90	5.90	146856	130419	  1.13	5.81	320	 -2.54	
603603	博天环境	-0.19	0.19	环境保护	4	20.12	--  	20.93	102850	903	          4.38	7.06	21.60	20.93	0.396㈢	    39.59	215977808	  1.09	         49.15亿	北京	20.37	21.00	55758	47091	  1.18	20.92	2441	 -1.31	
300210	森远股份	-0.22	-0.21	专用机械	637	4.56	--  	4.63	164797	1472	          4.12	4.10	4.75	4.62	0.052㈢	    66.67	76928640	  0.99	         18.49亿	辽宁	4.64	4.67	77890	86907	  0.90	4.62	602	 -2.58	
000958	东方能源	-0.23	0.00	火力发电	4229	4.22	--  	4.25	322457	3719	          2.93	2.35	4.32	4.25	0.122㈢	    26.11	137538576	  1.08	         46.72亿	河北	4.28	4.27	173968	148489	  1.17	4.24	106	 -2.60	
600135	乐凯胶片	-0.24	0.00	化工原料	64	8.21	--  	8.39	325669	2581	          8.73	4.99	8.63	8.39	0.071㈢	    89.24	274146432	  0.75	         31.29亿	河北	8.41	8.42	169473	156195	  1.09	8.38	38	 -1.36	
002616	长青集团	-0.25	0.00	环境保护	631	8.03	--  	8.06	87928	746	          1.91	4.34	8.38	8.05	0.225㈣	    35.80	71772136	  1.08	         36.98亿	广东	8.10	8.16	49184	38743	  1.27	8.05	281	 -2.61	
603717	天域生态	-0.40	0.10	环境保护	86	9.97	--  	10.02	70983	631	          5.81	4.88	10.46	10.01	0.225㈢	    33.36	72273680	  1.46	         12.22亿	重庆	10.10	10.18	37118	33864	  1.10	10.01	31	 -1.52	
300117	嘉寓股份	-0.46	0.00	装修装饰	1447	4.32	--  	4.36	171004	1271	          2.39	3.20	4.46	4.35	0.084㈢	    38.76	75082736	  1.08	         31.07亿	北京	4.37	4.39	92693	78311	  1.18	4.35	447	 -2.82	
000848	承德露露	-0.46	0.00	软饮料	620	8.68	--  	8.71	146494	438	          1.50	2.97	8.94	8.70	0.358㈢	    18.23	129074312	  1.47	         85.11亿	河北	8.79	8.81	83253	63240	  1.32	8.70	10	 -2.82	
600871	*ST油服	-0.49	-0.48	石油开采	10301	2.04	--  	2.06	375466	2315	          0.31	2.43	2.09	2.05	0.023㈢	    66.34	77664288	  1.12	        246.87亿	北京	2.06	2.07	234170	141296	  1.66	2.05	10457	 -1.61	
600230	沧州大化	-0.49	0.15	农药化肥	307	19.97	--  	20.23	217872	1208	          5.29	4.03	20.79	20.23	2.498㈢	     6.07	442363328	  1.19	         83.32亿	河北	20.35	20.30	119424	98447	  1.21	20.22	664	 -1.61	
300263	隆华科技	-0.52	0.53	专用机械	131	5.60	--  	5.72	517051	5593	          9.15	5.05	5.89	5.71	0.100㈢	    43.30	295787232	  0.99	         32.28亿	河南	5.77	5.72	279701	237350	  1.18	5.71	543	 -2.89	
601258	庞大集团	-0.53	-0.52	汽车服务	58403	1.80	--  	1.89	6118934	65798	          9.36	9.52	1.98	1.88	-0.036㈢	--  	1166117760	  1.36	        122.92亿	河北	1.89	1.91	2611337	3507596	  0.74	1.88	28495	 -1.65	
600231	凌钢股份	-0.58	0.29	普钢	3992	3.29	--  	3.44	1057857	4561	          3.82	7.25	3.54	3.43	0.432㈣	     7.94	359741728	  1.46	         95.05亿	辽宁	3.33	3.40	468679	589177	  0.80	3.43	11554	 -1.70	
601633	长城汽车	-0.61	0.25	汽车整车	867	8.05	--  	8.12	299612	1750	          0.50	3.06	8.30	8.11	0.430㈢	    14.14	244232144	  1.11	        488.85亿	河北	8.24	8.15	170137	129474	  1.31	8.11	473	 -1.73	
300407	凯发电气	-0.72	-0.47	电气设备	340	8.20	--  	8.29	93378	1245	          5.63	3.36	8.48	8.27	0.019㈢	   331.88	77796960	  1.39	         13.72亿	天津	8.31	8.33	44490	48888	  0.91	8.27	15	 -3.08	
002755	东方新星	-0.72	0.18	建筑施工	338	16.41	--  	16.51	88320	1166	          5.13	3.31	16.96	16.50	0.060㈢	  1167.16	147076000	  0.81	         28.43亿	北京	16.62	16.65	50974	37345	  1.36	16.50	44	 -3.09	
002090	金智科技	-0.73	0.00	软件服务	327	18.78	--  	19.14	43467	250	          1.88	4.26	19.60	19.12	0.338㈢	    42.38	83391664	  1.57	         44.26亿	江苏	19.31	19.19	25891	17575	  1.47	19.12	3	 -3.09	
603050	科林电气	-0.84	0.21	电气设备	408	14.09	--  	14.24	89733	390	         11.17	4.11	14.68	14.23	0.261㈢	    40.96	128560784	  1.23	         11.43亿	河北	14.34	14.33	49937	39795	  1.25	14.23	92	 -1.96	
603881	数据港	-1.04	0.53	电信运营	183	31.90	--  	32.33	67754	529	          5.30	7.04	34.20	32.32	0.455㈢	    53.27	224718688	  1.76	         41.32亿	上海	32.98	33.17	37202	30552	  1.22	32.32	100	 -2.16	
002625	光启技术	-1.29	0.09	汽车配件	582	11.43	--  	11.48	201917	1934	          4.73	3.96	11.89	11.47	0.015㈢	   560.91	235516912	  0.95	         48.98亿	浙江	11.65	11.66	116161	85756	  1.35	11.47	151	 -3.66	
002883	中设股份	-1.44	-0.16	建筑施工	347	23.15	--  	23.21	45590	305	         14.70	3.06	23.87	23.20	0.458㈢	    37.95	107198272	  1.45	          7.20亿	江苏	23.54	23.51	24798	20792	  1.19	23.20	13	 -3.81	
数据来源:通达信
