代码	名称	涨幅%%	涨速%%	细分行业	买量	最低	未匹配量	卖价	总量	现量	换手%%	振幅%%	最高	现价	每股收益	市盈(动)	总金额	量比	流通市值	地区	今开	均价	内盘	外盘	内外比	买价	卖量	强弱度%%	
300008	天海防务	10.14	3.83	船舶	49897	3.38	--  	--  	1319724	39753	         21.91	12.17	3.80	3.80	-1.379㈢	--  	468144736	  1.13	         22.89亿	上海	3.40	3.55	636783	682940	  0.93	3.80	0	  7.78	
601700	风范股份	10.02	0.00	电气设备	9064	8.15	--  	--  	1574180	11557	         13.89	12.77	9.22	9.22	0.035㈢	   195.94	1384298240	  1.34	        104.48亿	江苏	8.41	8.79	758828	815352	  0.93	9.22	0	  8.90	
002903	宇环数控	10.02	0.00	机床制造	4249	18.22	--  	--  	187012	173	         28.34	10.29	20.10	20.10	0.284㈢	    53.08	366120704	  2.55	         13.27亿	湖南	18.39	19.58	106717	80294	  1.33	20.10	0	  7.65	
600072	中船科技	10.01	0.00	船舶	25857	9.80	--  	--  	446367	2879	          7.43	9.91	10.77	10.77	0.004㈢	  2257.89	461120192	  1.71	         64.70亿	上海	9.80	10.33	223351	223016	  1.00	10.77	0	  8.89	
601890	亚星锚链	9.98	0.00	船舶	21464	5.20	--  	--  	1026286	2455	         10.70	12.05	5.84	5.84	-0.005㈢	--  	574517184	  2.17	         56.03亿	江苏	5.40	5.60	479631	546654	  0.88	5.84	0	  8.86	
601608	中信重工	9.98	0.00	专用机械	99886	4.40	--  	--  	1583529	2889	          3.65	7.89	4.74	4.74	0.020㈢	   218.01	736953472	  2.05	        205.69亿	河南	4.54	4.65	841305	742224	  1.13	4.74	0	  8.86	
600375	华菱星马	9.94	0.00	汽车整车	243988	5.53	--  	--  	20791	71	          0.37	0.00	5.53	5.53	0.027㈢	   155.36	11497213	  0.13	         30.73亿	安徽	5.53	5.53	16568	4222	  3.92	5.53	0	  8.82	
600031	三一重工	7.65	-0.08	工程机械	225	10.93	--  	11.55	2681238	19645	          3.45	8.02	11.79	11.54	0.630㈢	    13.83	3085041920	  2.42	        895.85亿	北京	11.00	11.51	1301433	1379805	  0.94	11.54	843	  6.53	
600218	全柴动力	6.98	-0.29	农用机械	568	11.95	--  	13.18	921812	10444	         25.00	12.82	13.53	13.18	0.100㈢	    99.29	1174402432	  1.15	         48.60亿	安徽	12.87	12.74	442073	479738	  0.92	13.17	1376	  5.86	
601100	恒立液压	6.42	0.44	工程机械	5	28.15	--  	29.82	119728	280	          1.36	7.03	30.12	29.82	0.816㈢	    27.42	351795648	  2.13	        263.01亿	江苏	28.30	29.38	56761	62966	  0.90	29.81	329	  5.30	
600685	中船防务	6.27	0.19	船舶	1879	14.60	--  	15.77	298332	8528	          3.63	8.43	15.85	15.76	-0.408㈢	--  	450750720	  1.29	        129.46亿	广东	14.78	15.11	147322	151009	  0.98	15.76	384	  5.15	
000338	潍柴动力	6.18	0.00	汽车配件	1276	9.94	--  	10.65	1702075	11348	          4.01	10.27	10.97	10.65	0.756㈢	    10.56	1796992640	  1.86	        451.97亿	山东	10.08	10.56	771336	930738	  0.83	10.64	624	  3.82	
000425	徐工机械	4.49	0.24	工程机械	6142	4.06	--  	4.19	2567525	12265	          3.67	6.23	4.31	4.19	0.192㈢	    16.33	1077102976	  1.93	        293.03亿	江苏	4.09	4.20	1176275	1391250	  0.85	4.18	6369	  2.12	
600885	宏发股份	4.15	1.24	电气设备	18	25.59	--  	26.84	67908	367	          0.91	5.47	27.00	26.84	0.790㈢	    25.48	180707024	  1.39	        199.89亿	湖北	25.81	26.61	31601	36306	  0.87	26.83	14	  3.03	
601989	中国重工	4.13	2.02	船舶	7369	5.29	--  	5.56	3308750	97003	          1.80	4.88	5.55	5.55	0.062㈢	    67.30	1783735808	  1.37	       1019.07亿	北京	5.34	5.39	1636650	1672099	  0.98	5.55	7325	  3.01	
600495	晋西车轴	3.83	0.18	运输设备	1209	5.20	--  	5.43	623494	6936	          5.16	9.20	5.68	5.42	0.033㈢	   123.30	336629728	  1.37	         65.48亿	山西	5.27	5.40	278984	344509	  0.81	5.42	2511	  2.71	
601106	中国一重	3.56	0.49	工程机械	3726	4.00	--  	4.08	2021808	27375	          3.09	7.12	4.28	4.07	0.015㈢	   203.49	834156416	  1.42	        266.10亿	黑龙江	4.01	4.13	967712	1054095	  0.92	4.07	7919	  2.44	
300024	机器人	3.35	0.17	专用机械	1010	17.00	--  	17.27	471214	3640	          3.11	4.49	17.75	17.27	0.211㈢	    61.38	820223168	  1.32	        261.40亿	辽宁	17.25	17.41	245281	225932	  1.09	17.26	2681	  0.99	
600406	国电南瑞	3.29	0.00	软件服务	490	18.90	--  	19.17	531743	3514	          2.08	3.99	19.64	19.17	0.520㈢	    28.46	1026720576	  1.40	        489.45亿	江苏	18.90	19.31	299738	232004	  1.29	19.16	177	  2.17	
600468	百利电气	3.28	0.34	电气设备	1096	5.80	--  	6.00	115267	664	          1.42	4.66	6.07	5.99	0.058㈢	    78.06	68699904	  1.19	         48.59亿	天津	5.81	5.96	57441	57826	  0.99	5.99	685	  2.15	
600501	航天晨光	2.95	0.39	汽车配件	658	7.46	--  	7.69	146308	1015	          3.47	4.02	7.76	7.69	-0.156㈢	--  	112055144	  1.13	         32.40亿	江苏	7.48	7.66	68948	77360	  0.89	7.68	1027	  1.82	
000410	沈阳机床	2.64	0.12	机床制造	2932	8.13	--  	8.56	449612	5028	          6.07	12.47	9.17	8.56	-0.229㈢	--  	388662176	  1.21	         63.37亿	辽宁	8.36	8.64	234882	214730	  1.09	8.55	55	  0.27	
000880	潍柴重机	2.63	0.67	机械基件	377	8.76	--  	8.99	55361	638	          4.10	4.00	9.11	8.99	0.220㈢	    30.62	49210640	  1.31	         12.15亿	山东	8.77	8.89	26742	28618	  0.93	8.96	1617	  0.26	
601222	林洋能源	2.14	0.00	电器仪表	1084	5.58	--  	5.74	564178	10003	          3.23	3.03	5.75	5.73	0.370㈢	    11.72	319814688	  1.16	        100.21亿	江苏	5.62	5.67	283438	280739	  1.01	5.73	5558	  1.02	
600765	中航重机	2.12	-0.09	机械基件	305	9.92	--  	10.11	218580	2031	          2.81	3.33	10.25	10.11	0.428㈣	    23.61	219805088	  0.85	         78.66亿	贵州	9.92	10.06	114350	104230	  1.10	10.10	1168	  1.00	
300161	华中数控	2.08	-0.06	机床制造	443	13.33	--  	13.72	58701	616	          3.50	4.09	13.88	13.72	-0.342㈢	--  	80041328	  1.14	         23.04亿	湖北	13.51	13.64	26147	32553	  0.80	13.71	15	 -0.28	
600169	太原重工	2.05	1.36	工程机械	319	2.89	--  	2.99	825518	6420	          3.22	6.48	3.08	2.99	0.003㈢	   881.13	246271920	  1.28	         76.66亿	山西	2.93	2.98	407902	417616	  0.98	2.98	2366	  0.93	
000768	中航飞机	1.97	0.55	航空	1179	16.20	--  	16.56	386173	4456	          1.39	3.26	16.73	16.56	0.084㈢	   148.02	635702144	  1.05	        458.48亿	陕西	16.37	16.46	180011	206161	  0.87	16.55	625	 -0.39	
000617	中油资本	1.96	0.30	多元金融	243	13.14	--  	13.54	132521	726	          4.61	8.21	14.23	13.53	0.638㈢	    15.90	180336160	  1.23	         38.90亿	山东	13.30	13.61	65959	66562	  0.99	13.53	32	 -0.41	
600150	*ST船舶	1.92	-0.37	船舶	1495	15.50	--  	15.90	260072	3482	          1.89	4.43	16.19	15.89	0.225㈢	    53.03	411588256	  1.46	        218.98亿	上海	15.86	15.83	159174	100897	  1.58	15.89	289	  0.80	
000157	中联重科	1.89	-0.22	工程机械	5505	4.23	--  	4.32	809602	4652	          1.29	4.26	4.41	4.31	0.170㈢	    19.37	351305440	  1.69	        271.17亿	湖南	4.24	4.34	342897	466705	  0.73	4.31	1844	 -0.47	
600316	洪都航空	1.87	0.37	航空	538	13.28	--  	13.61	303143	2987	          4.23	5.17	13.97	13.60	-0.108㈢	--  	411659040	  1.05	         97.53亿	江西	13.45	13.58	149075	154067	  0.97	13.60	124	  0.75	
600499	科达洁能	1.85	0.36	专用机械	490	5.40	--  	5.50	260498	765	          1.85	4.26	5.63	5.50	0.200㈢	    20.59	144257424	  1.26	         77.63亿	广东	5.47	5.54	119810	140687	  0.85	5.49	1447	  0.73	
601002	晋亿实业	1.82	0.14	机械基件	4081	7.11	--  	7.28	456213	4338	          5.76	5.31	7.49	7.28	0.151㈢	    36.21	330953504	  1.09	         57.71亿	浙江	7.19	7.25	224679	231533	  0.97	7.27	146	  0.70	
300152	科融环境	1.81	1.44	环境保护	6280	2.66	--  	2.82	1080780	11363	         15.16	7.94	2.88	2.82	-0.367㈢	--  	303016800	  1.10	         20.10亿	江苏	2.66	2.80	545920	534859	  1.02	2.81	3049	 -0.56	
601727	上海电气	1.77	0.70	电气设备	2229	5.66	--  	5.75	503091	5437	          0.50	3.37	5.85	5.74	0.150㈢	    29.22	289067456	  1.25	        573.44亿	上海	5.72	5.75	274692	228399	  1.20	5.74	1901	  0.65	
600435	北方导航	1.72	0.64	专用机械	3629	9.25	--  	9.47	568731	7782	          3.82	4.19	9.64	9.46	0.003㈢	  2623.64	536396320	  1.05	        140.89亿	北京	9.32	9.43	292945	275785	  1.06	9.46	372	  0.60	
600990	四创电子	1.71	0.02	通信设备	43	42.61	--  	43.33	25162	128	          1.84	3.52	44.11	43.32	-0.030㈢	--  	109372512	  1.03	         59.22亿	安徽	42.61	43.47	11780	13382	  0.88	43.32	3	  0.59	
601877	正泰电器	1.70	0.11	电气设备	42	25.73	--  	26.30	179721	2032	          1.03	3.33	26.59	26.30	1.297㈢	    15.21	471170528	  0.91	        456.88亿	浙江	26.03	26.22	83737	95983	  0.87	26.29	2490	  0.58	
601369	陕鼓动力	1.66	0.00	机械基件	209	6.61	--  	6.73	79298	555	          0.48	3.17	6.82	6.73	0.228㈢	    22.15	53361204	  1.18	        110.29亿	陕西	6.67	6.73	34052	45246	  0.75	6.72	322	  0.54	
002487	大金重工	1.63	0.00	钢加工	2183	4.74	--  	5.00	328111	3501	          6.08	9.55	5.21	5.00	0.080㈢	    44.62	163752320	  1.19	         27.00亿	辽宁	4.76	4.99	159827	168284	  0.95	4.99	863	 -0.74	
600112	天成控股	1.56	0.22	电气设备	1127	4.43	--  	4.56	461584	3927	          9.06	4.69	4.64	4.55	0.160㈢	    21.36	209144384	  1.05	         23.17亿	贵州	4.53	4.53	235147	226437	  1.04	4.55	980	  0.44	
600893	航发动力	1.55	0.28	航空	187	25.12	--  	25.52	207019	2702	          1.06	3.34	25.96	25.51	0.289㈢	    66.17	529844000	  1.06	        496.87亿	陕西	25.20	25.59	94008	113010	  0.83	25.51	304	  0.43	
002459	天业通联	1.55	0.48	工程机械	1000	12.20	--  	12.44	105225	1385	          2.72	3.10	12.58	12.44	0.035㈢	   269.80	130542944	  0.79	         48.14亿	河北	12.22	12.41	53051	52174	  1.02	12.43	531	 -0.81	
600582	天地科技	1.55	0.26	工程机械	944	3.89	--  	3.93	444331	587	          1.07	2.84	4.00	3.93	0.164㈢	    17.98	175171632	  1.18	        162.65亿	北京	3.89	3.94	213254	231077	  0.92	3.92	794	  0.43	
600875	东方电气	1.53	0.81	电气设备	20	9.83	--  	9.97	246516	2319	          1.23	3.16	10.14	9.97	0.291㈢	    25.67	246571072	  1.17	        199.09亿	四川	9.86	10.00	127214	119302	  1.07	9.96	887	  0.41	
002151	北斗星通	1.53	0.20	通信设备	24	25.05	--  	25.28	187115	1528	          6.46	2.93	25.78	25.27	0.105㈢	   181.34	474751200	  0.96	         73.18亿	北京	25.05	25.37	88325	98790	  0.89	25.27	72	 -0.84	
000738	航发控制	1.51	0.61	航空	372	14.55	--  	14.83	193228	1993	          1.69	3.22	15.02	14.83	0.204㈢	    54.60	286161600	  1.17	        169.90亿	江苏	14.75	14.81	101228	91999	  1.10	14.82	381	 -0.86	
600967	内蒙一机	1.45	0.59	运输设备	2838	11.66	--  	11.88	350816	3913	          3.65	3.50	12.07	11.87	0.207㈢	    43.06	416756672	  1.12	        114.01亿	内蒙	11.77	11.88	193684	157132	  1.23	11.87	505	  0.33	
600391	航发科技	1.39	0.41	航空	243	14.29	--  	14.61	154034	1379	          4.67	3.54	14.80	14.60	-0.234㈢	--  	224242400	  1.01	         48.20亿	四川	14.52	14.56	80390	73644	  1.09	14.60	108	  0.27	
600343	航天动力	1.32	0.60	航空	400	9.85	--  	10.00	213507	3704	          3.35	3.25	10.17	9.99	0.016㈢	   480.60	213127616	  0.91	         63.76亿	陕西	10.00	9.98	108778	104729	  1.04	9.99	453	  0.20	
300320	海达股份	1.31	0.00	橡胶	757	5.93	--  	6.17	502354	9119	         11.09	9.20	6.49	6.17	0.220㈢	    22.80	313638016	  3.81	         27.95亿	江苏	6.09	6.24	231487	270867	  0.85	6.16	402	 -1.05	
600118	中国卫星	1.30	-0.17	航空	451	22.29	--  	22.60	216563	2126	          1.83	3.54	23.08	22.59	0.227㈢	    74.50	491127360	  0.93	        267.12亿	北京	22.53	22.68	103963	112600	  0.92	22.59	522	  0.18	
600372	中航电子	1.27	0.48	航空	679	16.44	--  	16.77	172587	1509	          0.98	3.38	17.00	16.76	0.140㈢	    89.33	288790048	  1.05	        294.84亿	北京	16.58	16.73	92256	80330	  1.15	16.76	655	  0.15	
601766	中国中车	1.26	0.31	运输设备	4915	9.55	--  	9.63	2041510	29664	          0.89	2.94	9.83	9.63	0.262㈢	    27.52	1973012480	  1.22	       2206.97亿	北京	9.55	9.66	997171	1044339	  0.95	9.62	3196	  0.14	
600184	光电股份	1.25	0.71	专用机械	28	11.18	--  	11.32	62105	1015	          1.22	2.59	11.47	11.32	0.088㈢	    96.68	70344744	  0.97	         57.59亿	湖北	11.23	11.33	32852	29253	  1.12	11.31	6	  0.13	
601179	中国西电	1.19	0.47	电气设备	251	4.20	--  	4.24	340933	1266	          0.67	3.58	4.35	4.24	0.049㈢	    64.87	145793872	  1.25	        217.34亿	陕西	4.22	4.28	176319	164614	  1.07	4.23	187	  0.07	
002483	润邦股份	1.15	0.69	工程机械	337	4.32	--  	4.39	145594	987	          2.17	3.00	4.45	4.39	0.098㈢	    33.67	63861004	  0.97	         29.47亿	江苏	4.35	4.39	66783	78811	  0.85	4.38	473	 -1.21	
600841	上柴股份	1.09	0.24	机械基件	334	8.26	--  	8.35	56497	1240	          1.08	2.55	8.47	8.34	0.133㈢	    47.17	47271184	  0.95	         43.53亿	上海	8.26	8.37	30224	26273	  1.15	8.34	217	 -0.03	
600879	航天电子	1.06	0.30	航空	5721	6.62	--  	6.71	685643	5691	          2.84	2.71	6.80	6.70	0.126㈢	    39.89	460128288	  1.07	        161.69亿	湖北	6.68	6.71	351287	334355	  1.05	6.70	1617	 -0.07	
601218	吉鑫科技	1.03	0.00	机械基件	234	2.90	--  	2.95	419391	6246	          4.23	5.50	3.06	2.94	-0.088㈢	--  	124884872	  0.93	         29.16亿	江苏	2.90	2.98	203767	215624	  0.95	2.94	5262	 -0.09	
600475	华光股份	1.01	0.00	专用机械	151	9.85	--  	9.97	75837	1053	          5.40	3.14	10.16	9.96	0.584㈢	    12.80	75758368	  1.05	         13.99亿	江苏	9.85	9.99	40553	35284	  1.15	9.96	144	 -0.11	
002535	林州重机	1.01	0.50	工程机械	831	3.95	--  	3.99	223794	1679	          3.79	2.03	4.03	3.99	0.092㈢	    32.60	89302904	  0.94	         23.56亿	河南	3.98	3.99	99518	124275	  0.80	3.98	1447	 -1.35	
000852	石化机械	0.96	-0.11	化工机械	557	8.30	--  	8.44	224367	2487	          3.75	5.03	8.72	8.43	-0.061㈢	--  	189890496	  1.34	         50.42亿	湖北	8.38	8.46	121856	102510	  1.19	8.43	580	 -1.41	
600268	国电南自	0.80	0.20	电气设备	219	5.00	--  	5.05	166630	857	          2.62	3.00	5.15	5.04	-0.034㈢	--  	84527616	  0.98	         32.02亿	江苏	5.00	5.07	80784	85846	  0.94	5.04	757	 -0.32	
600855	航天长峰	0.79	-0.20	专用机械	34	13.80	--  	13.97	184244	2108	          5.58	3.90	14.34	13.97	0.028㈢	   369.97	259394736	  0.85	         46.12亿	北京	13.86	14.08	100616	83628	  1.20	13.96	422	 -0.33	
600869	智慧能源	0.76	0.00	电气设备	1136	5.28	--  	5.32	225017	2019	          1.01	2.27	5.40	5.32	0.134㈢	    29.72	120244856	  0.90	        118.07亿	青海	5.30	5.34	111829	113188	  0.99	5.31	657	 -0.36	
600320	振华重工	0.72	0.00	工程机械	2907	4.06	--  	4.19	587843	3910	          1.77	4.57	4.25	4.19	0.037㈢	    84.93	244580960	  1.40	        139.19亿	上海	4.17	4.16	300862	286981	  1.05	4.18	4163	 -0.40	
600517	置信电气	0.71	0.23	电气设备	453	4.22	--  	4.29	196823	756	          1.58	3.53	4.37	4.28	-0.111㈢	--  	84709216	  0.79	         53.27亿	上海	4.25	4.30	98834	97989	  1.01	4.28	1928	 -0.42	
600110	诺德股份	0.63	0.21	电气设备	4572	4.74	--  	4.80	648849	9334	          5.64	5.03	4.98	4.80	0.053㈢	    68.13	313533440	  1.60	         55.21亿	吉林	4.79	4.83	322666	326182	  0.99	4.79	2394	 -0.49	
601808	中海油服	0.61	0.20	石油开采	770	9.83	--  	9.90	146551	833	          0.50	1.73	10.00	9.90	-0.058㈢	--  	144956272	  0.95	        293.09亿	天津	9.83	9.89	77599	68951	  1.13	9.89	973	 -0.51	
600416	湘电股份	0.57	0.85	电气设备	214	6.91	--  	7.11	200722	3150	          2.28	4.81	7.25	7.11	-0.454㈢	--  	141667504	  0.97	         62.67亿	湖南	7.06	7.06	125872	74849	  1.68	7.10	490	 -0.56	
600038	中直股份	0.51	0.00	航空	1379	47.03	--  	47.20	85091	1052	          1.44	3.13	48.50	47.19	0.510㈢	    68.12	406247456	  1.05	        278.17亿	黑龙江	47.13	47.74	38322	46769	  0.82	47.19	51	 -0.61	
601717	郑煤机	0.49	0.00	工程机械	154	6.08	--  	6.15	316525	961	          2.13	2.62	6.24	6.14	0.396㈢	    11.64	194911968	  1.18	         91.06亿	河南	6.16	6.16	161083	155441	  1.04	6.14	433	 -0.63	
601126	四方股份	0.48	0.00	电气设备	685	6.16	--  	6.24	91739	369	          1.13	2.90	6.34	6.23	0.178㈢	    26.31	57369336	  0.96	         50.66亿	北京	6.21	6.25	43231	48507	  0.89	6.23	1363	 -0.64	
000039	中集集团	0.37	0.22	轻工机械	425	13.42	--  	13.50	266106	1674	          2.10	3.49	13.89	13.50	0.760㈢	    13.04	363051840	  1.23	        171.17亿	深圳	13.62	13.64	136662	129443	  1.06	13.49	2784	 -1.99	
002111	威海广泰	0.32	0.32	航空	1445	12.38	--  	12.52	59504	481	          1.76	3.04	12.76	12.52	0.467㈢	    20.09	75070184	  0.95	         42.31亿	山东	12.59	12.62	32323	27181	  1.19	12.51	12	 -2.04	
600761	安徽合力	0.29	-0.09	工程机械	628	10.34	--  	10.39	157549	1160	          2.13	3.09	10.66	10.38	0.601㈢	    12.96	165657104	  1.29	         76.83亿	安徽	10.40	10.51	86541	71007	  1.22	10.38	29	 -0.83	
600089	特变电工	0.25	0.13	电气设备	3640	7.94	--  	7.97	759875	4508	          2.05	2.39	8.13	7.96	0.522㈢	    11.44	610764800	  1.28	        295.66亿	新疆	8.00	8.04	403753	356122	  1.13	7.96	1892	 -0.87	
601908	京运通	0.24	0.00	电气设备	848	4.11	--  	4.13	324262	2412	          1.63	2.68	4.22	4.12	0.240㈢	    12.85	134633040	  0.95	         82.11亿	北京	4.12	4.15	163296	160966	  1.01	4.12	2096	 -0.88	
002248	华东数控	0.20	0.10	机床制造	411	10.03	--  	10.14	46376	311	          1.56	4.06	10.44	10.13	-0.548㈢	--  	47324208	  0.82	         30.05亿	山东	10.12	10.20	23797	22579	  1.05	10.13	174	 -2.17	
002529	海源复材	0.12	0.12	专用机械	821	7.98	--  	8.11	134521	1793	          6.73	3.96	8.30	8.10	0.024㈢	   255.60	109488784	  1.21	         16.20亿	福建	8.09	8.14	73183	61338	  1.19	8.10	181	 -2.24	
600815	厦工股份	0.00	0.00	工程机械	3602	3.40	--  	3.46	175672	787	          1.83	4.64	3.56	3.45	-0.111㈢	--  	61334192	  0.59	         33.08亿	福建	3.40	3.49	89837	85835	  1.05	3.45	559	 -1.12	
300185	通裕重工	0.00	0.47	工程机械	16414	2.12	--  	2.17	1817430	25494	          6.63	5.09	2.23	2.16	0.048㈢	    33.87	393855616	  1.03	         59.21亿	山东	2.13	2.17	851174	966256	  0.88	2.16	10804	 -2.36	
002353	杰瑞股份	0.00	0.10	化工机械	238	19.88	--  	20.00	137877	610	          2.05	2.70	20.42	20.00	0.379㈢	    39.61	277303488	  1.17	        134.60亿	山东	20.08	20.11	64222	73654	  0.87	19.99	295	 -2.36	
600583	海油工程	-0.16	0.16	石油开采	1574	6.03	--  	6.09	390178	4612	          0.88	1.80	6.14	6.09	-0.032㈢	--  	237209504	  1.35	        269.26亿	天津	6.08	6.08	213780	176397	  1.21	6.08	685	 -1.29	
600580	卧龙电气	-0.53	0.13	电气设备	360	7.42	--  	7.48	177064	3243	          1.37	3.46	7.68	7.48	0.345㈢	    16.28	134131424	  1.54	         96.41亿	浙江	7.56	7.58	89375	87689	  1.02	7.47	441	 -1.65	
600312	平高电气	-0.88	0.00	电气设备	2113	8.98	--  	9.04	328486	2647	          2.42	4.71	9.41	9.04	0.002㈢	  4100.70	302765696	  1.33	        122.67亿	河南	9.19	9.22	164206	164280	  1.00	9.03	468	 -2.00	
数据来源:通达信
