代码	名称	涨幅%%	涨速%%	细分行业	买量	最低	未匹配量	卖价	总量	现量	换手%%	振幅%%	最高	现价	每股收益	市盈(动)	总金额	量比	流通市值	地区	今开	均价	内盘	外盘	内外比	买价	卖量	强弱度%%	
601212	白银有色	10.00	0.00	铜	67047	3.66	--  	--  	520258	2723	          2.65	8.33	3.96	3.96	-0.035㈢	--  	201867216	  1.17	         77.80亿	甘肃	3.68	3.88	314098	206160	  1.52	3.96	0	  8.88	
600766	园城黄金	9.95	0.00	黄金	15780	8.53	--  	--  	474130	2728	         21.17	12.36	9.61	9.61	0.003㈢	  2522.42	435165984	  1.45	         21.52亿	山东	8.56	9.18	201201	272929	  0.74	9.61	0	  8.83	
600086	东方金钰	9.94	0.00	服饰	20374	4.80	--  	--  	1508841	23234	         14.28	12.58	5.42	5.42	-0.053㈢	--  	778561728	  1.04	         57.28亿	湖北	4.88	5.16	724312	784529	  0.92	5.42	0	  8.82	
600311	荣华实业	7.99	0.51	黄金	3787	3.57	--  	3.92	669498	13478	         10.06	10.47	3.95	3.92	-0.085㈢	--  	251223824	  1.68	         26.09亿	甘肃	3.60	3.75	297601	371896	  0.80	3.91	3738	  6.87	
600531	豫光金铅	3.71	0.18	铅锌	2495	5.46	--  	5.60	383485	4219	          3.52	6.12	5.79	5.59	0.029㈢	   146.05	215326320	  0.68	         60.94亿	河南	5.46	5.61	178579	204905	  0.87	5.59	2215	  2.59	
002716	金贵银业	3.68	0.87	小金属	4928	7.66	--  	8.17	895486	20633	         16.51	6.35	8.16	8.16	0.340㈢	    28.05	712157184	  1.17	         44.26亿	湖南	7.70	7.95	425524	469962	  0.91	8.16	438	  1.32	
000426	兴业矿业	2.77	0.45	铅锌	605	6.42	--  	6.68	935369	13135	          7.03	4.77	6.73	6.68	0.304㈢	    16.51	616447808	  0.64	         88.87亿	内蒙	6.50	6.59	461636	473733	  0.97	6.67	1725	  0.40	
600687	刚泰控股	2.75	0.21	黄金	6777	4.67	--  	4.86	610209	8781	          4.10	5.51	4.93	4.85	0.031㈢	   115.63	293344288	  0.92	         72.20亿	甘肃	4.68	4.81	298862	311347	  0.96	4.85	3912	  1.63	
600655	豫园股份	2.71	0.58	百货	1128	8.49	--  	8.72	205643	1722	          1.43	4.25	8.85	8.71	0.330㈢	    22.24	178680784	  1.58	        125.19亿	上海	8.52	8.69	93978	111664	  0.84	8.71	335	  1.59	
600490	鹏欣资源	2.48	0.70	铜	6587	5.62	--  	5.79	712271	9125	          4.78	4.96	5.90	5.78	0.150㈢	    30.71	409313440	  0.95	         86.20亿	上海	5.65	5.75	322529	389741	  0.83	5.78	2924	  1.36	
600489	中金黄金	2.42	0.23	黄金	1981	8.51	--  	8.88	788859	13824	          2.29	4.73	8.92	8.87	0.056㈢	   119.71	687226944	  1.39	        306.12亿	北京	8.52	8.71	376744	412115	  0.91	8.87	4200	  1.30	
600988	赤峰黄金	2.28	0.22	黄金	6739	4.32	--  	4.48	637999	8252	          4.47	4.11	4.50	4.48	0.059㈢	    56.58	281863200	  1.20	         63.90亿	内蒙	4.33	4.42	288434	349564	  0.83	4.47	4762	  1.16	
600612	老凤祥	2.24	0.19	服饰	126	40.70	--  	42.00	38714	502	          1.22	3.26	42.04	42.00	1.888㈢	    16.68	161184816	  1.44	        133.19亿	上海	40.93	41.63	19654	19060	  1.03	41.99	119	  1.12	
601069	西部黄金	2.16	0.07	黄金	2685	14.55	--  	15.13	235480	2737	          3.70	4.32	15.19	15.12	-0.052㈢	--  	352328032	  1.05	         96.16亿	新疆	14.61	14.96	107504	127975	  0.84	15.12	473	  1.04	
000975	银泰资源	2.14	0.27	铅锌	352	10.48	--  	10.98	272841	1497	          2.22	5.12	11.03	10.98	0.242㈢	    34.07	296473152	  1.02	        134.92亿	内蒙	10.50	10.87	139923	132917	  1.05	10.97	3	 -0.22	
002155	湖南黄金	2.04	0.24	黄金	2180	8.18	--  	8.52	381768	4984	          3.18	4.20	8.53	8.51	0.149㈢	    42.81	319952448	  1.24	        102.28亿	湖南	8.20	8.38	182853	198915	  0.92	8.51	1206	 -0.33	
000587	金洲慈航	1.95	0.32	批发业	6817	3.04	--  	3.14	1030344	7178	          8.49	5.86	3.22	3.13	-0.079㈢	--  	322735840	  0.91	         37.97亿	黑龙江	3.05	3.13	459423	570920	  0.80	3.13	5347	 -0.41	
002574	明牌珠宝	1.94	0.00	服饰	375	5.67	--  	5.79	130285	1321	          2.47	3.00	5.84	5.78	0.161㈢	    26.93	74933424	  1.52	         30.52亿	浙江	5.68	5.75	55547	74737	  0.74	5.78	509	 -0.42	
600547	山东黄金	1.60	0.00	黄金	1422	31.70	--  	32.96	494147	6244	          3.40	3.92	32.97	32.95	0.410㈢	    71.04	1597140224	  1.60	        478.27亿	山东	31.80	32.32	229423	264723	  0.87	32.95	640	  0.48	
600824	益民集团	1.54	0.00	百货	255	3.92	--  	3.96	109152	660	          1.04	2.56	4.02	3.96	0.115㈢	    25.77	43338276	  1.03	         41.74亿	上海	3.92	3.97	57496	51656	  1.11	3.95	754	  0.42	
600385	山东金泰	1.47	-0.09	黄金	84	10.03	--  	10.37	26105	725	          1.83	4.51	10.49	10.36	-0.050㈢	--  	26903494	  1.16	         14.79亿	山东	10.27	10.31	13275	12830	  1.03	10.36	50	  0.35	
002731	萃华珠宝	1.38	0.00	服饰	107	19.53	--  	19.79	14912	126	          1.16	1.64	19.85	19.78	0.205㈢	    72.36	29371678	  0.91	         25.44亿	辽宁	19.58	19.70	8110	6801	  1.19	19.78	101	 -0.98	
600711	盛屯矿业	1.33	0.16	小金属	5298	6.02	--  	6.09	1021427	10091	          6.82	3.49	6.23	6.09	0.290㈢	    17.77	624745728	  0.98	         91.17亿	福建	6.04	6.12	501805	519622	  0.97	6.08	635	  0.21	
002867	周大生	1.23	0.10	服饰	40	30.06	--  	30.42	35146	114	          2.16	2.33	30.76	30.42	1.230㈢	    18.69	107119512	  1.13	         49.61亿	深圳	30.07	30.48	15429	19717	  0.78	30.41	57	 -1.13	
300139	晓程科技	1.21	0.12	元器件	1006	8.25	--  	8.35	214554	1708	         10.10	3.64	8.55	8.35	0.080㈢	    78.52	180435408	  0.87	         17.74亿	北京	8.26	8.41	106720	107833	  0.99	8.34	592	 -1.15	
600891	秋林集团	1.07	0.18	百货	2610	5.55	--  	5.70	362332	8810	          9.43	3.02	5.72	5.69	0.090㈢	    47.46	204603424	  0.76	         21.86亿	黑龙江	5.63	5.65	180425	181907	  0.99	5.69	5892	 -0.06	
000593	大通燃气	1.01	0.00	供气供热	117	6.81	--  	6.98	146474	1231	          5.24	3.19	7.03	6.97	0.048㈢	   107.89	101852240	  1.00	         19.50亿	四川	6.81	6.95	76122	70351	  1.08	6.97	811	 -1.35	
002345	潮宏基	0.81	0.20	服饰	856	4.95	--  	4.99	186148	1756	          2.12	2.02	5.05	4.99	0.252㈢	    14.88	92996080	  0.95	         43.82亿	广东	4.95	5.00	91892	94256	  0.97	4.98	681	 -1.56	
002721	金一文化	0.47	0.15	服饰	1895	6.40	--  	6.47	238934	2767	          3.98	3.88	6.65	6.47	0.013㈢	   384.62	155427696	  0.88	         38.82亿	北京	6.42	6.51	114541	124392	  0.92	6.46	88	 -1.90	
601899	紫金矿业	0.00	0.28	黄金	4175	3.58	--  	3.64	2971074	24648	          1.76	3.58	3.71	3.63	0.146㈢	    18.70	1082746496	  1.14	        612.59亿	福建	3.62	3.64	1407299	1563774	  0.90	3.63	13804	 -1.12	
002237	恒邦股份	--  	--  	黄金	0	--  	--  	--  	0	0	          0.00	0.00	--  	10.00	0.322㈢	    23.28	0	  0.00	         85.17亿	山东	--  	10.00	0	0	--  	--  	0	 -2.36	
002102	ST冠福	-0.53	0.00	化学制药	29703	1.87	--  	1.88	712591	6949	          3.58	2.65	1.92	1.88	0.149㈢	     9.45	134547264	  1.17	         37.44亿	福建	1.88	1.89	400985	311606	  1.29	1.87	3803	 -2.89	
600807	*ST天业	-1.93	0.00	区域地产	6605	4.54	--  	4.57	260234	2312	          3.31	4.51	4.75	4.57	-1.160㈢	--  	120243560	  1.30	         35.97亿	山东	4.74	4.62	147689	112544	  1.31	4.56	1584	 -3.05	
数据来源:通达信
